File: C:\MED-PC\Data\2019-09-27_12h44m_Subject 19009.txt


Start Date: 09/27/19
End Date: 09/27/19
Subject: 19009
Experiment: fr8
Group: 1
Box: 1
Start Time: 12:44:29
End Time: 13:44:36
MSN: FR8 8p TTLforROItoAnymaze
B:   8.000
F:   0.000
H: 291.000
L: 2270.000
R: 179.000
U:  34.000
V: 583.000
A:
     0:    0.000    1.000
C:
     0: 6439.000 6453.000 6519.000 6539.000 6554.000
     5: 6589.000 6614.000 6636.000 6668.000 7585.000
    10: 7597.000 7630.000 7652.000 7671.000 7716.000
    15: 7735.000 7758.000 7783.000 9477.000 9491.000
    20: 9538.000 9561.000 9591.000 9608.000 9627.000
    25: 9653.000 9691.000 10446.000 10479.000 10491.000
    30: 10522.000 10614.000 10631.000 10657.000 10676.000
    35: 10703.000 10773.000 10809.000 10901.000 10921.000
    40: 11015.000 11036.000 12078.000 12097.000 12117.000
    45: 12128.000 12165.000 12182.000 12216.000 12227.000
    50: 12242.000 12972.000 13061.000 13125.000 13212.000
    55: 13329.000 13336.000 13489.000 13506.000 13528.000
    60: 13540.000 13561.000 13590.000 13612.000 13619.000
    65: 13627.000 13647.000 14535.000 14608.000 14666.000
    70: 14687.000 14793.000 14820.000 14915.000 14989.000
    75: 15023.000 15051.000 15076.000 15109.000 15898.000
    80: 15909.000 15927.000 15933.000 15959.000 15981.000
    85: 16004.000 16062.000 16873.000 16898.000 16935.000
    90: 16964.000 16981.000 17011.000 17029.000 17047.000
    95: 17072.000 17923.000 17943.000 17971.000 18123.000
   100: 18264.000 18328.000 18887.000 18899.000 18928.000
   105: 18948.000 18970.000 18993.000 19041.000 19067.000
   110: 19090.000 19103.000 19155.000 19166.000 19848.000
   115: 19871.000 19901.000 19928.000 19950.000 19965.000
   120: 20016.000 20049.000 20067.000 20092.000 20819.000
   125: 20922.000 20945.000 21013.000 21037.000 21892.000
   130: 21910.000 21926.000 21967.000 21988.000 22009.000
   135: 22052.000 22069.000 22092.000 22794.000 22808.000
   140: 22832.000 22863.000 22883.000 22908.000 22929.000
   145: 22976.000 22994.000 23766.000 23779.000 23828.000
   150: 24644.000 24673.000 24695.000 24716.000 24740.000
   155: 24765.000 24790.000 24811.000 24831.000 24891.000
   160: 25587.000 25590.000 25607.000 25645.000 25672.000
   165: 25678.000 25744.000 26388.000 26400.000 26424.000
   170: 26459.000 26519.000 26559.000 26583.000 26603.000
   175: 27265.000 27298.000 27330.000 27354.000 27373.000
   180: 27403.000 27421.000 27801.000 27816.000 27845.000
   185: 27870.000 27891.000 27916.000 27940.000 27965.000
   190: 27996.000 28011.000 28028.000 28665.000 28685.000
   195: 28706.000 28738.000 28751.000 28771.000 28795.000
   200: 28843.000 29644.000 29672.000 29738.000 30247.000
   205: 30296.000 30315.000 30346.000 30367.000 30411.000
   210: 30436.000 30457.000 31580.000 31593.000 31616.000
   215: 31636.000 31654.000 31712.000 31734.000 31778.000
   220: 32487.000 32503.000 32526.000 32562.000 32581.000
   225: 32601.000 32630.000 32659.000 32674.000 33490.000
   230: 33519.000 33670.000 33767.000 33854.000 33899.000
   235: 34464.000 34479.000 34500.000 34520.000 34534.000
   240: 34557.000 34580.000 34603.000 34627.000 34651.000
   245: 34696.000 35302.000 35316.000 35332.000 35350.000
   250: 35383.000 35408.000 35428.000 35438.000 35454.000
   255: 36156.000 36174.000 36199.000 36223.000 36244.000
   260: 36266.000 36281.000 36314.000 36327.000 36362.000
   265: 37075.000 37104.000 37120.000 37133.000 37152.000
   270: 37176.000 37197.000 37216.000 37903.000 37927.000
   275: 37950.000 37976.000 38012.000 38031.000 38053.000
   280: 38073.000 38086.000 38115.000 38765.000 38792.000
   285: 38820.000 38834.000 38856.000 38884.000 38913.000
   290: 38925.000 38960.000 39698.000 39894.000 40011.000
   295: 40105.000 40213.000 40279.000 40341.000 40838.000
   300: 40853.000 40885.000 40899.000 40917.000 40938.000
   305: 40980.000 41003.000 41019.000 41050.000 41737.000
   310: 41775.000 41826.000 41922.000 41924.000 42527.000
   315: 42543.000 42569.000 42607.000 42622.000 42641.000
   320: 42665.000 42681.000 42699.000 42725.000 42740.000
   325: 42755.000 42767.000 42783.000 43361.000 43383.000
   330: 43402.000 43424.000 43442.000 43466.000 43490.000
   335: 43505.000 43519.000 43537.000 43557.000 43577.000
   340: 43596.000 43618.000 44339.000 44359.000 44383.000
   345: 44407.000 44420.000 44439.000 44467.000 44481.000
   350: 44492.000 44508.000 44524.000 44543.000 45255.000
   355: 45270.000 45289.000 45308.000 45327.000 45353.000
   360: 45376.000 45838.000 45859.000 45892.000 45902.000
   365: 45928.000 45942.000 45968.000 46672.000 46688.000
   370: 46719.000 46737.000 46754.000 46800.000 46821.000
   375: 46840.000 46881.000 47506.000 47519.000 47544.000
   380: 47572.000 47591.000 47608.000 47629.000 47640.000
   385: 47660.000 48270.000 48290.000 48321.000 48336.000
   390: 48357.000 48386.000 48404.000 48441.000 48455.000
   395: 49053.000 49076.000 49108.000 49133.000 49149.000
   400: 49168.000 49211.000 49247.000 49270.000 50004.000
   405: 50019.000 50040.000 50060.000 50079.000 50100.000
   410: 50126.000 50171.000 50230.000 50243.000 50287.000
   415: 50947.000 50967.000 50988.000 51008.000 51027.000
   420: 51035.000 51058.000 51082.000 51105.000 51139.000
   425: 51143.000 51162.000 51892.000 51917.000 51937.000
   430: 51951.000 51995.000 52024.000 52061.000 52075.000
   435: 53865.000 53876.000 53896.000 53916.000 53942.000
   440: 53967.000 53985.000 54013.000 54030.000 54042.000
   445: 54069.000 54088.000 54104.000 54125.000 54164.000
   450: 54182.000 54796.000 54826.000 54846.000 54867.000
   455: 54884.000 54903.000 54930.000 54945.000 54966.000
   460: 55022.000 55606.000 55633.000 55655.000 55677.000
   465: 55710.000 55733.000 55760.000 55829.000 55843.000
   470: 57572.000 57591.000 57608.000 57634.000 57656.000
   475: 57688.000 57703.000 57722.000 57740.000 57756.000
   480: 57775.000 57794.000 57815.000 57841.000 57861.000
   485: 58413.000 58420.000 58438.000 58462.000 58480.000
   490: 58506.000 58529.000 58546.000 58566.000 58596.000
   495: 58612.000 58630.000 58648.000 59246.000 59264.000
   500: 59285.000 59302.000 59324.000 59351.000 59370.000
   505: 59386.000 59411.000 59431.000 59460.000 59481.000
   510: 59497.000 59513.000 59543.000 59554.000 60086.000
   515: 60095.000 60113.000 60136.000 60157.000 60178.000
   520: 60203.000 60238.000 60255.000 60289.000 60309.000
   525: 60329.000 60350.000 60374.000 61104.000 61120.000
   530: 61146.000 61168.000 61189.000 61213.000 61226.000
   535: 61249.000 61264.000 61310.000 61333.000 61350.000
   540: 62168.000 62198.000 62218.000 62240.000 62253.000
   545: 62272.000 62293.000 62313.000 62334.000 62348.000
   550: 62361.000 62369.000 62383.000 62410.000 62435.000
   555: 63865.000 63887.000 63909.000 63931.000 63950.000
   560: 63967.000 64029.000 64050.000 64069.000 64091.000
   565: 64105.000 64724.000 64732.000 64756.000 64776.000
   570: 64797.000 64814.000 64835.000 64858.000 64886.000
   575: 64914.000 64934.000 64956.000 64980.000 64993.000
   580: 65012.000 65684.000 65706.000 65746.000 65765.000
   585: 65782.000 65811.000 65828.000 65842.000 65865.000
   590: 65911.000 65926.000 65946.000 67278.000 67300.000
   595: 67320.000 67344.000 67369.000 67385.000 67406.000
   600: 67426.000 67450.000 67470.000 67487.000 67519.000
   605: 67538.000 67558.000 67573.000 68257.000 68270.000
   610: 68292.000 68318.000 68339.000 68354.000 68373.000
   615: 68402.000 68411.000 68425.000 68445.000 68487.000
   620: 69109.000 69125.000 69150.000 69169.000 69191.000
   625: 69217.000 69246.000 69263.000 69294.000 69314.000
   630: 69339.000 69366.000 69381.000 70048.000 70055.000
   635: 70079.000 70102.000 70124.000 70155.000 70173.000
   640: 70196.000 70218.000 70250.000 70272.000 70290.000
   645: 70328.000 70341.000 71076.000 71093.000 71126.000
   650: 71155.000 71172.000 71196.000 71229.000 71260.000
   655: 71308.000 71332.000 72161.000 72207.000 72225.000
   660: 72286.000 72322.000 72340.000 72371.000 72384.000
   665: 73137.000 73152.000 73177.000 73207.000 73225.000
   670: 73252.000 73281.000 73376.000 73400.000 74001.000
   675: 74023.000 74045.000 74071.000 74093.000 74117.000
   680: 74131.000 74174.000 74213.000 74853.000 74874.000
   685: 74901.000 74920.000 74957.000 74999.000 75018.000
   690: 75036.000 75064.000 75088.000 75988.000 75999.000
   695: 76036.000 76056.000 76078.000 76104.000 76125.000
   700: 76150.000 76163.000 76186.000 76214.000 76240.000
   705: 76888.000 76907.000 76934.000 76962.000 76982.000
   710: 76999.000 77022.000 77051.000 77081.000 77110.000
   715: 77140.000 77161.000 77796.000 77826.000 77852.000
   720: 77887.000 77904.000 77928.000 77960.000 78020.000
   725: 78064.000 78614.000 78636.000 78661.000 78730.000
   730: 78764.000 78788.000 78812.000 78835.000 78891.000
   735: 78900.000 79531.000 79580.000 79600.000 79659.000
   740: 79679.000 79816.000 79823.000 79845.000 79891.000
   745: 79935.000 79961.000 82058.000 82099.000 82124.000
   750: 82167.000 82821.000 82841.000 82866.000 82912.000
   755: 82989.000 83041.000 83462.000 83475.000 83503.000
   760: 83526.000 83546.000 83570.000 83603.000 83969.000
   765: 83981.000 84004.000 84023.000 84049.000 84110.000
   770: 84145.000 85489.000 85515.000 85591.000 85622.000
   775: 85637.000 86108.000 86129.000 86229.000 86248.000
   780: 86324.000 86363.000 86663.000 86691.000 86725.000
   785: 86790.000 86815.000 86867.000 86903.000 86924.000
   790: 86989.000 87009.000 87039.000 87069.000 87738.000
   795: 87750.000 87767.000 87792.000 87817.000 87923.000
   800: 87948.000 88372.000 88392.000 88418.000 88505.000
   805: 88519.000 88587.000 88980.000 88996.000 89048.000
   810: 89075.000 89201.000 89223.000 92790.000 92803.000
   815: 92829.000 92860.000 92880.000 92929.000 92953.000
   820: 92986.000 92999.000 93021.000 93637.000 93649.000
   825: 93682.000 93699.000 93712.000 93732.000 93754.000
   830: 93784.000 93806.000 93816.000 93861.000 94515.000
   835: 94533.000 94560.000 94592.000 94617.000 94633.000
   840: 94665.000 94689.000 94704.000 95428.000 95442.000
   845: 95490.000 95526.000 95546.000 95565.000 95590.000
   850: 95626.000 95655.000 97471.000 97491.000 97510.000
   855: 97528.000 97550.000 97573.000 97588.000 97606.000
   860: 97629.000 97660.000 97681.000 97701.000 97721.000
   865: 98263.000 98283.000 98306.000 98330.000 98351.000
   870: 98368.000 98388.000 98416.000 98432.000 98451.000
   875: 98472.000 98483.000 98508.000 98531.000 99244.000
   880: 99254.000 99271.000 99298.000 99323.000 99341.000
   885: 99360.000 99385.000 99401.000 99419.000 99437.000
   890: 99471.000 99485.000 99531.000 100324.000 100339.000
   895: 100356.000 100395.000 100411.000 100432.000 100459.000
   900: 100492.000 100512.000 100533.000 100563.000 100579.000
   905: 100599.000 100614.000 100637.000 100656.000 100685.000
   910: 108780.000 108807.000 108913.000 108927.000 108946.000
   915: 108969.000 108988.000 109003.000 109025.000 109045.000
   920: 109763.000 109776.000 109794.000 109813.000 109837.000
   925: 109853.000 109873.000 109899.000 109913.000 109948.000
   930: 109976.000 109991.000 110012.000 110027.000 110752.000
   935: 110756.000 110771.000 110797.000 110823.000 110840.000
   940: 110855.000 110883.000 110901.000 110918.000 110930.000
   945: 110965.000 110973.000 110994.000 113106.000 115647.000
   950: 117364.000 117436.000 117459.000 117468.000 117491.000
   955: 117509.000 117545.000 117565.000 117583.000 118443.000
   960: 118464.000 118493.000 118512.000 118740.000 118755.000
   965: 118779.000 119194.000 119222.000 119246.000 119262.000
   970: 119277.000 119292.000 119317.000 119334.000 119350.000
   975: 119374.000 119401.000 119420.000 119443.000 120064.000
   980: 120070.000 120090.000 120124.000 120162.000 120190.000
   985: 120207.000 120217.000 120236.000 120261.000 120289.000
   990: 120306.000 122008.000 122030.000 122069.000 122084.000
   995: 122103.000 122130.000 122156.000 122165.000 122193.000
  1000: 122212.000 122224.000 122257.000 122270.000 122314.000
  1005: 122787.000 122801.000 122818.000 122853.000 122872.000
  1010: 122909.000 122944.000 122962.000 122982.000 123001.000
  1015: 123021.000 123040.000 123081.000 123831.000 123856.000
  1020: 123879.000 123904.000 123919.000 123938.000 123955.000
  1025: 123974.000 123992.000 124022.000 124041.000 124053.000
  1030: 124079.000 124090.000 124895.000 124910.000 124931.000
  1035: 124954.000 124971.000 125000.000 125016.000 125035.000
  1040: 125059.000 125074.000 125087.000 125102.000 125119.000
  1045: 125184.000 125201.000 125986.000 126010.000 126035.000
  1050: 126065.000 126098.000 126114.000 126132.000 126158.000
  1055: 126224.000 126257.000 126272.000 126290.000 132973.000
  1060: 132993.000 133015.000 133050.000 133061.000 133078.000
  1065: 133101.000 133130.000 133147.000 133177.000 133818.000
  1070: 133827.000 133846.000 133870.000 133890.000 133907.000
  1075: 133923.000 133937.000 133959.000 133985.000 134005.000
  1080: 134027.000 134817.000 134840.000 134859.000 134894.000
  1085: 134907.000 134913.000 134928.000 134947.000 134981.000
  1090: 135016.000 135038.000 135057.000 135075.000 135096.000
  1095: 135118.000 135857.000 135876.000 135895.000 135918.000
  1100: 135952.000 135970.000 135986.000 136012.000 136025.000
  1105: 136040.000 136055.000 136079.000 136106.000 136122.000
  1110: 136837.000 136855.000 136877.000 136895.000 136907.000
  1115: 136925.000 136942.000 136969.000 137039.000 137053.000
  1120: 137080.000 137086.000 137101.000 137119.000 137134.000
  1125: 139992.000 140014.000 140038.000 140089.000 140114.000
  1130: 140141.000 145773.000 145812.000 145828.000 145891.000
  1135: 145912.000 145937.000 145954.000 145965.000 145981.000
  1140: 145997.000 146011.000 146026.000 146046.000 146066.000
  1145: 146675.000 146687.000 146700.000 146728.000 146756.000
  1150: 146776.000 146795.000 146816.000 146836.000 146867.000
  1155: 146882.000 146902.000 147643.000 147669.000 147689.000
  1160: 147715.000 147735.000 147769.000 147786.000 147807.000
  1165: 147839.000 147855.000 147879.000 147912.000 147954.000
  1170: 148775.000 148797.000 148818.000 148835.000 148857.000
  1175: 148884.000 148899.000 148910.000 148949.000 149711.000
  1180: 149734.000 149760.000 149783.000 149800.000 149827.000
  1185: 149845.000 149864.000 149895.000 149935.000 150863.000
  1190: 150895.000 150917.000 150940.000 150959.000 150998.000
  1195: 151029.000 151045.000 151070.000 151082.000 152701.000
  1200: 152724.000 152757.000 152778.000 152798.000 152822.000
  1205: 152844.000 152859.000 152876.000 152898.000 152944.000
  1210: 152963.000 152983.000 152992.000 153008.000 153083.000
  1215: 153835.000 153846.000 153862.000 153890.000 153907.000
  1220: 153920.000 153934.000 153953.000 153976.000 154002.000
  1225: 154017.000 154035.000 154042.000 154948.000 154979.000
  1230: 155003.000 155030.000 155050.000 155072.000 155096.000
  1235: 155139.000 155155.000 155170.000 155205.000 155218.000
  1240: 155806.000 155829.000 155857.000 155871.000 155887.000
  1245: 155915.000 155932.000 155957.000 155973.000 156003.000
  1250: 156043.000 156654.000 156675.000 156697.000 156740.000
  1255: 156763.000 156808.000 156847.000 156862.000 156885.000
  1260: 156923.000 156990.000 157005.000 157029.000 157042.000
  1265: 157064.000 159971.000 159983.000 159995.000 160016.000
  1270: 160067.000 160077.000 160099.000 160113.000 160132.000
  1275: 160145.000 160157.000 160173.000 160200.000 160241.000
  1280: 160927.000 160951.000 160971.000 160992.000 161018.000
  1285: 161036.000 161059.000 161077.000 161097.000 161120.000
  1290: 161158.000 161188.000 161203.000 162068.000 162094.000
  1295: 162116.000 162150.000 162167.000 162182.000 162215.000
  1300: 162292.000 162300.000 162314.000 162334.000 162354.000
  1305: 162366.000 167408.000 167503.000 167576.000 168306.000
  1310: 168315.000 168330.000 168353.000 168383.000 168402.000
  1315: 168451.000 174065.000 174080.000 174140.000 174153.000
  1320: 174192.000 174253.000 174274.000 174679.000 174696.000
  1325: 174715.000 174737.000 174757.000 174765.000 174779.000
  1330: 174805.000 174823.000 174840.000 174857.000 175362.000
  1335: 175377.000 175399.000 175466.000 175488.000 175521.000
  1340: 175553.000 175927.000 175944.000 175964.000 175985.000
  1345: 176014.000 176032.000 176065.000 176085.000 176115.000
  1350: 176142.000 176156.000 176174.000 176775.000 176798.000
  1355: 176824.000 176854.000 176889.000 176906.000 176942.000
  1360: 177345.000 177355.000 177376.000 177416.000 180336.000
  1365: 180446.000 180545.000 180591.000 180781.000 181271.000
  1370: 181291.000 181312.000 181347.000 181367.000 181395.000
  1375: 181412.000 181422.000 181459.000 182357.000 182376.000
  1380: 182411.000 182436.000 182456.000 182474.000 182504.000
  1385: 182534.000 182561.000 182594.000 182605.000 183480.000
  1390: 183499.000 183528.000 183548.000 183584.000 183625.000
  1395: 183660.000 183699.000 184481.000 184502.000 184518.000
  1400: 184541.000 184559.000 184579.000 184595.000 184612.000
  1405: 184635.000 184655.000 184674.000 185404.000 192155.000
  1410: 192196.000 192342.000 192962.000 192976.000 192990.000
  1415: 193232.000 194016.000 194139.000 194193.000 195147.000
  1420: 195157.000 195178.000 195264.000 195284.000 195307.000
  1425: 195323.000 195343.000 195358.000 195381.000 195398.000
  1430: 196013.000 196035.000 196058.000 196089.000 196105.000
  1435: 196124.000 196146.000 196158.000 196174.000 196208.000
  1440: 196226.000 196246.000 196269.000 196281.000 196847.000
  1445: 196865.000 196888.000 196909.000 196938.000 196958.000
  1450: 196972.000 196992.000 197009.000 197027.000 197657.000
  1455: 197679.000 197701.000 197715.000 197736.000 197762.000
  1460: 197778.000 197801.000 197815.000 197832.000 197859.000
  1465: 197881.000 197898.000 198559.000 198570.000 198588.000
  1470: 198608.000 198638.000 198653.000 198675.000 198695.000
  1475: 198718.000 198767.000 198821.000 198838.000 198855.000
  1480: 198880.000 198893.000 204414.000 204433.000 204453.000
  1485: 204483.000 204508.000 204537.000 204551.000 204569.000
  1490: 204587.000 204605.000 204620.000 204632.000 204650.000
  1495: 204659.000 204668.000 204685.000 205302.000 205320.000
  1500: 205343.000 205367.000 205381.000 205401.000 205416.000
  1505: 205425.000 205441.000 205458.000 205473.000 205523.000
  1510: 206171.000 206175.000 206195.000 206216.000 206238.000
  1515: 206252.000 206272.000 206311.000 206329.000 206344.000
  1520: 206373.000 206979.000 206992.000 207010.000 207034.000
  1525: 207057.000 207079.000 207108.000 207127.000 207146.000
  1530: 207161.000 207182.000 207223.000 209685.000 209706.000
  1535: 212197.000 214830.000 214845.000 214872.000 214908.000
  1540: 215326.000 215360.000 215380.000 215406.000 215432.000
  1545: 215460.000 215474.000 215511.000 215544.000 215549.000
  1550: 216066.000 216082.000 216102.000 216118.000 216145.000
  1555: 216159.000 216183.000 216203.000 216224.000 218516.000
  1560: 218531.000 218552.000 218595.000 218616.000 218641.000
  1565: 218655.000 218674.000 218693.000 218703.000 218718.000
  1570: 218738.000 218775.000 218791.000 219362.000 219384.000
  1575: 219411.000 219440.000 219457.000 219475.000 219494.000
  1580: 219511.000 220235.000 220256.000 220277.000 220301.000
  1585: 220318.000 220334.000 220354.000 220372.000 220448.000
  1590: 220475.000 221215.000 221237.000 221261.000 221291.000
  1595: 221307.000 221342.000 221389.000 221408.000 221427.000
  1600: 221448.000 221460.000 221473.000 222266.000 222283.000
  1605: 222309.000 222331.000 222354.000 222372.000 222420.000
  1610: 222436.000 222458.000 222485.000 223068.000 223074.000
  1615: 223097.000 223119.000 223145.000 223163.000 223186.000
  1620: 223204.000 223263.000 223303.000 223321.000 223339.000
  1625: 223359.000 223993.000 224013.000 224033.000 224056.000
  1630: 224074.000 224111.000 224129.000 224142.000 224159.000
  1635: 224177.000 225407.000 225425.000 225451.000 225471.000
  1640: 225490.000 225509.000 225530.000 225550.000 225569.000
  1645: 225594.000 225605.000 225617.000 225639.000 226521.000
  1650: 226529.000 226551.000 226606.000 226626.000 226649.000
  1655: 226665.000 226676.000 226700.000 226719.000 226760.000
  1660: 226775.000 229240.000 229248.000 229270.000 229321.000
  1665: 229401.000 229938.000 229956.000 229976.000 230029.000
  1670: 230096.000 230134.000 230152.000 230170.000 230677.000
  1675: 230697.000 230721.000 230742.000 230774.000 230791.000
  1680: 230808.000 230839.000 230855.000 230872.000 231548.000
  1685: 231568.000 231584.000 231607.000 231646.000 231659.000
  1690: 241504.000 245003.000 245137.000 245163.000 245628.000
  1695: 245649.000 245676.000 245690.000 245714.000 245735.000
  1700: 245772.000 245781.000 245813.000 246304.000 246316.000
  1705: 246338.000 246363.000 246381.000 246412.000 246425.000
  1710: 246453.000 247378.000 247454.000 247471.000 247499.000
  1715: 247513.000 247531.000 247551.000 247578.000 247595.000
  1720: 247615.000 247631.000 247662.000 247710.000 247724.000
  1725: 247742.000 247761.000 247778.000 248664.000 248683.000
  1730: 248704.000 248716.000 248737.000 248765.000 248783.000
  1735: 248811.000 248826.000 248843.000 248856.000 248882.000
  1740: 248892.000 249544.000 249561.000 249590.000 249605.000
  1745: 249644.000 249661.000 249682.000 249705.000 249716.000
  1750: 249728.000 249758.000 249764.000 249778.000 249784.000
  1755: 249803.000 249829.000 249841.000 252755.000 254558.000
  1760: 254570.000 254638.000 254673.000 254689.000 254729.000
  1765: 254768.000 255140.000 255156.000 255176.000 255204.000
  1770: 255215.000 255236.000 255265.000 255280.000 255298.000
  1775: 255316.000 255845.000 255861.000 255885.000 255923.000
  1780: 255944.000 255966.000 255983.000 256003.000 256037.000
  1785: 257611.000 257627.000 257647.000 257671.000 257705.000
  1790: 257723.000 257742.000 257755.000 257774.000 257792.000
  1795: 257804.000 257825.000 257838.000 258337.000 258355.000
  1800: 258377.000 258410.000 258428.000 258451.000 258504.000
  1805: 258519.000 258549.000 258604.000 259419.000 259433.000
  1810: 259458.000 259486.000 259504.000 259546.000 259570.000
  1815: 259610.000 259645.000 262082.000 264816.000 264831.000
  1820: 264860.000 264882.000 264888.000 264935.000 264957.000
  1825: 264973.000 264990.000 265011.000 265033.000 265633.000
  1830: 265649.000 265670.000 265706.000 265726.000 265758.000
  1835: 265782.000 265814.000 265841.000 265852.000 265876.000
  1840: 266570.000 266589.000 266613.000 266656.000 266676.000
  1845: 266705.000 266734.000 266755.000 266768.000 266807.000
  1850: 266862.000 266878.000 266894.000 267840.000 267853.000
  1855: 267877.000 267934.000 267959.000 268012.000 268561.000
  1860: 268618.000 268635.000 268668.000 268739.000 268797.000
  1865: 268813.000 268863.000 268877.000 269446.000 269456.000
  1870: 269486.000 269515.000 269534.000 269559.000 269593.000
  1875: 269609.000 269647.000 269704.000 270326.000 270356.000
  1880: 270375.000 270418.000 270439.000 270445.000 270627.000
  1885: 271393.000 271412.000 271435.000 271459.000 271480.000
  1890: 271496.000 271518.000 271549.000 271570.000 271587.000
  1895: 271601.000 271638.000 271650.000 272209.000 272222.000
  1900: 272278.000 275082.000 275112.000 275136.000 275176.000
  1905: 275710.000 275731.000 275764.000 275788.000 275870.000
  1910: 275891.000 275915.000 275937.000 276330.000 276463.000
  1915: 276472.000 276492.000 276508.000 276528.000 276545.000
  1920: 276584.000 277129.000 277147.000 277170.000 277205.000
  1925: 277249.000 277298.000 277317.000 277341.000 277354.000
  1930: 277994.000 278008.000 278036.000 278064.000 278088.000
  1935: 278102.000 278122.000 278163.000 278182.000 278211.000
  1940: 279177.000 279194.000 279218.000 279239.000 279259.000
  1945: 279274.000 279294.000 280577.000 280600.000 280637.000
  1950: 280717.000 280733.000 283454.000 283468.000 283491.000
  1955: 283539.000 283560.000 283606.000 283621.000 283639.000
  1960: 283659.000 283679.000 283703.000 283718.000 284178.000
  1965: 284198.000 284222.000 284246.000 284262.000 284280.000
  1970: 284297.000 284315.000 284337.000 284352.000 284371.000
  1975: 284916.000 284933.000 284958.000 285015.000 285041.000
  1980: 285071.000 285096.000 285107.000 286642.000 286664.000
  1985: 286708.000 286729.000 286750.000 286773.000 286785.000
  1990: 286800.000 286822.000 286836.000 286847.000 286862.000
  1995: 287619.000 287630.000 287656.000 287687.000 287701.000
  2000: 287720.000 287772.000 287783.000 287803.000 287925.000
  2005: 287937.000 287960.000 287976.000 287999.000 288013.000
  2010: 288040.000 288051.000 291535.000 291571.000 291592.000
  2015: 291603.000 291649.000 291689.000 292025.000 292045.000
  2020: 292058.000 292083.000 292121.000 292140.000 292165.000
  2025: 292201.000 292213.000 292715.000 292727.000 292759.000
  2030: 292784.000 292820.000 292837.000 292896.000 292922.000
  2035: 293499.000 293516.000 293547.000 293567.000 293592.000
  2040: 293613.000 293630.000 293659.000 293698.000 293719.000
  2045: 294361.000 294396.000 294412.000 294429.000 294451.000
  2050: 294481.000 294499.000 294522.000 294536.000 305167.000
  2055: 305190.000 305232.000 305255.000 305282.000 305303.000
  2060: 305602.000 305628.000 305648.000 305666.000 305684.000
  2065: 305706.000 305730.000 305751.000 305766.000 306286.000
  2070: 306302.000 306323.000 306377.000 306400.000 306423.000
  2075: 306459.000 306832.000 306839.000 306859.000 306879.000
  2080: 306900.000 306931.000 306948.000 306982.000 307007.000
  2085: 307045.000 307056.000 307646.000 307661.000 307681.000
  2090: 307707.000 307726.000 307772.000 307802.000 307820.000
  2095: 307839.000 309641.000 309658.000 309676.000 309748.000
  2100: 309768.000 309773.000 309795.000 309811.000 309837.000
  2105: 310427.000 310449.000 310476.000 310496.000 310517.000
  2110: 310565.000 310582.000 310598.000 310609.000 310634.000
  2115: 310648.000 310677.000 311438.000 311462.000 311511.000
  2120: 311590.000 311655.000 311684.000 311708.000 312168.000
  2125: 312184.000 312204.000 312238.000 312259.000 312281.000
  2130: 312318.000 312334.000 312363.000 312395.000 313796.000
  2135: 318570.000 318590.000 325267.000 325284.000 325302.000
  2140: 327022.000 327040.000 327069.000 327080.000 327122.000
  2145: 327139.000 327159.000 327189.000 327204.000 327582.000
  2150: 327595.000 327626.000 327644.000 327662.000 327687.000
  2155: 327709.000 327726.000 327742.000 327772.000 328640.000
  2160: 328672.000 328686.000 328704.000 328725.000 328744.000
  2165: 329064.000 329076.000 329096.000 329138.000 329172.000
  2170: 329191.000 329221.000 329244.000 329296.000 329989.000
  2175: 330001.000 330025.000 330046.000 330093.000 330127.000
  2180: 330138.000 330205.000 333584.000 333599.000 333664.000
  2185: 337539.000 337559.000 337603.000 337633.000 337656.000
  2190: 337674.000 337709.000 337738.000 338280.000 338297.000
  2195: 338316.000 338387.000 338406.000 338444.000 338457.000
  2200: 338480.000 339080.000 339089.000 339107.000 339139.000
  2205: 339159.000 339176.000 339230.000 339250.000 339268.000
  2210: 339295.000 339313.000 355004.000 355021.000 355039.000
  2215: 355058.000 355078.000 355098.000 355117.000 355148.000
  2220: 355681.000 355701.000 355722.000 355744.000 355757.000
  2225: 355777.000 355791.000 355807.000 355825.000 355874.000
  2230: 355901.000 356331.000 356353.000 356376.000 356391.000
  2235: 356417.000 356451.000 356469.000 356487.000 356520.000
  2240: 356535.000 357096.000 357122.000 357145.000 357166.000
  2245: 357183.000 357210.000 357249.000 357277.000 357992.000
  2250: 358008.000 358029.000 358052.000 358079.000 358096.000
  2255: 358114.000 358132.000 358151.000 358171.000 359211.000
  2260: 359239.000 359255.000 359284.000 359300.000 359314.000
  2265: 359352.000 359372.000 359386.000 359426.000 359436.000
D:
     0: 6636.000 7758.000 9653.000 10676.000 12227.000
     5: 13506.000 14989.000 16062.000 17047.000 19067.000
    10: 20049.000 22069.000 22976.000 24811.000 26388.000
    15: 27965.000 28843.000 30367.000 31778.000 32659.000
    20: 34603.000 35438.000 36314.000 37216.000 38073.000
    25: 38925.000 41003.000 42681.000 43505.000 44481.000
    30: 45838.000 46840.000 47640.000 48441.000 49247.000
    35: 50171.000 51082.000 52075.000 54013.000 54945.000
    40: 55829.000 57722.000 58546.000 59386.000 60238.000
    45: 61249.000 62313.000 64050.000 64858.000 65842.000
    50: 67426.000 68402.000 69263.000 70196.000 71260.000
    55: 72384.000 73376.000 74174.000 75036.000 76150.000
    60: 77051.000 78020.000 78835.000 79845.000 86924.000
    65: 92986.000 93784.000 94689.000 95626.000 97606.000
    70: 98416.000 99385.000 100492.000 109003.000 109899.000
    75: 110883.000 117545.000 119334.000 120217.000 122165.000
    80: 122962.000 123974.000 125035.000 126158.000 133130.000
    85: 133937.000 134947.000 136012.000 136969.000 145965.000
    90: 146816.000 147807.000 148910.000 149864.000 151045.000
    95: 152859.000 153953.000 155139.000 155957.000 156862.000
   100: 160113.000 161077.000 162292.000 174805.000 176085.000
   105: 181422.000 182534.000 183699.000 184612.000 195147.000
   110: 196158.000 196992.000 197801.000 198695.000 204569.000
   115: 205425.000 206311.000 207127.000 215511.000 216203.000
   120: 218674.000 219511.000 220372.000 221408.000 222436.000
   125: 223204.000 224142.000 225550.000 226676.000 230170.000
   130: 230839.000 245781.000 246453.000 247578.000 248811.000
   135: 249705.000 255280.000 256003.000 257755.000 258519.000
   140: 259610.000 264973.000 265814.000 266755.000 268863.000
   145: 269609.000 271549.000 275937.000 276584.000 277341.000
   150: 278163.000 283639.000 284315.000 285107.000 286800.000
   155: 287783.000 292201.000 292922.000 293659.000 294522.000
   160: 305751.000 306982.000 307820.000 309811.000 310598.000
   165: 312334.000 327189.000 327726.000 329244.000 330205.000
   170: 337738.000 338480.000 339250.000 355148.000 355807.000
   175: 356487.000 357277.000 358132.000 359372.000
E:
     0:  493.000 3662.000 6211.000 6739.000 7846.000
     5: 7851.000 8841.000 9777.000 11118.000 11868.000
    10: 12309.000 13751.000 15229.000 16165.000 17140.000
    15: 17687.000 18452.000 19240.000 20186.000 21436.000
    20: 22146.000 23062.000 24302.000 24950.000 26697.000
    25: 27515.000 28105.000 28953.000 30538.000 31858.000
    30: 32752.000 34009.000 34773.000 35539.000 36439.000
    35: 37282.000 38188.000 38608.000 39031.000 40447.000
    40: 41141.000 42207.000 42857.000 43687.000 44616.000
    45: 45067.000 46064.000 46963.000 47371.000 47744.000
    50: 48529.000 49369.000 50366.000 51236.000 52149.000
    55: 53184.000 53610.000 54245.000 55098.000 55936.000
    60: 57148.000 57918.000 58725.000 59620.000 60456.000
    65: 61430.000 62497.000 63476.000 64162.000 65072.000
    70: 66003.000 66886.000 67642.000 68558.000 69444.000
    75: 70406.000 71421.000 72471.000 73479.000 74301.000
    80: 75166.000 75495.000 76329.000 77254.000 78155.000
    85: 78995.000 80052.000 82282.000 83143.000 83756.000
    90: 84287.000 84347.000 85742.000 86447.000 87157.000
    95: 88017.000 88679.000 89308.000 89941.000 92487.000
   100: 93105.000 93930.000 94787.000 95738.000 96252.000
   105: 97133.000 97813.000 98603.000 99601.000 100765.000
   110: 107818.000 108481.000 109132.000 110086.000 110569.000
   115: 111072.000 113219.000 115179.000 117672.000 118872.000
   120: 119523.000 120372.000 121613.000 122378.000 123143.000
   125: 124173.000 125279.000 126357.000 128716.000 132402.000
   130: 133244.000 134096.000 135196.000 136195.000 136577.000
   135: 137223.000 140239.000 143507.000 146165.000 146991.000
   140: 148038.000 149034.000 150036.000 151163.000 153180.000
   145: 154132.000 155300.000 156123.000 156499.000 157168.000
   150: 159459.000 160317.000 161271.000 162441.000 167766.000
   155: 171600.000 174356.000 174922.000 175627.000 176235.000
   160: 177014.000 178193.000 180979.000 181540.000 181973.000
   165: 182690.000 183771.000 184295.000 184760.000 187388.000
   170: 189982.000 192520.000 195474.000 196344.000 197122.000
   175: 197965.000 198984.000 203802.000 204754.000 205589.000
   180: 206020.000 206444.000 207288.000 209841.000 215000.000
   185: 215628.000 216317.000 218114.000 218868.000 219621.000
   190: 220538.000 221543.000 222549.000 222914.000 223441.000
   195: 224250.000 225745.000 226862.000 229518.000 230247.000
   200: 230944.000 239527.000 245312.000 245880.000 246522.000
   205: 247877.000 248971.000 249923.000 252879.000 254853.000
   210: 255378.000 256102.000 257234.000 257902.000 258663.000
   215: 259721.000 262415.000 265109.000 265935.000 266968.000
   220: 268137.000 268980.000 269782.000 270695.000 271748.000
   225: 275277.000 276000.000 276645.000 276976.000 277425.000
   230: 278285.000 279411.000 280816.000 283196.000 283782.000
   235: 284465.000 285183.000 286297.000 286952.000 288136.000
   240: 290820.000 291806.000 292272.000 292989.000 293790.000
   245: 294611.000 297531.000 299832.000 303961.000 305397.000
   250: 305835.000 306526.000 307127.000 307913.000 309222.000
   255: 309927.000 310749.000 311783.000 312472.000 314055.000
   260: 315726.000 318776.000 325432.000 325710.000 325746.000
   265: 325921.000 326039.000 326105.000 326401.000 326417.000
   270: 327273.000 327841.000 328426.000 328839.000 329369.000
   275: 330261.000 333772.000 337826.000 338572.000 339377.000
   280: 340278.000 347013.000 348652.000 350754.000 351877.000
   285: 355230.000 355973.000 356593.000 357345.000 358239.000
   290: 359534.000
O:
     0: 10418.000 12028.000 12924.000 14365.000 15863.000
     5: 17815.000 20746.000 22761.000 23692.000 25532.000
    10: 27784.000 28639.000 29556.000 33312.000 36132.000
    15: 37027.000 39525.000 41583.000 43325.000 45207.000
    20: 52728.000 54757.000 56534.000 59214.000 62118.000
    25: 63097.000 66526.000 68212.000 70003.000 84633.000
    30: 88341.000 95394.000 96381.000 98221.000 112046.000
    35: 120939.000 131036.000 139788.000 151914.000 158142.000
    40: 173960.000 180119.000 193888.000 196819.000 200408.000
    45: 214192.000 216865.000 223030.000 229186.000 244447.000
    50: 247000.000 250742.000 256550.000 259222.000 264128.000
    55: 270293.000 282089.000 290806.000 295690.000 307612.000
    60: 308466.000 312965.000 337488.000 354408.000 356296.000
    65: 357059.000
Q:
     0: 10418.000 12924.000 14366.000 17815.000 20746.000
     5: 23692.000 25532.000 29556.000 33312.000 39525.000
    10: 41583.000 45207.000 52728.000 56534.000 63097.000
    15: 66526.000 84633.000 96381.000 120939.000 151915.000
    20: 158142.000 180119.000 193888.000 200408.000 216865.000
    25: 244447.000 247000.000 256550.000 264128.000 282089.000
    30: 290806.000 308466.000 312965.000 354408.000
\ROI5 - 2
