File: C:\MED-PC\Data\2019-09-23_11h48m_Subject 19010.txt


Start Date: 09/23/19
End Date: 09/23/19
Subject: 19010
Experiment: fr
Group: 1
Box: 1
Start Time: 11:48:20
End Time: 12:50:04
MSN: FR8 8p TTLforROItoAnymaze
B:   8.000
F:   0.000
H: 162.000
L:  745.000
R:  54.000
U:  27.000
V:  65.000
A:
     0:    0.000    1.000
C:
     0: 9016.000 9051.000 9080.000 9194.000 9223.000
     5: 12750.000 12795.000 12868.000 12904.000 12984.000
    10: 14100.000 14190.000 17614.000 17643.000 17693.000
    15: 17767.000 17884.000 17898.000 17972.000 18653.000
    20: 18689.000 18748.000 18803.000 18817.000 18844.000
    25: 18890.000 18938.000 20334.000 20383.000 20440.000
    30: 20474.000 20492.000 20507.000 20543.000 21177.000
    35: 21200.000 21248.000 21357.000 21375.000 21401.000
    40: 21433.000 21479.000 21534.000 24576.000 24605.000
    45: 24826.000 25009.000 25169.000 25191.000 31128.000
    50: 31174.000 31220.000 31267.000 31308.000 31369.000
    55: 31430.000 31488.000 31552.000 34936.000 34973.000
    60: 35198.000 35327.000 35462.000 35478.000 35489.000
    65: 35515.000 35553.000 35623.000 35745.000 39792.000
    70: 39842.000 39886.000 39938.000 39982.000 40002.000
    75: 40063.000 41691.000 41739.000 41802.000 41855.000
    80: 41932.000 41958.000 42007.000 42089.000 42140.000
    85: 42173.000 44764.000 44980.000 45202.000 45266.000
    90: 45310.000 45418.000 47192.000 47234.000 47277.000
    95: 47323.000 47349.000 47374.000 48784.000 48817.000
   100: 48885.000 48987.000 49050.000 49133.000 49177.000
   105: 49190.000 53479.000 53699.000 53809.000 54017.000
   110: 54052.000 54073.000 54111.000 54142.000 58012.000
   115: 58060.000 58107.000 58169.000 58189.000 58209.000
   120: 58220.000 58356.000 58402.000 58508.000 62908.000
   125: 62962.000 62974.000 62998.000 63125.000 63169.000
   130: 63219.000 63268.000 63380.000 63431.000 68433.000
   135: 68523.000 68555.000 68599.000 68626.000 68691.000
   140: 68729.000 68771.000 71852.000 72202.000 72495.000
   145: 72546.000 72663.000 72692.000 72724.000 74693.000
   150: 74758.000 74854.000 74921.000 74948.000 74973.000
   155: 74990.000 76572.000 76587.000 76639.000 76658.000
   160: 76686.000 76708.000 76786.000 76836.000 76856.000
   165: 76908.000 76959.000 77072.000 79893.000 79960.000
   170: 80019.000 80036.000 80059.000 80089.000 80103.000
   175: 80140.000 80153.000 85606.000 85625.000 85678.000
   180: 85856.000 85890.000 85935.000 85979.000 86037.000
   185: 88895.000 88920.000 89399.000 89481.000 89550.000
   190: 91504.000 91549.000 91582.000 91721.000 91735.000
   195: 91847.000 93511.000 93546.000 93569.000 93627.000
   200: 93641.000 93754.000 93775.000 93811.000 93827.000
   205: 93851.000 93907.000 93968.000 94060.000 97130.000
   210: 97168.000 97295.000 97359.000 97388.000 97440.000
   215: 97483.000 97591.000 101706.000 101721.000 101804.000
   220: 101874.000 101907.000 101935.000 101974.000 101992.000
   225: 102050.000 102199.000 102378.000 106714.000 106874.000
   230: 107328.000 107377.000 107431.000 107480.000 107526.000
   235: 107626.000 111376.000 111628.000 111669.000 111684.000
   240: 111723.000 113148.000 113167.000 113227.000 113243.000
   245: 113265.000 113281.000 113295.000 113332.000 113359.000
   250: 113504.000 113656.000 117203.000 117219.000 117282.000
   255: 117305.000 117317.000 117333.000 117386.000 117447.000
   260: 122075.000 122156.000 122780.000 124274.000 124298.000
   265: 124341.000 124367.000 124416.000 124480.000 124524.000
   270: 124575.000 127671.000 127784.000 127845.000 128109.000
   275: 129392.000 129456.000 129519.000 129543.000 129630.000
   280: 129648.000 131788.000 131857.000 131888.000 131964.000
   285: 132027.000 132051.000 132072.000 132095.000 132119.000
   290: 134898.000 134906.000 134975.000 135024.000 135591.000
   295: 137573.000 137658.000 137700.000 137736.000 137778.000
   300: 137819.000 137918.000 138778.000 138825.000 138860.000
   305: 138905.000 138943.000 139002.000 139041.000 139085.000
   310: 139114.000 142823.000 144991.000 145021.000 145147.000
   315: 145214.000 145235.000 145345.000 145406.000 145579.000
   320: 150904.000 150962.000 151004.000 151057.000 157205.000
   325: 157255.000 157292.000 157323.000 157358.000 157405.000
   330: 159110.000 159145.000 159188.000 159314.000 159329.000
   335: 159370.000 159461.000 159495.000 159742.000 162414.000
   340: 162540.000 162774.000 162844.000 162859.000 164768.000
   345: 164889.000 164960.000 164989.000 165008.000 165028.000
   350: 165055.000 165337.000 170370.000 170962.000 171027.000
   355: 171089.000 171127.000 171160.000 171264.000 172978.000
   360: 173017.000 173040.000 173116.000 173140.000 173189.000
   365: 173219.000 173252.000 173311.000 175270.000 175613.000
   370: 175859.000 175948.000 176028.000 176045.000 176064.000
   375: 176246.000 176272.000 180394.000 180432.000 180450.000
   380: 180471.000 180495.000 180518.000 180576.000 180626.000
   385: 180660.000 180692.000 180859.000 184675.000 184760.000
   390: 184876.000 185349.000 185398.000 188332.000 188395.000
   395: 188421.000 188435.000 188474.000 188489.000 188542.000
   400: 189491.000 189539.000 189559.000 189580.000 189626.000
   405: 189637.000 189667.000 190399.000 190452.000 190504.000
   410: 190518.000 190535.000 190548.000 190584.000 190607.000
   415: 195017.000 195054.000 195076.000 195111.000 195146.000
   420: 195183.000 195233.000 195387.000 195436.000 195477.000
   425: 195502.000 195519.000 198835.000 198885.000 198916.000
   430: 198958.000 198989.000 199001.000 199033.000 199124.000
   435: 202908.000 203019.000 203038.000 203077.000 203131.000
   440: 203167.000 204802.000 204832.000 204856.000 204897.000
   445: 204958.000 205020.000 205114.000 205156.000 207989.000
   450: 208048.000 208142.000 208177.000 210591.000 210620.000
   455: 210653.000 210704.000 210762.000 210845.000 210862.000
   460: 211419.000 211458.000 211513.000 211535.000 211559.000
   465: 211733.000 211754.000 211772.000 211904.000 216523.000
   470: 216585.000 216628.000 216667.000 216728.000 216805.000
   475: 216846.000 218047.000 218106.000 218170.000 218265.000
   480: 218278.000 218299.000 218312.000 218327.000 218389.000
   485: 221432.000 221460.000 222082.000 222121.000 222142.000
   490: 222317.000 222363.000 222846.000 222889.000 222921.000
   495: 222980.000 222999.000 223080.000 227937.000 227985.000
   500: 228013.000 228063.000 228147.000 228301.000 228353.000
   505: 228476.000 231666.000 231753.000 231821.000 231848.000
   510: 231919.000 231970.000 231975.000 232010.000 235450.000
   515: 235475.000 235518.000 235535.000 235567.000 235612.000
   520: 235646.000 235674.000 235721.000 235767.000 235827.000
   525: 248126.000 248161.000 248197.000 248225.000 248269.000
   530: 248365.000 249278.000 249340.000 249449.000 249491.000
   535: 249584.000 250435.000 250484.000 250516.000 250548.000
   540: 250571.000 250633.000 250659.000 250717.000 250836.000
   545: 254307.000 254333.000 254373.000 254410.000 254557.000
   550: 254750.000 254811.000 254843.000 254904.000 257648.000
   555: 257880.000 258302.000 258369.000 258420.000 258471.000
   560: 259705.000 259799.000 259895.000 270147.000 270201.000
   565: 270246.000 270307.000 270341.000 270362.000 270389.000
   570: 270423.000 273208.000 273250.000 273286.000 273350.000
   575: 273385.000 273458.000 273567.000 273642.000 276932.000
   580: 277596.000 279308.000 279374.000 279435.000 279474.000
   585: 279577.000 280796.000 280846.000 280907.000 280923.000
   590: 280944.000 280956.000 281678.000 281718.000 281763.000
   595: 281807.000 281883.000 281959.000 283034.000 283087.000
   600: 283155.000 283168.000 283219.000 283251.000 283285.000
   605: 283393.000 287531.000 287561.000 287603.000 287662.000
   610: 287715.000 287739.000 287987.000 288032.000 288091.000
   615: 291550.000 292240.000 292299.000 292825.000 292908.000
   620: 292959.000 294653.000 294729.000 294738.000 294768.000
   625: 294809.000 294852.000 294892.000 295889.000 295914.000
   630: 295972.000 296000.000 296064.000 296103.000 296158.000
   635: 296209.000 296312.000 299574.000 300494.000 301505.000
   640: 301581.000 301607.000 301625.000 301686.000 301973.000
   645: 302002.000 302044.000 302055.000 302111.000 306811.000
   650: 306827.000 306878.000 306931.000 307063.000 307098.000
   655: 307506.000 307570.000 307665.000 312647.000 312732.000
   660: 312753.000 312778.000 312805.000 312820.000 314319.000
   665: 314355.000 314378.000 314469.000 314552.000 314605.000
   670: 314998.000 315048.000 315125.000 315196.000 324057.000
   675: 324111.000 324130.000 324192.000 324220.000 324266.000
   680: 324288.000 325025.000 325080.000 325111.000 325242.000
   685: 325373.000 325981.000 326023.000 326055.000 326105.000
   690: 326144.000 330641.000 330696.000 330723.000 330760.000
   695: 330777.000 330808.000 330876.000 330893.000 330904.000
   700: 334796.000 334992.000 335159.000 335218.000 335595.000
   705: 335664.000 335683.000 335781.000 339216.000 339283.000
   710: 339302.000 339349.000 339386.000 339424.000 339493.000
   715: 339535.000 342869.000 342891.000 342952.000 343011.000
   720: 343043.000 343138.000 343575.000 343810.000 353780.000
   725: 353852.000 353933.000 353962.000 353991.000 354349.000
   730: 354387.000 354412.000 354439.000 354468.000 354633.000
   735: 357517.000 358582.000 358602.000 359051.000 359122.000
   740: 359149.000 359921.000 359949.000 359975.000 359991.000
D:
     0: 18938.000 21479.000 31488.000 35515.000 42089.000
     5: 49190.000 54142.000 58356.000 63268.000 68771.000
    10: 76836.000 80140.000 86037.000 93811.000 97591.000
    15: 101992.000 107626.000 113332.000 117447.000 124575.000
    20: 132095.000 139085.000 145579.000 159495.000 165337.000
    25: 173252.000 176246.000 180626.000 190607.000 195387.000
    30: 199124.000 205156.000 211772.000 218327.000 228476.000
    35: 232010.000 235674.000 250717.000 254843.000 259799.000
    40: 270423.000 273642.000 283393.000 288032.000 296209.000
    45: 301973.000 307570.000 315048.000 330893.000 335781.000
    50: 339535.000 343810.000 354412.000 359949.000
E:
     0:  485.000 7354.000 8776.000 8794.000 10746.000
     5: 12248.000 13247.000 16521.000 17305.000 18321.000
    10: 19474.000 20862.000 21839.000 25506.000 29307.000
    15: 30342.000 31867.000 36053.000 38919.000 40438.000
    20: 42549.000 45834.000 47838.000 49565.000 54455.000
    25: 56912.000 58845.000 62268.000 63746.000 66747.000
    30: 67397.000 67439.000 69242.000 73120.000 75351.000
    35: 75608.000 77416.000 81948.000 84490.000 84836.000
    40: 86264.000 86350.000 90039.000 92385.000 94386.000
    45: 97991.000 103035.000 105432.000 108123.000 112058.000
    50: 113973.000 117833.000 121349.000 123271.000 124909.000
    55: 128427.000 130296.000 130933.000 131235.000 132550.000
    60: 136435.000 138239.000 139457.000 143720.000 147576.000
    65: 150677.000 151854.000 154492.000 156142.000 157909.000
    70: 160104.000 163218.000 165860.000 171630.000 173674.000
    75: 176721.000 181178.000 186785.000 188996.000 190065.000
    80: 190870.000 190927.000 190930.000 191914.000 196008.000
    85: 199332.000 199590.000 203528.000 205334.000 205539.000
    90: 208389.000 208645.000 210273.000 211043.000 211140.000
    95: 212064.000 212083.000 212086.000 214347.000 216141.000
   100: 217210.000 218968.000 222572.000 225253.000 225679.000
   105: 226969.000 228753.000 229799.000 232179.000 232374.000
   110: 236125.000 239231.000 245783.000 248678.000 249774.000
   115: 249934.000 251027.000 251585.000 255209.000 260264.000
   120: 263513.000 268518.000 268648.000 270727.000 273819.000
   125: 274005.000 277825.000 277829.000 277832.000 277851.000
   130: 278005.000 279751.000 279783.000 279953.000 281326.000
   135: 282336.000 283731.000 288517.000 291224.000 293372.000
   140: 295204.000 296706.000 302276.000 302544.000 307819.000
   145: 307825.000 308072.000 313103.000 315510.000 321015.000
   150: 323651.000 324705.000 325703.000 330074.000 331254.000
   155: 336342.000 339918.000 343963.000 344161.000 351117.000
   160: 354808.000 354956.000
O:
     0: 20298.000 24376.000 34731.000 39770.000 44597.000
     5: 53447.000 57996.000 62900.000 67953.000 71807.000
    10: 79868.000 85564.000 88810.000 101656.000 106616.000
    15: 111010.000 117153.000 122045.000 127635.000 134841.000
    20: 142601.000 150850.000 162373.000 170160.000 175255.000
    25: 180347.000 184595.000 194985.000 198792.000 202289.000
    30: 207944.000 216450.000 221300.000 231620.000 235399.000
    35: 242458.000 254192.000 257592.000 263937.000 273166.000
    40: 276771.000 287474.000 291463.000 299488.000 306668.000
    45: 311530.000 318771.000 339132.000 342819.000 347500.000
    50: 357401.000
Q:
     0: 24376.000 34731.000 44597.000 53448.000 67953.000
     5: 71807.000 88810.000 106616.000 111010.000 122045.000
    10: 134841.000 142601.000 170160.000 175255.000 184595.000
    15: 202289.000 221300.000 242458.000 257592.000 263937.000
    20: 276771.000 291463.000 299488.000 311530.000 318771.000
    25: 347500.000 357401.000
\ROI5 - 1
