File: C:\MED-PC\Data\2019-09-27_11h28m_Subject 19003.txt


Start Date: 09/27/19
End Date: 09/27/19
Subject: 19003
Experiment: fr8
Group: 1
Box: 1
Start Time: 11:28:32
End Time: 12:29:49
MSN: FR8 8p TTLforROItoAnymaze
B:   6.000
F:   0.000
H: 189.000
L:  405.000
R:  17.000
U:   8.000
V:  13.000
A:
     0:    0.000    1.000
C:
     0: 8687.000 39421.000 56621.000 57994.000 58042.000
     5: 58061.000 58083.000 58099.000 64125.000 64406.000
    10: 66213.000 66225.000 66444.000 66463.000 67368.000
    15: 67391.000 67406.000 67417.000 67730.000 67740.000
    20: 67750.000 67764.000 68262.000 68274.000 68294.000
    25: 68305.000 68315.000 68375.000 68390.000 73503.000
    30: 73511.000 73530.000 73613.000 85534.000 85557.000
    35: 85597.000 95019.000 95058.000 95068.000 107027.000
    40: 107363.000 107376.000 107385.000 107396.000 107405.000
    45: 107447.000 112500.000 114415.000 114529.000 114705.000
    50: 114754.000 114771.000 115219.000 115266.000 115291.000
    55: 115698.000 115707.000 115718.000 115755.000 126799.000
    60: 126814.000 145625.000 145639.000 146783.000 146802.000
    65: 146808.000 147121.000 147131.000 147141.000 147554.000
    70: 147567.000 147594.000 147609.000 147619.000 147628.000
    75: 147638.000 147655.000 154413.000 154453.000 161589.000
    80: 166243.000 166941.000 166952.000 166971.000 166985.000
    85: 176270.000 176279.000 176289.000 176701.000 176711.000
    90: 176721.000 177422.000 177435.000 177455.000 177467.000
    95: 177486.000 177516.000 183001.000 183029.000 183049.000
   100: 183059.000 183426.000 183437.000 183447.000 183459.000
   105: 183510.000 183948.000 183967.000 183994.000 184003.000
   110: 184506.000 184516.000 184526.000 184537.000 184548.000
   115: 184559.000 190578.000 190588.000 190600.000 191599.000
   120: 191808.000 191847.000 191855.000 192397.000 192407.000
   125: 192419.000 192438.000 192498.000 192511.000 195747.000
   130: 203334.000 203343.000 203352.000 203374.000 203703.000
   135: 203724.000 203746.000 204121.000 204133.000 204143.000
   140: 204607.000 204619.000 204638.000 204657.000 205118.000
   145: 205129.000 205140.000 205152.000 205207.000 208458.000
   150: 208469.000 208481.000 208491.000 208506.000 208518.000
   155: 208528.000 210163.000 210174.000 210188.000 210202.000
   160: 210229.000 210242.000 217793.000 217813.000 217823.000
   165: 221581.000 221591.000 221605.000 221631.000 221643.000
   170: 223379.000 223395.000 223471.000 224213.000 224223.000
   175: 224243.000 224254.000 224302.000 229025.000 229038.000
   180: 229059.000 230409.000 230438.000 230446.000 230455.000
   185: 230463.000 230803.000 230835.000 230855.000 230864.000
   190: 231321.000 231334.000 231351.000 231364.000 231410.000
   195: 231453.000 231465.000 233576.000 233609.000 236274.000
   200: 236283.000 236784.000 236806.000 236816.000 236825.000
   205: 236834.000 236847.000 238447.000 238460.000 238469.000
   210: 238482.000 238517.000 239893.000 239905.000 239915.000
   215: 239926.000 240581.000 240605.000 240615.000 240625.000
   220: 240636.000 241374.000 241393.000 241403.000 241414.000
   225: 241428.000 241445.000 245697.000 245722.000 245737.000
   230: 250222.000 250235.000 250247.000 250269.000 261696.000
   235: 262132.000 262145.000 262155.000 262548.000 262939.000
   240: 262967.000 263008.000 267747.000 267758.000 267767.000
   245: 270742.000 270775.000 271361.000 271372.000 271398.000
   250: 271448.000 271457.000 271783.000 271792.000 271810.000
   255: 271821.000 271831.000 272147.000 272162.000 272176.000
   260: 272188.000 272198.000 272235.000 274880.000 274909.000
   265: 274920.000 274930.000 274941.000 277030.000 277601.000
   270: 277614.000 277624.000 277633.000 277646.000 278298.000
   275: 278319.000 278334.000 278346.000 278367.000 279598.000
   280: 279608.000 279639.000 279648.000 279657.000 280197.000
   285: 280220.000 280233.000 280252.000 280260.000 280316.000
   290: 285060.000 285077.000 285090.000 285102.000 285117.000
   295: 291749.000 291782.000 291796.000 291818.000 292328.000
   300: 292356.000 292375.000 292385.000 292632.000 292652.000
   305: 292661.000 292672.000 292681.000 292690.000 292722.000
   310: 298812.000 299122.000 299138.000 299169.000 299186.000
   315: 300074.000 300101.000 300121.000 300131.000 300672.000
   320: 300688.000 300699.000 300709.000 300720.000 301214.000
   325: 301225.000 301235.000 301306.000 301848.000 301868.000
   330: 301886.000 301919.000 321712.000 321747.000 321762.000
   335: 322595.000 322618.000 322631.000 322651.000 322662.000
   340: 323045.000 323055.000 323063.000 323076.000 323086.000
   345: 323480.000 323494.000 323503.000 323552.000 323594.000
   350: 323919.000 323931.000 323941.000 323976.000 323985.000
   355: 324453.000 324467.000 324480.000 324564.000 324577.000
   360: 324587.000 324595.000 324607.000 324616.000 326540.000
   365: 326600.000 326625.000 326655.000 326762.000 328052.000
   370: 328062.000 328141.000 328437.000 328472.000 328510.000
   375: 334214.000 341296.000 343261.000 344218.000 344491.000
   380: 344540.000 345966.000 345978.000 345991.000 346016.000
   385: 346029.000 346430.000 346442.000 346465.000 346474.000
   390: 346483.000 346724.000 346745.000 346804.000 347120.000
   395: 347141.000 347149.000 347158.000 347466.000 347483.000
   400: 347498.000 347509.000 347531.000 347543.000 347556.000
D:
     0: 68375.000 107405.000 147628.000 177516.000 184559.000
     5: 192511.000 208518.000 210242.000 231453.000 236825.000
    10: 241445.000 272235.000 280316.000 292690.000 324587.000
    15: 328510.000 347543.000
E:
     0: 1676.000 8079.000 13624.000 36634.000 43180.000
     5: 44648.000 45408.000 47993.000 55227.000 56974.000
    10: 57740.000 58488.000 64621.000 66723.000 67523.000
    15: 68020.000 68658.000 72218.000 73956.000 79585.000
    20: 82367.000 86082.000 89597.000 91963.000 94555.000
    25: 95164.000 95203.000 99451.000 102685.000 105899.000
    30: 107659.000 109711.000 111597.000 112680.000 114954.000
    35: 115490.000 115973.000 120937.000 124489.000 124494.000
    40: 124755.000 126227.000 126933.000 131748.000 133912.000
    45: 135160.000 137722.000 138701.000 140105.000 144774.000
    50: 146903.000 147315.000 147968.000 154772.000 160220.000
    55: 163554.000 166543.000 167145.000 175628.000 176488.000
    60: 176912.000 177739.000 182486.000 183209.000 183706.000
    65: 184186.000 184759.000 188451.000 190844.000 192038.000
    70: 192678.000 197165.000 198318.000 200279.000 201327.000
    75: 202841.000 203501.000 203946.000 204368.000 204823.000
    80: 205414.000 207215.000 208701.000 210387.000 214902.000
    85: 215887.000 217139.000 219446.000 220339.000 221180.000
    90: 222876.000 223787.000 224508.000 227200.000 229639.000
    95: 230615.000 231098.000 231634.000 233927.000 235240.000
   100: 236947.000 238609.000 238645.000 240033.000 240809.000
   105: 241594.000 244358.000 244366.000 245413.000 245911.000
   110: 247797.000 248062.000 249803.000 250423.000 253058.000
   115: 253343.000 257470.000 259286.000 260597.000 262250.000
   120: 262348.000 262745.000 263178.000 266262.000 267932.000
   125: 269761.000 269770.000 271113.000 271605.000 272016.000
   130: 272422.000 275128.000 277181.000 277790.000 278580.000
   135: 279248.000 279833.000 280491.000 282930.000 283984.000
   140: 285237.000 287349.000 289709.000 291018.000 292015.000
   145: 292521.000 292892.000 297394.000 298316.000 299357.000
   150: 300318.000 300897.000 301514.000 302093.000 306267.000
   155: 311340.000 312333.000 316887.000 318364.000 322035.000
   160: 322794.000 323301.000 323744.000 324194.000 324807.000
   165: 326009.000 326876.000 327681.000 328671.000 331307.000
   170: 332168.000 332912.000 333460.000 334305.000 337216.000
   175: 337810.000 338529.000 340820.000 342014.000 344716.000
   180: 346230.000 346587.000 346987.000 346997.000 347340.000
   185: 347761.000 351791.000 355615.000 357540.000
O:
     0: 71844.000 110528.000 152257.000 182469.000 191579.000
     5: 194896.000 210107.000 212975.000 233461.000 238373.000
    10: 243565.000 274715.000 282116.000 294046.000 326483.000
    15: 330870.000 349678.000
Q:
     0: 152257.000 194896.000 212975.000 243565.000 282116.000
     5: 294046.000 330870.000 349678.000
\ROI5 - 2
