File: C:\MED-PC\Data\2019-09-19_15h18m_Subject 19007.txt



Start Date: 09/19/19
End Date: 09/19/19
Subject: 19007
Experiment: fr8
Group: 1
Box: 1
Start Time: 15:18:02
End Time: 16:18:07
MSN: FR8 8p TTLforROItoAnymaze
B:   8.000
F:   0.000
H: 367.000
L: 1189.000
R:  40.000
U:  20.000
V:  17.000
A:
     0:    0.000    1.000
C:
     0: 8773.000 8847.000 8868.000 8927.000 8969.000
     5: 9011.000 10329.000 10345.000 10365.000 10385.000
    10: 10421.000 10486.000 11671.000 11709.000 11754.000
    15: 11777.000 12365.000 12416.000 12432.000 12471.000
    20: 12495.000 12523.000 12538.000 12622.000 14712.000
    25: 14726.000 14788.000 14805.000 14822.000 14922.000
    30: 15624.000 15646.000 15675.000 15689.000 15736.000
    35: 16152.000 16170.000 16190.000 16225.000 16257.000
    40: 16311.000 16336.000 16362.000 16377.000 19428.000
    45: 19449.000 19465.000 19517.000 19548.000 19567.000
    50: 19632.000 20407.000 20443.000 20483.000 20505.000
    55: 20523.000 21489.000 21506.000 21524.000 21557.000
    60: 21574.000 21599.000 21620.000 21673.000 26709.000
    65: 27131.000 28309.000 28329.000 28349.000 28383.000
    70: 28405.000 28452.000 28760.000 28789.000 28805.000
    75: 28837.000 28859.000 28880.000 28899.000 29434.000
    80: 29469.000 29500.000 29516.000 29574.000 29596.000
    85: 29611.000 30240.000 30248.000 30266.000 30287.000
    90: 30327.000 30347.000 30385.000 30431.000 30450.000
    95: 33405.000 33465.000 33546.000 33585.000 34062.000
   100: 34084.000 34117.000 34137.000 34162.000 37446.000
   105: 37474.000 37523.000 37577.000 37595.000 37635.000
   110: 38514.000 38610.000 38626.000 38671.000 39850.000
   115: 39868.000 39909.000 39923.000 39942.000 39968.000
   120: 40296.000 40337.000 40369.000 40387.000 40407.000
   125: 40459.000 40486.000 40886.000 40902.000 40912.000
   130: 40935.000 40964.000 40989.000 41028.000 41059.000
   135: 41077.000 43797.000 43814.000 43859.000 43907.000
   140: 43945.000 43961.000 44012.000 44028.000 44037.000
   145: 47051.000 47633.000 47664.000 47706.000 49231.000
   150: 49276.000 49289.000 49303.000 49338.000 49381.000
   155: 49407.000 50214.000 50265.000 50285.000 50325.000
   160: 50382.000 53542.000 53589.000 53602.000 53622.000
   165: 53637.000 53675.000 53694.000 54323.000 54351.000
   170: 54369.000 54384.000 54479.000 57684.000 59240.000
   175: 59381.000 59484.000 59499.000 59519.000 60890.000
   180: 60925.000 60945.000 60984.000 61392.000 61408.000
   185: 61438.000 61458.000 61475.000 61511.000 61540.000
   190: 61558.000 61579.000 63685.000 63712.000 64268.000
   195: 64296.000 64310.000 64335.000 65319.000 65334.000
   200: 65345.000 65365.000 65408.000 65439.000 65459.000
   205: 65475.000 67180.000 67186.000 67203.000 67216.000
   210: 67290.000 67333.000 67370.000 67386.000 67403.000
   215: 70523.000 70556.000 70576.000 70629.000 71412.000
   220: 71495.000 71506.000 71522.000 72234.000 72257.000
   225: 72270.000 72350.000 72364.000 72384.000 73093.000
   230: 73126.000 73163.000 73197.000 73742.000 73777.000
   235: 73791.000 73812.000 75457.000 75468.000 75535.000
   240: 75567.000 75580.000 75599.000 75615.000 76264.000
   245: 76287.000 76329.000 76347.000 76365.000 78843.000
   250: 78887.000 79469.000 79504.000 79521.000 79569.000
   255: 79630.000 79971.000 80013.000 80030.000 80054.000
   260: 80110.000 80128.000 80146.000 80582.000 80605.000
   265: 80621.000 80636.000 80706.000 80732.000 80972.000
   270: 80999.000 81012.000 81048.000 81072.000 81118.000
   275: 81144.000 81197.000 86580.000 86595.000 86616.000
   280: 86670.000 86722.000 86741.000 87310.000 87335.000
   285: 87351.000 87360.000 87389.000 87426.000 87444.000
   290: 87472.000 91978.000 92043.000 92065.000 92076.000
   295: 92115.000 92654.000 92677.000 92693.000 92709.000
   300: 92723.000 92755.000 93486.000 93522.000 93580.000
   305: 93600.000 93614.000 94090.000 94146.000 94175.000
   310: 94766.000 94803.000 94813.000 94830.000 94864.000
   315: 94884.000 94899.000 94919.000 97221.000 97240.000
   320: 97257.000 97306.000 97322.000 97335.000 97937.000
   325: 97979.000 97990.000 98004.000 98021.000 98054.000
   330: 98094.000 98687.000 98712.000 98791.000 98833.000
   335: 98857.000 98872.000 99440.000 99473.000 99488.000
   340: 99523.000 99542.000 99556.000 100231.000 100260.000
   345: 100281.000 100294.000 100352.000 100382.000 102995.000
   350: 103079.000 103161.000 103186.000 103526.000 103543.000
   355: 103576.000 103597.000 103617.000 103656.000 103673.000
   360: 103991.000 104029.000 104047.000 104079.000 104152.000
   365: 104169.000 104188.000 104732.000 104757.000 104773.000
   370: 104811.000 104823.000 104844.000 104860.000 104873.000
   375: 104901.000 106511.000 106531.000 106540.000 106560.000
   380: 106594.000 106633.000 106651.000 107251.000 107280.000
   385: 107311.000 107335.000 107351.000 107386.000 107427.000
   390: 107442.000 109472.000 110141.000 110158.000 110187.000
   395: 110211.000 111404.000 111450.000 111468.000 111499.000
   400: 111535.000 111568.000 111581.000 111598.000 113687.000
   405: 113706.000 113755.000 113805.000 113836.000 115845.000
   410: 115867.000 115888.000 115930.000 115953.000 117157.000
   415: 117180.000 117191.000 117224.000 117254.000 117305.000
   420: 117331.000 117745.000 117814.000 117884.000 117900.000
   425: 117913.000 118454.000 118529.000 118546.000 118568.000
   430: 118602.000 121086.000 121106.000 121120.000 121155.000
   435: 121176.000 121243.000 121265.000 121783.000 121831.000
   440: 121846.000 121863.000 121945.000 121954.000 122241.000
   445: 122278.000 122296.000 122317.000 122340.000 122383.000
   450: 123599.000 123620.000 123647.000 123674.000 123687.000
   455: 123726.000 123741.000 123763.000 125639.000 125678.000
   460: 125693.000 125730.000 125760.000 125774.000 125788.000
   465: 125837.000 128699.000 129304.000 129397.000 130192.000
   470: 130310.000 130326.000 130343.000 131070.000 131107.000
   475: 131130.000 131147.000 131185.000 131207.000 131226.000
   480: 131579.000 131619.000 131636.000 131656.000 131724.000
   485: 132478.000 132534.000 132591.000 132618.000 132990.000
   490: 133040.000 133056.000 133074.000 133130.000 133159.000
   495: 133495.000 133548.000 133567.000 133585.000 135931.000
   500: 135955.000 135974.000 136006.000 136040.000 136060.000
   505: 136090.000 136114.000 136140.000 138046.000 138146.000
   510: 138641.000 138668.000 138720.000 140409.000 140437.000
   515: 140447.000 140476.000 140508.000 140536.000 140840.000
   520: 140905.000 140922.000 140940.000 140957.000 140986.000
   525: 141000.000 141022.000 143805.000 143843.000 143869.000
   530: 144190.000 144276.000 144294.000 144324.000 144550.000
   535: 144574.000 144595.000 144626.000 144645.000 144676.000
   540: 144707.000 144732.000 147160.000 147202.000 147237.000
   545: 147258.000 148358.000 148381.000 148398.000 148414.000
   550: 148442.000 148481.000 148500.000 149421.000 149437.000
   555: 149472.000 149500.000 149533.000 149552.000 150123.000
   560: 150305.000 150314.000 150332.000 151324.000 151341.000
   565: 151352.000 151370.000 151390.000 151420.000 151440.000
   570: 151960.000 151977.000 151997.000 152027.000 152037.000
   575: 152074.000 152095.000 152492.000 152520.000 152540.000
   580: 152556.000 152607.000 152637.000 152937.000 152954.000
   585: 152973.000 153016.000 153036.000 153054.000 153073.000
   590: 153453.000 153466.000 153479.000 153498.000 153528.000
   595: 153554.000 153580.000 153600.000 153621.000 156709.000
   600: 157491.000 157530.000 157566.000 157584.000 157607.000
   605: 157622.000 158215.000 158230.000 158267.000 158298.000
   610: 158310.000 158326.000 158573.000 158606.000 158638.000
   615: 158658.000 158671.000 158689.000 159015.000 159035.000
   620: 159081.000 159100.000 159116.000 159387.000 159415.000
   625: 159428.000 159461.000 159476.000 159509.000 159543.000
   630: 160273.000 160287.000 160314.000 160339.000 160348.000
   635: 160399.000 160422.000 160439.000 162895.000 162930.000
   640: 162976.000 163797.000 163838.000 163850.000 163943.000
   645: 163961.000 164404.000 164417.000 164449.000 164501.000
   650: 164546.000 164565.000 164586.000 164846.000 164867.000
   655: 164884.000 164927.000 164948.000 165243.000 165302.000
   660: 165321.000 165354.000 165372.000 166518.000 166530.000
   665: 166571.000 167304.000 167382.000 167400.000 167410.000
   670: 167448.000 168785.000 168798.000 168832.000 168870.000
   675: 168895.000 169220.000 169240.000 169255.000 169291.000
   680: 169316.000 169331.000 169360.000 169676.000 169690.000
   685: 169706.000 169726.000 169743.000 169814.000 169837.000
   690: 169854.000 171960.000 171978.000 171998.000 172034.000
   695: 172068.000 172087.000 172787.000 172808.000 172853.000
   700: 172861.000 172921.000 172932.000 173052.000 173084.000
   705: 173110.000 176985.000 177090.000 177116.000 178128.000
   710: 178170.000 178201.000 180420.000 180458.000 180494.000
   715: 180520.000 185028.000 185051.000 185101.000 185113.000
   720: 185399.000 185425.000 185455.000 185482.000 185503.000
   725: 185530.000 185560.000 185570.000 187973.000 188493.000
   730: 188509.000 188528.000 188542.000 188627.000 188642.000
   735: 189448.000 189461.000 189476.000 189494.000 189526.000
   740: 189542.000 189550.000 189566.000 189606.000 191612.000
   745: 191732.000 191744.000 191813.000 191828.000 192648.000
   750: 192715.000 192732.000 192750.000 194133.000 194149.000
   755: 194171.000 194201.000 194229.000 194249.000 194271.000
   760: 195146.000 195167.000 195180.000 195197.000 195248.000
   765: 195287.000 195305.000 198766.000 198787.000 198802.000
   770: 198817.000 198840.000 198861.000 198902.000 203207.000
   775: 203227.000 203267.000 203935.000 203956.000 203971.000
   780: 204024.000 204039.000 204091.000 204462.000 204479.000
   785: 204497.000 204527.000 204546.000 204563.000 204584.000
   790: 204642.000 207178.000 207203.000 207218.000 207253.000
   795: 207278.000 207318.000 207350.000 207367.000 209250.000
   800: 209396.000 209796.000 209820.000 209836.000 210971.000
   805: 211047.000 211055.000 211090.000 211109.000 211129.000
   810: 211633.000 211647.000 211651.000 211695.000 211761.000
   815: 212296.000 212342.000 212365.000 212383.000 215886.000
   820: 215919.000 215964.000 215981.000 216002.000 216030.000
   825: 216083.000 216528.000 216564.000 216576.000 216596.000
   830: 216607.000 216679.000 216718.000 216736.000 220228.000
   835: 220291.000 220323.000 220377.000 220397.000 222090.000
   840: 222147.000 222174.000 222202.000 222220.000 222581.000
   845: 222598.000 222618.000 222647.000 222677.000 222695.000
   850: 225468.000 225517.000 225544.000 225558.000 225625.000
   855: 225641.000 228076.000 228089.000 228103.000 228142.000
   860: 228168.000 228185.000 228588.000 228602.000 228621.000
   865: 228642.000 228677.000 228693.000 228714.000 228760.000
   870: 228785.000 230011.000 230077.000 230108.000 230138.000
   875: 230163.000 235215.000 235244.000 235256.000 235273.000
   880: 235291.000 236706.000 236727.000 236749.000 236779.000
   885: 236855.000 237760.000 237783.000 237793.000 237827.000
   890: 237831.000 237843.000 237861.000 237881.000 237913.000
   895: 237931.000 241992.000 242033.000 243815.000 243859.000
   900: 243930.000 243946.000 243962.000 244796.000 244821.000
   905: 244852.000 244885.000 244901.000 244917.000 244938.000
   910: 244955.000 247247.000 247388.000 247815.000 249043.000
   915: 249085.000 249115.000 249131.000 249156.000 249739.000
   920: 249770.000 249791.000 249806.000 249848.000 249867.000
   925: 249878.000 249899.000 251990.000 252016.000 252031.000
   930: 252069.000 252116.000 252129.000 252160.000 254206.000
   935: 254228.000 254244.000 254301.000 254329.000 254342.000
   940: 254633.000 254696.000 254712.000 254731.000 254750.000
   945: 255305.000 255330.000 255374.000 255427.000 258194.000
   950: 258221.000 258240.000 258297.000 258316.000 258340.000
   955: 258358.000 258721.000 258766.000 258785.000 258820.000
   960: 258825.000 258843.000 258862.000 259332.000 259350.000
   965: 259370.000 259401.000 259480.000 259490.000 259514.000
   970: 266307.000 266335.000 266373.000 266385.000 266401.000
   975: 266456.000 269321.000 269384.000 269398.000 269425.000
   980: 269456.000 269505.000 272008.000 272029.000 272042.000
   985: 272064.000 272085.000 272103.000 272135.000 272154.000
   990: 275665.000 275690.000 275702.000 275732.000 275752.000
   995: 275768.000 275789.000 275821.000 275838.000 278056.000
  1000: 278174.000 278277.000 279054.000 280126.000 280153.000
  1005: 280183.000 280200.000 280229.000 280241.000 280741.000
  1010: 280762.000 280781.000 280809.000 280845.000 280860.000
  1015: 281652.000 281668.000 281679.000 281727.000 281761.000
  1020: 281779.000 281825.000 281837.000 281861.000 284985.000
  1025: 285038.000 285062.000 285087.000 285123.000 285144.000
  1030: 285182.000 286411.000 286465.000 286483.000 286538.000
  1035: 287929.000 288004.000 288062.000 288081.000 288104.000
  1040: 290516.000 290582.000 290601.000 290617.000 290650.000
  1045: 290679.000 290699.000 291082.000 291141.000 291145.000
  1050: 291156.000 293204.000 293224.000 293264.000 293278.000
  1055: 293324.000 293367.000 293386.000 296153.000 296178.000
  1060: 296195.000 296224.000 296247.000 296264.000 296307.000
  1065: 296643.000 296672.000 296691.000 296722.000 296739.000
  1070: 296779.000 300337.000 300383.000 300405.000 300433.000
  1075: 301609.000 304715.000 304756.000 304775.000 304790.000
  1080: 309562.000 309591.000 309622.000 309640.000 312285.000
  1085: 312330.000 312349.000 315518.000 315539.000 315556.000
  1090: 315576.000 315629.000 315645.000 315659.000 316200.000
  1095: 316213.000 316249.000 316288.000 316309.000 316335.000
  1100: 322989.000 323009.000 323041.000 323091.000 323120.000
  1105: 323137.000 323808.000 323842.000 323880.000 323897.000
  1110: 323919.000 324326.000 324345.000 324379.000 324397.000
  1115: 324418.000 324468.000 324480.000 324501.000 327410.000
  1120: 327489.000 327632.000 327642.000 327841.000 328041.000
  1125: 331389.000 331457.000 331471.000 331502.000 331535.000
  1130: 331552.000 331574.000 331611.000 335594.000 335623.000
  1135: 335651.000 335682.000 335696.000 335717.000 335768.000
  1140: 335801.000 338474.000 338512.000 338554.000 338578.000
  1145: 338592.000 338648.000 338669.000 339523.000 339615.000
  1150: 339636.000 339658.000 339688.000 339704.000 340585.000
  1155: 340649.000 340681.000 340706.000 340727.000 340770.000
  1160: 340787.000 342756.000 342791.000 342806.000 342827.000
  1165: 342863.000 342880.000 345959.000 346018.000 346038.000
  1170: 346055.000 346083.000 349474.000 349542.000 349566.000
  1175: 349593.000 349613.000 349636.000 349656.000 356175.000
  1180: 356242.000 356269.000 356287.000 359502.000 359613.000
  1185: 359656.000 359672.000 359695.000 359734.000
D:
     0: 12622.000 16362.000 21673.000 30431.000 34137.000
     5: 41059.000 44028.000 61558.000 65475.000 67386.000
    10: 81197.000 87472.000 94919.000 104873.000 107442.000
    15: 111598.000 123763.000 125837.000 136114.000 141022.000
    20: 144732.000 153600.000 160439.000 169854.000 173084.000
    25: 185570.000 189566.000 204642.000 207367.000 216736.000
    30: 228760.000 237881.000 244955.000 249899.000 272154.000
    35: 275821.000 281837.000 324501.000 331611.000 335801.000
E:
     0:  850.000 4402.000 6598.000 7777.000 9141.000
     5: 11298.000 11384.000 11934.000 12002.000 12824.000
    10: 15034.000 15330.000 15899.000 16505.000 16578.000
    15: 19777.000 19784.000 20646.000 21834.000 21933.000
    20: 25128.000 25198.000 27280.000 28506.000 28518.000
    25: 29021.000 29783.000 30540.000 34266.000 36579.000
    30: 37748.000 38783.000 40091.000 40107.000 40578.000
    35: 40587.000 41190.000 44188.000 46626.000 47974.000
    40: 48996.000 49572.000 50495.000 51439.000 52893.000
    45: 53772.000 54619.000 56240.000 57048.000 58727.000
    50: 59612.000 60632.000 61052.000 61658.000 63177.000
    55: 64449.000 65549.000 67510.000 69863.000 70291.000
    60: 70711.000 71607.000 72022.000 72484.000 73286.000
    65: 74010.000 75170.000 75731.000 76496.000 77826.000
    70: 79047.000 79742.000 80222.000 80832.000 81276.000
    75: 82799.000 84389.000 85930.000 86833.000 87572.000
    80: 87593.000 89178.000 90578.000 91566.000 92220.000
    85: 92500.000 92853.000 93695.000 94296.000 94479.000
    90: 95073.000 97430.000 98200.000 98985.000 99784.000
    95: 100455.000 102366.000 103277.000 103750.000 104260.000
   100: 104991.000 106177.000 106756.000 107533.000 107632.000
   105: 110316.000 111708.000 111712.000 113154.000 113888.000
   110: 115231.000 116075.000 116571.000 116580.000 116657.000
   115: 117404.000 118007.000 118675.000 120258.000 121333.000
   120: 122059.000 122495.000 123203.000 123844.000 125283.000
   125: 125925.000 128271.000 129489.000 130423.000 131306.000
   130: 131841.000 132697.000 132738.000 133257.000 133659.000
   135: 135080.000 136239.000 138817.000 139862.000 140634.000
   140: 141123.000 143286.000 143955.000 143963.000 144383.000
   145: 144831.000 146859.000 147567.000 148607.000 148693.000
   150: 149651.000 150448.000 151095.000 151517.000 152272.000
   155: 152751.000 153146.000 153251.000 153711.000 155735.000
   160: 156807.000 157708.000 158399.000 158778.000 159201.000
   165: 159636.000 159940.000 160534.000 160612.000 163076.000
   170: 164090.000 164218.000 164665.000 165059.000 165569.000
   175: 166681.000 167532.000 167579.000 168481.000 169019.000
   180: 169458.000 169923.000 172174.000 173201.000 176240.000
   185: 177605.000 178361.000 179691.000 180642.000 180764.000
   190: 183671.000 184739.000 185209.000 185659.000 187231.000
   195: 187529.000 188732.000 189731.000 191935.000 192012.000
   200: 192846.000 193957.000 194375.000 195411.000 196866.000
   205: 197223.000 198432.000 199120.000 200194.000 202259.000
   210: 203338.000 203683.000 204181.000 204774.000 204831.000
   215: 206659.000 207438.000 209936.000 211235.000 211855.000
   220: 212007.000 212463.000 213762.000 215069.000 216174.000
   225: 216878.000 218255.000 219608.000 220483.000 220688.000
   230: 221862.000 222313.000 222803.000 224907.000 225744.000
   235: 225808.000 227749.000 228290.000 228866.000 228976.000
   240: 230264.000 231807.000 231852.000 234111.000 234116.000
   245: 234210.000 234713.000 235384.000 236552.000 236992.000
   250: 237999.000 240288.000 242099.000 242971.000 244104.000
   255: 244320.000 244574.000 245029.000 247922.000 249217.000
   260: 249992.000 251481.000 251487.000 252252.000 253751.000
   265: 254423.000 254841.000 255525.000 257181.000 257891.000
   270: 258432.000 259037.000 259650.000 262280.000 263138.000
   275: 265030.000 265593.000 265983.000 266549.000 268625.000
   280: 269084.000 269598.000 271173.000 271672.000 271678.000
   285: 272241.000 274070.000 275255.000 275931.000 277749.000
   290: 279226.000 279873.000 280324.000 280959.000 281966.000
   295: 281969.000 282034.000 283649.000 285259.000 285268.000
   300: 286638.000 287542.000 287687.000 288189.000 289666.000
   305: 290776.000 291338.000 292550.000 293471.000 295209.000
   310: 296408.000 296940.000 298751.000 298984.000 300023.000
   315: 300633.000 303861.000 304131.000 304551.000 304896.000
   320: 308403.000 308414.000 308519.000 309380.000 309752.000
   325: 310549.000 312439.000 313019.000 313089.000 314928.000
   330: 315869.000 316431.000 316769.000 318527.000 322592.000
   335: 323251.000 323996.000 324568.000 326856.000 328149.000
   340: 330417.000 331694.000 333978.000 335220.000 335887.000
   345: 337877.000 338752.000 339885.000 340870.000 342140.000
   350: 342960.000 345394.000 346230.000 347064.000 348769.000
   355: 349272.000 349723.000 349949.000 352444.000 355482.000
   360: 355608.000 355653.000 356362.000 356376.000 358889.000
   365: 359233.000 359847.000
O:
     0: 14370.000 19408.000 26250.000 33402.000 37418.000
     5: 43715.000 47017.000 63656.000 67126.000 70490.000
    10: 83309.000 89487.000 97170.000 106482.000 109421.000
    15: 113611.000 125590.000 128627.000 138009.000 143726.000
    20: 147113.000 156132.000 162267.000 171944.000 175141.000
    25: 187854.000 191584.000 207145.000 209145.000 218773.000
    30: 229967.000 241274.000 247208.000 251952.000 274473.000
    35: 277993.000 284942.000 327341.000 333205.000 338438.000
Q:
     0: 26250.000 33402.000 47017.000 63656.000 83309.000
     5: 89487.000 109421.000 128627.000 138009.000 156132.000
    10: 162267.000 187854.000 209145.000 218774.000 241274.000
    15: 247208.000 274473.000 277993.000 327341.000 333205.000
\roi5-1