File: C:\MED-PC\Data\2019-09-25_17h41m_Subject 19002.txt


Start Date: 09/25/19
End Date: 09/25/19
Subject: 19002
Experiment: fr8
Group: 1
Box: 1
Start Time: 17:41:27
End Time: 18:43:00
MSN: FR8 8p TTLforROItoAnymaze
B:   8.000
F:   0.000
H: 576.000
L: 1858.000
R: 126.000
U:  47.000
V: 207.000
A:
     0:    0.000    1.000
C:
     0: 6459.000 6481.000 6795.000 6808.000 6832.000
     5: 6876.000 6888.000 7071.000 7109.000 7126.000
    10: 7150.000 7159.000 7173.000 7240.000 7284.000
    15: 7434.000 7484.000 7526.000 7628.000 7676.000
    20: 8946.000 8995.000 9022.000 9035.000 9052.000
    25: 9226.000 9241.000 9261.000 9314.000 9338.000
    30: 9349.000 9474.000 9492.000 10814.000 10827.000
    35: 10847.000 10865.000 10879.000 10904.000 10934.000
    40: 10957.000 12820.000 12879.000 12917.000 12941.000
    45: 13050.000 14139.000 14166.000 14182.000 14196.000
    50: 14207.000 14241.000 14256.000 14267.000 14285.000
    55: 14306.000 15744.000 15751.000 15761.000 15786.000
    60: 15818.000 15831.000 15878.000 15890.000 15907.000
    65: 15923.000 17657.000 18226.000 18276.000 19207.000
    70: 19222.000 19249.000 19792.000 19818.000 19842.000
    75: 19877.000 19888.000 19911.000 19923.000 19939.000
    80: 19952.000 21653.000 21681.000 21714.000 21727.000
    85: 21751.000 21811.000 21821.000 21854.000 21868.000
    90: 23293.000 23323.000 23360.000 23389.000 23406.000
    95: 23419.000 24150.000 24177.000 24191.000 24204.000
   100: 24233.000 24268.000 24822.000 24858.000 24872.000
   105: 24949.000 24981.000 24996.000 25038.000 25048.000
   110: 26246.000 26843.000 27726.000 27771.000 27787.000
   115: 27814.000 27855.000 28269.000 28334.000 28373.000
   120: 28392.000 28418.000 28434.000 28470.000 28877.000
   125: 28898.000 28913.000 28954.000 28968.000 28982.000
   130: 29044.000 29060.000 29074.000 29104.000 29135.000
   135: 29171.000 30749.000 30772.000 30802.000 30815.000
   140: 30828.000 30849.000 30863.000 30901.000 30923.000
   145: 30937.000 30949.000 30965.000 32447.000 32467.000
   150: 32512.000 32547.000 33140.000 33154.000 33204.000
   155: 33221.000 33273.000 33288.000 33299.000 33308.000
   160: 33322.000 33362.000 34695.000 35289.000 35321.000
   165: 35351.000 35393.000 36222.000 36248.000 36271.000
   170: 36301.000 36332.000 36398.000 36435.000 36770.000
   175: 36809.000 36829.000 36841.000 36893.000 36924.000
   180: 36937.000 37021.000 37057.000 38286.000 38342.000
   185: 38360.000 38376.000 38391.000 38402.000 38422.000
   190: 38461.000 38474.000 39508.000 40091.000 40148.000
   195: 40188.000 40241.000 40257.000 40269.000 41076.000
   200: 41096.000 41118.000 41147.000 41161.000 41213.000
   205: 41225.000 41238.000 42243.000 42281.000 42303.000
   210: 42358.000 42369.000 42380.000 42421.000 42449.000
   215: 42464.000 42495.000 44020.000 44031.000 44051.000
   220: 44071.000 44085.000 44096.000 44109.000 44136.000
   225: 44152.000 45627.000 45682.000 45706.000 45772.000
   230: 45785.000 46474.000 46525.000 46564.000 46616.000
   235: 46968.000 47000.000 47011.000 47058.000 47084.000
   240: 47109.000 47143.000 47187.000 47203.000 49221.000
   245: 49233.000 49274.000 49303.000 49369.000 50089.000
   250: 50134.000 50172.000 50213.000 50225.000 50510.000
   255: 50538.000 50566.000 50587.000 50600.000 50617.000
   260: 50639.000 50658.000 50712.000 51744.000 51758.000
   265: 51770.000 51822.000 51832.000 51863.000 51877.000
   270: 51911.000 52989.000 53005.000 53027.000 53085.000
   275: 53140.000 53955.000 54004.000 54036.000 54046.000
   280: 55212.000 55262.000 55316.000 55332.000 55344.000
   285: 55354.000 55673.000 55702.000 55732.000 55783.000
   290: 55825.000 55842.000 56187.000 56267.000 56305.000
   295: 56324.000 56336.000 56647.000 56691.000 56760.000
   300: 56822.000 56833.000 56938.000 57183.000 57223.000
   305: 57262.000 57318.000 57328.000 57371.000 57383.000
   310: 57400.000 59298.000 59435.000 60139.000 60150.000
   315: 60165.000 60188.000 60198.000 60242.000 60253.000
   320: 60295.000 60598.000 60635.000 62904.000 62941.000
   325: 63019.000 63097.000 64136.000 64172.000 64186.000
   330: 64242.000 64274.000 64286.000 64314.000 64329.000
   335: 64349.000 65607.000 65623.000 65658.000 65697.000
   340: 65744.000 65769.000 66201.000 66247.000 66261.000
   345: 66329.000 66380.000 66393.000 66716.000 66756.000
   350: 66769.000 66779.000 66799.000 66857.000 66872.000
   355: 66917.000 68836.000 68865.000 68881.000 68897.000
   360: 68938.000 68965.000 68999.000 69652.000 69709.000
   365: 69720.000 69800.000 69823.000 69834.000 69845.000
   370: 69881.000 69893.000 69913.000 70853.000 71374.000
   375: 71434.000 72164.000 72228.000 72289.000 72328.000
   380: 72363.000 72373.000 72382.000 72397.000 73349.000
   385: 73371.000 73383.000 73450.000 73467.000 73530.000
   390: 73540.000 73554.000 75073.000 75597.000 75625.000
   395: 75676.000 75690.000 75735.000 76280.000 76292.000
   400: 76305.000 76328.000 76365.000 76383.000 76393.000
   405: 76428.000 76441.000 76455.000 76488.000 76502.000
   410: 77632.000 77653.000 77696.000 77741.000 77765.000
   415: 77779.000 77801.000 77814.000 77844.000 78997.000
   420: 79021.000 79037.000 79048.000 79064.000 79085.000
   425: 79701.000 79740.000 79760.000 79775.000 79824.000
   430: 79840.000 79855.000 79897.000 79922.000 80689.000
   435: 80746.000 81256.000 81347.000 81370.000 81404.000
   440: 81422.000 82176.000 82187.000 82213.000 82232.000
   445: 82256.000 82287.000 82299.000 82554.000 82598.000
   450: 82625.000 82641.000 82656.000 82720.000 82732.000
   455: 82791.000 82804.000 82825.000 82834.000 83448.000
   460: 83472.000 83497.000 83517.000 83558.000 83586.000
   465: 83600.000 83617.000 83632.000 83672.000 85607.000
   470: 85629.000 85653.000 85730.000 85761.000 85774.000
   475: 86375.000 86421.000 86435.000 86460.000 86476.000
   480: 86509.000 86520.000 86533.000 86567.000 86581.000
   485: 87417.000 87430.000 87445.000 87475.000 87568.000
   490: 87580.000 87987.000 88696.000 89156.000 89245.000
   495: 89267.000 89279.000 89298.000 89313.000 89373.000
   500: 89643.000 89686.000 89712.000 89736.000 89773.000
   505: 89786.000 89828.000 89860.000 90701.000 90826.000
   510: 91323.000 92679.000 92785.000 92798.000 92839.000
   515: 92855.000 92872.000 93078.000 93118.000 93141.000
   520: 93153.000 93170.000 93177.000 93200.000 93438.000
   525: 93478.000 93511.000 93532.000 93552.000 93586.000
   530: 93594.000 93608.000 93638.000 94394.000 94434.000
   535: 94447.000 94469.000 94515.000 94527.000 94553.000
   540: 94581.000 94609.000 94622.000 94634.000 94650.000
   545: 94677.000 95870.000 96412.000 96445.000 96476.000
   550: 97282.000 97294.000 97337.000 97363.000 97378.000
   555: 97393.000 97655.000 97702.000 97773.000 97798.000
   560: 97828.000 97864.000 97876.000 97891.000 97919.000
   565: 99010.000 99074.000 99608.000 99679.000 99717.000
   570: 99735.000 99754.000 100488.000 100507.000 100551.000
   575: 100611.000 100628.000 100653.000 100669.000 100684.000
   580: 101821.000 101872.000 101889.000 101906.000 101955.000
   585: 101973.000 101991.000 102031.000 102066.000 102081.000
   590: 103412.000 103430.000 103456.000 103476.000 103493.000
   595: 103523.000 103548.000 103914.000 103922.000 103957.000
   600: 103992.000 104007.000 104050.000 104068.000 104083.000
   605: 104098.000 104123.000 104153.000 105895.000 105912.000
   610: 105963.000 106002.000 106026.000 106638.000 106651.000
   615: 106676.000 106727.000 106740.000 106756.000 106809.000
   620: 106837.000 106849.000 108521.000 108575.000 108619.000
   625: 108635.000 109095.000 109131.000 109166.000 109181.000
   630: 109193.000 109231.000 109242.000 109278.000 109287.000
   635: 109314.000 109324.000 109363.000 109376.000 110126.000
   640: 110151.000 110176.000 110221.000 110248.000 110275.000
   645: 110289.000 110323.000 110336.000 110367.000 110377.000
   650: 110408.000 111289.000 111340.000 111360.000 111414.000
   655: 111488.000 111537.000 111607.000 111636.000 111657.000
   660: 111671.000 112847.000 112892.000 113464.000 113474.000
   665: 113517.000 113549.000 114202.000 114214.000 114238.000
   670: 114264.000 114270.000 114282.000 114313.000 114328.000
   675: 114360.000 114386.000 115216.000 115236.000 115246.000
   680: 115273.000 115289.000 115300.000 115318.000 115356.000
   685: 115370.000 115391.000 115407.000 117434.000 117572.000
   690: 118074.000 118106.000 118127.000 118142.000 118167.000
   695: 118199.000 119744.000 119764.000 120331.000 120377.000
   700: 120432.000 120448.000 120460.000 120512.000 120545.000
   705: 120763.000 120808.000 120833.000 120851.000 120976.000
   710: 121000.000 121012.000 121026.000 121039.000 121649.000
   715: 121683.000 122724.000 122767.000 122779.000 122808.000
   720: 122819.000 122838.000 122856.000 122873.000 122884.000
   725: 122922.000 123767.000 123812.000 123829.000 123839.000
   730: 123857.000 123871.000 123888.000 123931.000 125179.000
   735: 125223.000 125243.000 125306.000 125731.000 125746.000
   740: 125761.000 125787.000 125813.000 125861.000 125888.000
   745: 125928.000 125944.000 125958.000 125980.000 127520.000
   750: 127534.000 127591.000 127602.000 127637.000 128345.000
   755: 128363.000 128370.000 128397.000 128423.000 128437.000
   760: 128466.000 128480.000 128509.000 130167.000 130218.000
   765: 130246.000 130262.000 130277.000 130774.000 130814.000
   770: 130828.000 130864.000 130877.000 130931.000 130947.000
   775: 131236.000 131280.000 131292.000 131315.000 131353.000
   780: 131377.000 131395.000 131431.000 131450.000 131490.000
   785: 131502.000 132430.000 132472.000 132513.000 132522.000
   790: 132537.000 132552.000 132579.000 132591.000 132602.000
   795: 132630.000 132662.000 132677.000 132717.000 132731.000
   800: 134422.000 134457.000 134501.000 135161.000 135174.000
   805: 135188.000 135225.000 135263.000 135284.000 135545.000
   810: 135573.000 135584.000 135595.000 135635.000 135656.000
   815: 135686.000 135700.000 135741.000 135753.000 135778.000
   820: 135795.000 135805.000 136736.000 136775.000 136850.000
   825: 136916.000 136952.000 136967.000 136982.000 138497.000
   830: 138543.000 138636.000 138722.000 138746.000 138761.000
   835: 138777.000 138790.000 139042.000 139073.000 139085.000
   840: 139130.000 139174.000 139186.000 139197.000 139208.000
   845: 140431.000 140448.000 140484.000 140508.000 140516.000
   850: 140529.000 140551.000 140575.000 140613.000 140627.000
   855: 142238.000 142262.000 142292.000 142962.000 143005.000
   860: 143046.000 143101.000 143135.000 143159.000 143180.000
   865: 143194.000 144168.000 144683.000 144702.000 144721.000
   870: 144759.000 145437.000 145466.000 145478.000 145489.000
   875: 145512.000 145544.000 145563.000 145578.000 145604.000
   880: 145627.000 146023.000 146062.000 146072.000 146118.000
   885: 146141.000 146191.000 146218.000 146263.000 147345.000
   890: 147364.000 147426.000 147440.000 147489.000 147501.000
   895: 147513.000 147931.000 148015.000 148577.000 148990.000
   900: 149003.000 149035.000 149073.000 149085.000 149101.000
   905: 149134.000 149146.000 149160.000 149185.000 149195.000
   910: 149228.000 149736.000 149768.000 149776.000 149791.000
   915: 149804.000 149814.000 149830.000 149846.000 149880.000
   920: 149895.000 149913.000 149928.000 151007.000 151029.000
   925: 151075.000 151132.000 151140.000 151153.000 151183.000
   930: 151201.000 151254.000 152203.000 152213.000 152242.000
   935: 152262.000 152272.000 152313.000 152364.000 152377.000
   940: 152390.000 153216.000 153240.000 153265.000 153282.000
   945: 153308.000 153323.000 153338.000 153361.000 153376.000
   950: 153402.000 154641.000 154653.000 154726.000 154742.000
   955: 154752.000 154771.000 154838.000 154863.000 155861.000
   960: 156452.000 156466.000 156495.000 156512.000 156533.000
   965: 156571.000 156587.000 157652.000 157694.000 157736.000
   970: 157748.000 157794.000 157809.000 157820.000 158206.000
   975: 158260.000 158294.000 158304.000 158323.000 158343.000
   980: 158368.000 158400.000 158414.000 160295.000 160375.000
   985: 162345.000 162415.000 162441.000 162506.000 162524.000
   990: 162783.000 162814.000 162830.000 162881.000 162910.000
   995: 163132.000 163154.000 163200.000 163218.000 163228.000
  1000: 163248.000 163269.000 163284.000 163309.000 163330.000
  1005: 163878.000 163918.000 163934.000 163960.000 164088.000
  1010: 164110.000 164136.000 164686.000 165282.000 165326.000
  1015: 165343.000 165380.000 165395.000 165890.000 165928.000
  1020: 165944.000 165976.000 166025.000 166063.000 166270.000
  1025: 166326.000 166353.000 166421.000 166436.000 166469.000
  1030: 166483.000 166496.000 166534.000 166561.000 167679.000
  1035: 167720.000 167804.000 167836.000 168279.000 170016.000
  1040: 170025.000 170066.000 170096.000 170136.000 175800.000
  1045: 184469.000 184512.000 184523.000 184537.000 184557.000
  1050: 184568.000 184588.000 184610.000 184633.000 184648.000
  1055: 185575.000 185703.000 186063.000 186128.000 186163.000
  1060: 186170.000 186191.000 186256.000 186265.000 186294.000
  1065: 187600.000 188202.000 188266.000 188950.000 189062.000
  1070: 189108.000 189122.000 189154.000 189468.000 189472.000
  1075: 189497.000 189516.000 189528.000 189542.000 189578.000
  1080: 189594.000 189607.000 189645.000 189666.000 189680.000
  1085: 189703.000 189719.000 190729.000 190795.000 190811.000
  1090: 190827.000 190868.000 190882.000 190895.000 191434.000
  1095: 191468.000 191503.000 191542.000 191584.000 191602.000
  1100: 191640.000 192075.000 192126.000 192136.000 192166.000
  1105: 192182.000 192217.000 192235.000 192246.000 192260.000
  1110: 192273.000 192326.000 194203.000 194215.000 194255.000
  1115: 195047.000 195094.000 195120.000 195191.000 195227.000
  1120: 195240.000 195502.000 195548.000 195573.000 195627.000
  1125: 195652.000 195693.000 195728.000 195740.000 196847.000
  1130: 196866.000 196909.000 196931.000 196988.000 197067.000
  1135: 198029.000 198042.000 198079.000 198126.000 198646.000
  1140: 198708.000 198726.000 198806.000 198813.000 198825.000
  1145: 198860.000 198871.000 198905.000 199980.000 200028.000
  1150: 200109.000 200192.000 200208.000 200587.000 200628.000
  1155: 200656.000 200691.000 200738.000 200774.000 200782.000
  1160: 200795.000 202180.000 202242.000 202261.000 202327.000
  1165: 202341.000 202372.000 202389.000 202853.000 202894.000
  1170: 202913.000 205163.000 205205.000 205256.000 206996.000
  1175: 208933.000 209109.000 209655.000 209947.000 209981.000
  1180: 210006.000 210020.000 210050.000 210070.000 210095.000
  1185: 210133.000 210972.000 210983.000 211023.000 211035.000
  1190: 211049.000 211087.000 211696.000 211751.000 211773.000
  1195: 211789.000 211815.000 211834.000 211852.000 211881.000
  1200: 211914.000 212984.000 212999.000 213094.000 213126.000
  1205: 213192.000 213229.000 213274.000 215236.000 215609.000
  1210: 215645.000 215673.000 215688.000 215736.000 215751.000
  1215: 215782.000 215795.000 215838.000 216621.000 216665.000
  1220: 216684.000 216702.000 216715.000 216727.000 216740.000
  1225: 216779.000 216793.000 216804.000 216830.000 218155.000
  1230: 218197.000 218221.000 218238.000 218243.000 218322.000
  1235: 218719.000 218791.000 218826.000 218859.000 218880.000
  1240: 218927.000 218967.000 218979.000 218992.000 219037.000
  1245: 219052.000 220151.000 220240.000 220280.000 220294.000
  1250: 220326.000 220353.000 220362.000 220385.000 223254.000
  1255: 223306.000 223322.000 223356.000 223411.000 223425.000
  1260: 223653.000 223682.000 223707.000 223728.000 223760.000
  1265: 223774.000 223787.000 223807.000 223821.000 223849.000
  1270: 223882.000 225101.000 225153.000 225172.000 225191.000
  1275: 225206.000 225238.000 225268.000 225747.000 225764.000
  1280: 225797.000 225823.000 225857.000 225873.000 225899.000
  1285: 225911.000 225946.000 225958.000 225973.000 227579.000
  1290: 227620.000 227698.000 228449.000 228470.000 228518.000
  1295: 228545.000 228576.000 228592.000 228892.000 228990.000
  1300: 229046.000 229060.000 229071.000 229093.000 229141.000
  1305: 229431.000 229441.000 229459.000 229475.000 229491.000
  1310: 229518.000 229537.000 229553.000 229594.000 229607.000
  1315: 229620.000 229666.000 229793.000 230587.000 230649.000
  1320: 230705.000 230758.000 231362.000 234403.000 236751.000
  1325: 243441.000 243767.000 243824.000 243851.000 243905.000
  1330: 243939.000 244101.000 244128.000 244144.000 244163.000
  1335: 244212.000 244238.000 244563.000 244573.000 244591.000
  1340: 244607.000 244665.000 244687.000 244701.000 244740.000
  1345: 244769.000 244795.000 245950.000 245968.000 245997.000
  1350: 246016.000 246038.000 246049.000 246079.000 246135.000
  1355: 246152.000 246174.000 247654.000 247707.000 247750.000
  1360: 247761.000 248330.000 248370.000 248423.000 248434.000
  1365: 248463.000 248531.000 248541.000 248577.000 248589.000
  1370: 248602.000 249892.000 250022.000 250041.000 250078.000
  1375: 250524.000 250622.000 250679.000 250723.000 260289.000
  1380: 266026.000 271573.000 271609.000 271619.000 271679.000
  1385: 271706.000 271747.000 271939.000 271999.000 272020.000
  1390: 272066.000 272091.000 272103.000 272444.000 272476.000
  1395: 272539.000 272554.000 272608.000 272620.000 272630.000
  1400: 272897.000 272923.000 272942.000 272972.000 273011.000
  1405: 273029.000 273042.000 273071.000 273085.000 273103.000
  1410: 273147.000 274068.000 274111.000 274134.000 274149.000
  1415: 274161.000 274191.000 274203.000 274216.000 274284.000
  1420: 275760.000 276357.000 276971.000 277037.000 277069.000
  1425: 277145.000 277180.000 277579.000 277632.000 277661.000
  1430: 277681.000 277694.000 277733.000 277779.000 277794.000
  1435: 279712.000 280109.000 280137.000 280158.000 280172.000
  1440: 280183.000 280206.000 280217.000 280230.000 280244.000
  1445: 281285.000 281294.000 281309.000 281314.000 281346.000
  1450: 281421.000 281434.000 281466.000 281497.000 282803.000
  1455: 282871.000 282889.000 282914.000 282927.000 282985.000
  1460: 283001.000 283593.000 283636.000 283674.000 283767.000
  1465: 283817.000 284070.000 284121.000 284133.000 284163.000
  1470: 284177.000 284206.000 284232.000 284242.000 284301.000
  1475: 284349.000 284361.000 285386.000 285459.000 285474.000
  1480: 285487.000 285501.000 285527.000 285554.000 285575.000
  1485: 285598.000 287054.000 288214.000 288254.000 288272.000
  1490: 288291.000 288305.000 288329.000 288372.000 288413.000
  1495: 289512.000 289569.000 289594.000 289638.000 289673.000
  1500: 289703.000 289716.000 289733.000 291424.000 291477.000
  1505: 291507.000 291540.000 292218.000 292245.000 292303.000
  1510: 292315.000 292331.000 292348.000 292376.000 292390.000
  1515: 292401.000 293455.000 293484.000 293505.000 293516.000
  1520: 293562.000 293594.000 293607.000 294105.000 294119.000
  1525: 294130.000 294141.000 294174.000 294187.000 294209.000
  1530: 294241.000 294256.000 294288.000 294299.000 294323.000
  1535: 295459.000 295533.000 295552.000 295579.000 295963.000
  1540: 296011.000 296021.000 296050.000 296064.000 296079.000
  1545: 296135.000 296145.000 296168.000 296204.000 296215.000
  1550: 296243.000 297987.000 298595.000 298617.000 298635.000
  1555: 298663.000 298696.000 298716.000 298726.000 298738.000
  1560: 298753.000 298764.000 298776.000 298806.000 298819.000
  1565: 299631.000 299654.000 299688.000 299705.000 299725.000
  1570: 299782.000 299818.000 299839.000 302260.000 302276.000
  1575: 302287.000 302311.000 302338.000 302392.000 302415.000
  1580: 302427.000 303509.000 303531.000 303559.000 303604.000
  1585: 303618.000 303646.000 304260.000 304330.000 304377.000
  1590: 304419.000 304451.000 304463.000 304475.000 304505.000
  1595: 304529.000 305675.000 305713.000 305729.000 305750.000
  1600: 305813.000 305834.000 305865.000 305877.000 305901.000
  1605: 305924.000 305937.000 307719.000 307761.000 307796.000
  1610: 308493.000 308543.000 308564.000 308571.000 308585.000
  1615: 308593.000 308635.000 308687.000 309586.000 309651.000
  1620: 309662.000 309696.000 309721.000 309780.000 310288.000
  1625: 310316.000 310332.000 310358.000 310384.000 310395.000
  1630: 310409.000 310421.000 310466.000 310496.000 312388.000
  1635: 312953.000 312971.000 313015.000 313059.000 313101.000
  1640: 313113.000 313143.000 313168.000 314264.000 314915.000
  1645: 314999.000 315623.000 315648.000 315686.000 315708.000
  1650: 315720.000 315734.000 315763.000 315777.000 315815.000
  1655: 316796.000 316823.000 316864.000 316888.000 316901.000
  1660: 316944.000 316978.000 316991.000 317009.000 318229.000
  1665: 318305.000 318319.000 318330.000 318347.000 318377.000
  1670: 318395.000 318426.000 319405.000 319475.000 319492.000
  1675: 319594.000 319605.000 319620.000 320316.000 320356.000
  1680: 320379.000 320399.000 320414.000 320431.000 320461.000
  1685: 320501.000 321927.000 322775.000 322862.000 322913.000
  1690: 323142.000 323199.000 323240.000 323259.000 324596.000
  1695: 325721.000 337506.000 337573.000 337588.000 337862.000
  1700: 337908.000 337934.000 337957.000 337979.000 337999.000
  1705: 338017.000 338324.000 338360.000 338382.000 338429.000
  1710: 338455.000 338499.000 338665.000 338711.000 338724.000
  1715: 338738.000 338756.000 339743.000 339784.000 339819.000
  1720: 339832.000 339849.000 339859.000 339871.000 339903.000
  1725: 340841.000 340894.000 340944.000 340965.000 340975.000
  1730: 340988.000 341460.000 341481.000 341520.000 341531.000
  1735: 341541.000 341586.000 341603.000 341615.000 341629.000
  1740: 344135.000 344177.000 344197.000 344229.000 344256.000
  1745: 344270.000 344278.000 344298.000 344319.000 344330.000
  1750: 344370.000 344382.000 345480.000 345495.000 345509.000
  1755: 345530.000 345555.000 345572.000 345615.000 345629.000
  1760: 345656.000 346924.000 346935.000 346994.000 347010.000
  1765: 347023.000 347071.000 347523.000 347573.000 347622.000
  1770: 347634.000 347658.000 347677.000 347701.000 347715.000
  1775: 347750.000 348492.000 349122.000 349868.000 349879.000
  1780: 349902.000 349917.000 349947.000 349959.000 349981.000
  1785: 350025.000 350036.000 350839.000 350859.000 350889.000
  1790: 350904.000 350920.000 350953.000 350975.000 351005.000
  1795: 352019.000 352092.000 352127.000 352140.000 352152.000
  1800: 352181.000 352657.000 352678.000 352714.000 352748.000
  1805: 352793.000 352807.000 352849.000 352887.000 354022.000
  1810: 354064.000 354082.000 354103.000 354119.000 354128.000
  1815: 354154.000 354188.000 354200.000 354228.000 354241.000
  1820: 354254.000 355945.000 355973.000 356581.000 356612.000
  1825: 356645.000 356693.000 356702.000 356718.000 356733.000
  1830: 356747.000 356776.000 356788.000 356835.000 357819.000
  1835: 357842.000 357853.000 357875.000 357887.000 357919.000
  1840: 357933.000 357957.000 357967.000 357993.000 358034.000
  1845: 358051.000 358995.000 359009.000 359046.000 359067.000
  1850: 359079.000 359103.000 359117.000 359141.000 359181.000
  1855: 359201.000 359254.000 359292.000
D:
     0: 7284.000 9492.000 10957.000 14267.000 15890.000
     5: 19939.000 21854.000 25048.000 29060.000 30901.000
    10: 33308.000 37021.000 38461.000 41238.000 42449.000
    15: 44136.000 47187.000 50658.000 51911.000 57400.000
    20: 60295.000 64329.000 66917.000 69881.000 72397.000
    25: 73554.000 76428.000 77814.000 79897.000 82791.000
    30: 83617.000 86533.000 89860.000 93608.000 94581.000
    35: 97891.000 100684.000 102031.000 104083.000 106837.000
    40: 109278.000 110323.000 111636.000 114328.000 115356.000
    45: 118199.000 121026.000 122873.000 123931.000 125928.000
    50: 128480.000 131431.000 132591.000 135700.000 138790.000
    55: 139208.000 140575.000 143194.000 145578.000 146263.000
    60: 149146.000 149846.000 151201.000 152377.000 153361.000
    65: 154863.000 156587.000 158400.000 163284.000 166496.000
    70: 184610.000 186294.000 189594.000 192246.000 195740.000
    75: 198871.000 200795.000 210133.000 211881.000 215795.000
    80: 216779.000 218979.000 220385.000 223807.000 225911.000
    85: 229553.000 244740.000 246135.000 248577.000 273071.000
    90: 274216.000 277794.000 280230.000 281466.000 284242.000
    95: 285575.000 288413.000 289733.000 292390.000 294241.000
   100: 296145.000 298738.000 299839.000 302427.000 304505.000
   105: 305877.000 308687.000 310421.000 313168.000 315777.000
   110: 316991.000 318426.000 320501.000 338711.000 339903.000
   115: 341615.000 344298.000 345629.000 347715.000 350025.000
   120: 351005.000 352887.000 354188.000 356747.000 357957.000
   125: 359141.000
E:
     0: 2625.000 3581.000 6994.000 7369.000 7803.000
     5: 8380.000 8721.000 9154.000 9546.000 9559.000
    10: 10665.000 11044.000 12160.000 13141.000 13765.000
    15: 13937.000 14379.000 15147.000 15322.000 15547.000
    20: 15977.000 15992.000 17415.000 18422.000 18992.000
    25: 19346.000 20098.000 21338.000 21482.000 21986.000
    30: 23098.000 23526.000 24325.000 24674.000 25166.000
    35: 25174.000 25889.000 26959.000 27482.000 27926.000
    40: 27934.000 28689.000 29271.000 30338.000 30454.000
    45: 31043.000 32227.000 32631.000 32997.000 33460.000
    50: 34169.000 34421.000 34517.000 35537.000 35942.000
    55: 36079.000 36500.000 37129.000 37152.000 38130.000
    60: 38551.000 39340.000 40340.000 40750.000 40853.000
    65: 41301.000 41857.000 42079.000 42552.000 43791.000
    70: 44215.000 45367.000 45881.000 46720.000 46725.000
    75: 47265.000 47274.000 48140.000 48368.000 49433.000
    80: 49911.000 50284.000 50306.000 50780.000 50805.000
    85: 51985.000 53255.000 53707.000 54211.000 54862.000
    90: 55062.000 55420.000 55433.000 55916.000 56420.000
    95: 56439.000 57013.000 57490.000 57504.000 58420.000
   100: 58531.000 59541.000 60375.000 60720.000 61680.000
   105: 61774.000 62686.000 63185.000 63413.000 63553.000
   110: 63664.000 64492.000 65111.000 65327.000 65432.000
   115: 65869.000 66049.000 66467.000 67020.000 67821.000
   120: 68015.000 69066.000 69960.000 69992.000 70595.000
   125: 71529.000 72484.000 73193.000 73635.000 74678.000
   130: 74842.000 75792.000 76052.000 76556.000 77490.000
   135: 77916.000 77931.000 78818.000 79200.000 79511.000
   140: 79983.000 80001.000 80551.000 81474.000 81927.000
   145: 82004.000 82372.000 82912.000 82922.000 83181.000
   150: 83754.000 84674.000 84749.000 84849.000 85830.000
   155: 86654.000 87207.000 87644.000 88820.000 89440.000
   160: 89926.000 91004.000 92181.000 92925.000 93252.000
   165: 93280.000 93698.000 94194.000 94737.000 95530.000
   170: 96561.000 96826.000 96992.000 97087.000 97452.000
   175: 97986.000 98673.000 98839.000 99821.000 100325.000
   180: 100784.000 101591.000 101653.000 102152.000 103192.000
   185: 103609.000 104219.000 105143.000 106087.000 106418.000
   190: 106484.000 106913.000 107833.000 108694.000 108696.000
   195: 109424.000 109890.000 109896.000 110475.000 111056.000
   200: 111730.000 112601.000 112676.000 113627.000 114069.000
   205: 114465.000 114926.000 115068.000 115485.000 116428.000
   210: 117020.000 118264.000 118873.000 119862.000 119864.000
   215: 120188.000 120606.000 121757.000 122556.000 122976.000
   220: 123586.000 123991.000 125018.000 125385.000 126041.000
   225: 127697.000 128179.000 128578.000 129369.000 129447.000
   230: 130342.000 131034.000 131568.000 132807.000 132810.000
   235: 133622.000 134564.000 135330.000 135851.000 136601.000
   240: 137042.000 138203.000 138834.000 138850.000 139255.000
   245: 139992.000 140085.000 140693.000 141466.000 142386.000
   250: 142839.000 143254.000 143743.000 143912.000 144816.000
   255: 145291.000 145700.000 145718.000 146325.000 147207.000
   260: 147581.000 148693.000 149283.000 150018.000 150793.000
   265: 151314.000 151938.000 152007.000 152450.000 153062.000
   270: 153456.000 154396.000 154471.000 154917.000 155593.000
   275: 155667.000 156638.000 157340.000 157474.000 157888.000
   280: 158074.000 158472.000 158955.000 159964.000 160158.000
   285: 160434.000 162071.000 162624.000 163000.000 163380.000
   290: 164200.000 164435.000 164498.000 165459.000 165740.000
   295: 166133.000 166623.000 167525.000 167896.000 168058.000
   300: 169186.000 169746.000 169816.000 172447.000 174023.000
   305: 175441.000 175674.000 176881.000 180567.000 181541.000
   310: 182721.000 184312.000 184719.000 184746.000 185328.000
   315: 185768.000 185793.000 186359.000 186382.000 187356.000
   320: 188357.000 188711.000 189212.000 189772.000 189794.000
   325: 190965.000 191715.000 191924.000 192388.000 192402.000
   330: 193026.000 193192.000 193272.000 194380.000 194855.000
   335: 195302.000 195806.000 195829.000 196666.000 197136.000
   340: 198187.000 198343.000 198501.000 198973.000 199740.000
   345: 199829.000 200290.000 200864.000 201890.000 202004.000
   350: 202475.000 202624.000 202980.000 203816.000 203944.000
   355: 204965.000 205340.000 206366.000 207159.000 207169.000
   360: 208672.000 209767.000 210192.000 210543.000 211182.000
   365: 211511.000 211983.000 212757.000 213326.000 213548.000
   370: 215323.000 215888.000 216882.000 218383.000 218580.000
   375: 219114.000 219969.000 219975.000 220440.000 220443.000
   380: 221420.000 221498.000 222722.000 223488.000 223946.000
   385: 224942.000 225332.000 225566.000 226044.000 226670.000
   390: 226810.000 227789.000 228282.000 228659.000 229206.000
   395: 229853.000 230840.000 231135.000 233549.000 235370.000
   400: 236478.000 237819.000 238106.000 238111.000 242961.000
   405: 243665.000 243998.000 244354.000 244378.000 244862.000
   410: 245800.000 246241.000 247837.000 248186.000 248658.000
   415: 249639.000 249715.000 250153.000 250354.000 250793.000
   420: 251275.000 252826.000 254652.000 254836.000 255460.000
   425: 259007.000 259191.000 259274.000 261332.000 262914.000
   430: 264684.000 265675.000 267406.000 268935.000 271414.000
   435: 271834.000 272188.000 272687.000 272711.000 273233.000
   440: 273237.000 273255.000 273861.000 274345.000 274365.000
   445: 275373.000 275516.000 276451.000 276813.000 277242.000
   450: 277891.000 278877.000 279835.000 279847.000 280305.000
   455: 280319.000 281121.000 281558.000 282464.000 282562.000
   460: 282644.000 283055.000 283424.000 283883.000 284424.000
   465: 285227.000 285656.000 286831.000 287730.000 288058.000
   470: 288479.000 289343.000 289789.000 290699.000 291609.000
   475: 292505.000 293279.000 293673.000 294383.000 295302.000
   480: 295661.000 295811.000 296297.000 297217.000 298108.000
   485: 298363.000 298466.000 298877.000 299422.000 299482.000
   490: 299899.000 300849.000 301716.000 302024.000 302090.000
   495: 302481.000 303351.000 303709.000 304088.000 304608.000
   500: 305502.000 305989.000 306876.000 307863.000 308147.000
   505: 308285.000 308748.000 309838.000 310056.000 310549.000
   510: 311580.000 312498.000 312738.000 313243.000 314081.000
   515: 315074.000 315482.000 315878.000 316545.000 316553.000
   520: 316629.000 317061.000 318063.000 318486.000 318873.000
   525: 318996.000 319692.000 319702.000 320144.000 320559.000
   530: 322020.000 322357.000 322439.000 322557.000 322605.000
   535: 322982.000 323311.000 324438.000 324969.000 325091.000
   540: 336698.000 337673.000 338069.000 338802.000 338814.000
   545: 338832.000 339967.000 341047.000 341691.000 343534.000
   550: 343825.000 343959.000 343963.000 344439.000 345268.000
   555: 345721.000 346745.000 347160.000 347804.000 349204.000
   560: 349625.000 349707.000 350097.000 351067.000 351851.000
   565: 352240.000 352947.000 353839.000 354311.000 356103.000
   570: 356415.000 356890.000 358111.000 358731.000 358804.000
   575: 359349.000
O:
     0: 10805.000 12807.000 17578.000 23274.000 26149.000
     5: 33119.000 34679.000 39506.000 43998.000 45614.000
    10: 48566.000 51729.000 52982.000 58664.000 60566.000
    15: 65590.000 68207.000 70753.000 73321.000 74993.000
    20: 77604.000 78961.000 80674.000 83439.000 84985.000
    25: 87972.000 91324.000 94381.000 95788.000 99007.000
    30: 101811.000 103379.000 105282.000 107955.000 110102.000
    35: 111293.000 112818.000 115197.000 117443.000 119073.000
    40: 123747.000 125145.000 126867.000 129555.000 132409.000
    45: 133766.000 136732.000 139034.000 141603.000 144044.000
    50: 146017.000 147906.000 149711.000 152161.000 155778.000
    55: 157610.000 164629.000 167644.000 187515.000 191413.000
    60: 193456.000 197374.000 199969.000 208911.000 213697.000
    65: 218125.000 220113.000 221729.000 226956.000 236730.000
    70: 250493.000 275695.000 279039.000 282790.000 285372.000
    75: 286967.000 289500.000 290821.000 293418.000 295426.000
    80: 297378.000 300988.000 305640.000 307103.000 310245.000
    85: 311714.000 314226.000 319362.000 321223.000 339729.000
    90: 340793.000 342625.000 345459.000 346894.000 348440.000
    95: 350812.000 352001.000 355297.000 357801.000
Q:
     0: 17578.000 26149.000 34679.000 39506.000 48566.000
     5: 58664.000 68207.000 70753.000 74993.000 80674.000
    10: 84985.000 87972.000 95788.000 99007.000 105282.000
    15: 107955.000 112818.000 117443.000 119073.000 126867.000
    20: 129555.000 133766.000 141603.000 144044.000 147906.000
    25: 155778.000 164629.000 187515.000 193456.000 197374.000
    30: 208911.000 213697.000 221729.000 226956.000 275695.000
    35: 279039.000 286967.000 290822.000 297378.000 300988.000
    40: 307103.000 311714.000 314226.000 321223.000 342625.000
    45: 348440.000 355297.000
\roi5-2
