File: C:\MED-PC\Data\2019-09-26_14h28m_Subject 19014.txt



Start Date: 09/26/19
End Date: 09/26/19
Subject: 19014
Experiment: fr8
Group: 0
Box: 1
Start Time: 14:28:47
End Time: 15:31:05
MSN: FR8 8p TTLforROItoAnymaze
B:   8.000
F:   0.000
H: 186.000
L:  202.000
R:   7.000
U:   3.000
V:  15.000
A:
     0:    0.000    1.000
C:
     0: 6637.000 6689.000 6733.000 6767.000 7041.000
     5: 7964.000 8002.000 8080.000 8122.000 8130.000
    10: 8223.000 8355.000 9700.000 9733.000 9745.000
    15: 9767.000 9786.000 9805.000 9837.000 10300.000
    20: 10365.000 10432.000 10448.000 10484.000 10538.000
    25: 10597.000 18449.000 18491.000 18502.000 18527.000
    30: 18563.000 18600.000 18626.000 19287.000 19317.000
    35: 19341.000 19362.000 19378.000 19400.000 19411.000
    40: 19430.000 19465.000 21586.000 21637.000 21678.000
    45: 21701.000 21727.000 21773.000 29956.000 29981.000
    50: 30007.000 30604.000 30633.000 30659.000 30689.000
    55: 30752.000 30773.000 31983.000 32004.000 32041.000
    60: 32085.000 32123.000 32166.000 35051.000 35096.000
    65: 35130.000 35178.000 39759.000 39787.000 39816.000
    70: 39848.000 39887.000 39909.000 39934.000 39964.000
    75: 41326.000 41358.000 41395.000 41411.000 41462.000
    80: 41491.000 41528.000 43270.000 43357.000 43436.000
    85: 43465.000 43509.000 43531.000 43548.000 43740.000
    90: 51869.000 51922.000 51967.000 51994.000 52022.000
    95: 52046.000 52068.000 58191.000 58272.000 58305.000
   100: 58314.000 58339.000 58414.000 60690.000 60763.000
   105: 96482.000 121990.000 122014.000 122029.000 122060.000
   110: 122078.000 122093.000 122117.000 122137.000 122160.000
   115: 122185.000 122220.000 123928.000 123943.000 124005.000
   120: 124039.000 124085.000 124102.000 124177.000 129635.000
   125: 129651.000 129686.000 129691.000 140259.000 140318.000
   130: 140329.000 146493.000 186445.000 186470.000 186524.000
   135: 186546.000 186572.000 186603.000 192853.000 192888.000
   140: 192925.000 192964.000 211268.000 211378.000 211392.000
   145: 211413.000 211451.000 211474.000 211512.000 212544.000
   150: 212583.000 212599.000 212649.000 212694.000 212709.000
   155: 212726.000 213405.000 213425.000 213446.000 213460.000
   160: 213503.000 213536.000 213564.000 213580.000 213604.000
   165: 213623.000 213747.000 213760.000 228807.000 228837.000
   170: 228845.000 228873.000 228974.000 229021.000 239315.000
   175: 254891.000 254930.000 255016.000 255162.000 277852.000
   180: 286091.000 289954.000 289973.000 290110.000 290143.000
   185: 290253.000 290268.000 290539.000 290564.000 290595.000
   190: 290635.000 290774.000 290829.000 291267.000 291292.000
   195: 291340.000 291373.000 291401.000 291419.000 291456.000
   200: 291469.000 291537.000
D:
     0: 10300.000 19430.000 39964.000 43740.000 122137.000
     5: 213580.000 291469.000
E:
     0:  744.000 4791.000 5028.000 6432.000 7351.000
     5: 7768.000 8702.000 10972.000 12502.000 14875.000
    10: 16683.000 17681.000 18945.000 19875.000 19880.000
    15: 21367.000 22114.000 28645.000 29582.000 30269.000
    20: 31267.000 32718.000 32721.000 34861.000 35565.000
    25: 37163.000 39216.000 40331.000 41924.000 44165.000
    30: 46521.000 47906.000 48024.000 50932.000 52456.000
    35: 55370.000 57529.000 58750.000 58910.000 60411.000
    40: 62579.000 66505.000 71222.000 72220.000 73478.000
    45: 82497.000 83680.000 85314.000 91388.000 91840.000
    50: 96570.000 99972.000 101703.000 108843.000 115311.000
    55: 117562.000 117920.000 120812.000 121827.000 122562.000
    60: 124476.000 126332.000 128277.000 128282.000 128609.000
    65: 133595.000 135121.000 138163.000 140067.000 140675.000
    70: 145196.000 147445.000 152907.000 155049.000 155400.000
    75: 158208.000 160487.000 163804.000 165736.000 167815.000
    80: 169181.000 169467.000 169611.000 169636.000 169707.000
    85: 169722.000 169743.000 169746.000 169814.000 169818.000
    90: 169850.000 170213.000 171251.000 171538.000 171627.000
    95: 171666.000 171677.000 171688.000 171703.000 171707.000
   100: 171710.000 171717.000 171751.000 171764.000 171801.000
   105: 171852.000 171855.000 171878.000 171890.000 171901.000
   110: 171915.000 171943.000 171982.000 172003.000 179979.000
   115: 183153.000 186034.000 187202.000 189930.000 193092.000
   120: 197147.000 204613.000 209118.000 209762.000 210974.000
   125: 211098.000 211798.000 213085.000 213895.000 213899.000
   130: 220345.000 222103.000 223644.000 228009.000 229486.000
   135: 231660.000 232649.000 233789.000 237733.000 244818.000
   140: 247494.000 247499.000 251960.000 254470.000 254708.000
   145: 256875.000 259817.000 262482.000 265837.000 271122.000
   150: 274740.000 276888.000 278018.000 283355.000 285583.000
   155: 288513.000 289771.000 290360.000 291003.000 291680.000
   160: 296301.000 299074.000 301119.000 301531.000 301652.000
   165: 302897.000 304677.000 310342.000 317895.000 320280.000
   170: 321741.000 322790.000 323142.000 324810.000 327080.000
   175: 328685.000 333791.000 335215.000 338246.000 339791.000
   180: 345325.000 348251.000 350915.000 355587.000 359280.000
   185: 359479.000
O:
     0: 13509.000 21556.000 43246.000 45702.000 123862.000
     5: 215484.000 301852.000
Q:
     0: 43246.000 45702.000 301852.000
\roi5-2
