File: C:\MED-PC\Data\2019-09-23_14h16m_Subject 19003.txt


Start Date: 09/23/19
End Date: 09/23/19
Subject: 19003
Experiment: fr8
Group: 1
Box: 1
Start Time: 14:16:01
End Time: 15:19:53
MSN: FR8 8p TTLforROItoAnymaze
B:   8.000
F:   0.000
H: 179.000
L:  882.000
R:  43.000
U:  20.000
V:  68.000
A:
     0:    0.000    1.000
C:
     0: 16438.000 16459.000 16504.000 16551.000 16945.000
     5: 17016.000 17027.000 17081.000 17092.000 17119.000
    10: 17137.000 17155.000 21518.000 53956.000 54082.000
    15: 54123.000 57317.000 57354.000 57385.000 62142.000
    20: 63299.000 63329.000 63349.000 63772.000 63788.000
    25: 63806.000 63825.000 63834.000 63854.000 63863.000
    30: 63895.000 75869.000 75893.000 75903.000 76924.000
    35: 76936.000 76948.000 76964.000 76974.000 77014.000
    40: 77029.000 77040.000 77057.000 80657.000 80698.000
    45: 80712.000 80723.000 80733.000 80750.000 80780.000
    50: 80790.000 80919.000 85481.000 85519.000 85536.000
    55: 88679.000 90392.000 90408.000 90439.000 90891.000
    60: 90901.000 90914.000 90925.000 90935.000 90947.000
    65: 90959.000 90971.000 90984.000 95091.000 95109.000
    70: 95131.000 95143.000 95160.000 95173.000 95194.000
    75: 96443.000 96466.000 96482.000 96493.000 96509.000
    80: 96521.000 96532.000 96550.000 96603.000 96613.000
    85: 99117.000 99122.000 99230.000 99257.000 99378.000
    90: 99387.000 99985.000 100000.000 100011.000 100030.000
    95: 100040.000 100056.000 100065.000 100144.000 100157.000
   100: 100189.000 100211.000 104727.000 104754.000 104779.000
   105: 105698.000 106924.000 106935.000 106943.000 106953.000
   110: 106966.000 106978.000 106989.000 108086.000 108123.000
   115: 108138.000 108148.000 108159.000 108182.000 108198.000
   120: 108712.000 108739.000 108749.000 108760.000 108772.000
   125: 108782.000 108796.000 108808.000 108819.000 108829.000
   130: 112480.000 112606.000 113643.000 113679.000 113751.000
   135: 113809.000 113843.000 113923.000 113967.000 114133.000
   140: 119290.000 122588.000 122602.000 122627.000 123140.000
   145: 123169.000 123182.000 123187.000 123198.000 123211.000
   150: 123227.000 124568.000 124582.000 124598.000 124611.000
   155: 124622.000 124631.000 124657.000 124674.000 127720.000
   160: 127733.000 127779.000 127791.000 128382.000 128423.000
   165: 128433.000 128442.000 128453.000 128463.000 128474.000
   170: 128487.000 128540.000 128559.000 128588.000 128596.000
   175: 128616.000 128647.000 128681.000 128720.000 132052.000
   180: 132797.000 132823.000 132833.000 132843.000 132910.000
   185: 133388.000 133425.000 133437.000 133448.000 133463.000
   190: 133498.000 133532.000 134045.000 134071.000 134082.000
   195: 134091.000 134101.000 134111.000 134132.000 134158.000
   200: 134167.000 136714.000 136723.000 136735.000 136744.000
   205: 136813.000 136847.000 136864.000 136921.000 139902.000
   210: 139921.000 140656.000 140666.000 140709.000 140780.000
   215: 142504.000 142523.000 142534.000 142543.000 142557.000
   220: 142568.000 142601.000 142631.000 142718.000 142757.000
   225: 145834.000 147863.000 147899.000 147908.000 147922.000
   230: 147930.000 147939.000 147948.000 148006.000 150811.000
   235: 150824.000 150848.000 150857.000 150869.000 150893.000
   240: 150964.000 151131.000 151160.000 154005.000 154029.000
   245: 154042.000 154053.000 154063.000 154073.000 154087.000
   250: 154195.000 154284.000 154332.000 154379.000 157634.000
   255: 158098.000 158120.000 158134.000 158144.000 158155.000
   260: 158172.000 159393.000 159404.000 159412.000 159435.000
   265: 159446.000 159472.000 160526.000 160594.000 160645.000
   270: 160710.000 160760.000 161330.000 161358.000 161393.000
   275: 163093.000 163102.000 163112.000 163121.000 163185.000
   280: 163198.000 163228.000 163251.000 166048.000 166071.000
   285: 166082.000 166094.000 166106.000 166713.000 166725.000
   290: 166736.000 166746.000 166756.000 166765.000 166774.000
   295: 166789.000 166800.000 169529.000 169611.000 169638.000
   300: 169648.000 169657.000 170303.000 170333.000 170342.000
   305: 170353.000 170365.000 170374.000 170384.000 170825.000
   310: 170838.000 170849.000 170867.000 170878.000 170891.000
   315: 170922.000 171421.000 171442.000 171451.000 171462.000
   320: 171472.000 171484.000 171497.000 171509.000 171520.000
   325: 171533.000 173777.000 175178.000 175203.000 176246.000
   330: 176285.000 176295.000 176304.000 176313.000 176327.000
   335: 176417.000 176449.000 176474.000 176534.000 176544.000
   340: 178589.000 178662.000 178710.000 178739.000 178749.000
   345: 178760.000 178787.000 178812.000 178824.000 181091.000
   350: 181121.000 181149.000 181154.000 181166.000 181185.000
   355: 182262.000 182289.000 182297.000 182312.000 182324.000
   360: 182335.000 182344.000 182355.000 184103.000 184850.000
   365: 184866.000 184883.000 187675.000 187753.000 187778.000
   370: 188219.000 188247.000 188257.000 188269.000 188283.000
   375: 188311.000 188349.000 188361.000 188456.000 189969.000
   380: 191192.000 191230.000 191285.000 191308.000 191320.000
   385: 191331.000 193629.000 193720.000 193732.000 193744.000
   390: 193754.000 193878.000 193907.000 194797.000 194828.000
   395: 194849.000 194862.000 194881.000 194891.000 194919.000
   400: 195288.000 195315.000 195327.000 195334.000 195344.000
   405: 195901.000 195933.000 195945.000 195956.000 195969.000
   410: 195978.000 195988.000 196046.000 196077.000 196142.000
   415: 196176.000 196201.000 196210.000 198196.000 198454.000
   420: 198540.000 198591.000 198617.000 198729.000 198801.000
   425: 200304.000 200319.000 200329.000 200339.000 200348.000
   430: 200362.000 200372.000 201869.000 201900.000 201909.000
   435: 201919.000 201943.000 201988.000 201998.000 202038.000
   440: 202084.000 202110.000 202168.000 204348.000 204380.000
   445: 204395.000 204406.000 204423.000 204442.000 204884.000
   450: 204917.000 204927.000 204940.000 204947.000 204958.000
   455: 204969.000 204982.000 205001.000 205028.000 205073.000
   460: 207910.000 207925.000 208046.000 209229.000 209251.000
   465: 209270.000 209279.000 209292.000 210365.000 210385.000
   470: 210401.000 212495.000 213672.000 213683.000 213694.000
   475: 213704.000 214840.000 214863.000 214923.000 214960.000
   480: 215057.000 217781.000 217799.000 217814.000 217836.000
   485: 217899.000 218043.000 218740.000 218776.000 218847.000
   490: 218874.000 218892.000 218903.000 218938.000 218959.000
   495: 219080.000 221109.000 221166.000 221194.000 221203.000
   500: 221212.000 221601.000 221622.000 221632.000 221643.000
   505: 221653.000 221664.000 221685.000 222306.000 222330.000
   510: 222342.000 222354.000 222364.000 222374.000 222400.000
   515: 222423.000 222440.000 224713.000 224734.000 224740.000
   520: 226058.000 226092.000 226161.000 226174.000 226184.000
   525: 226192.000 226227.000 226241.000 226261.000 226326.000
   530: 226386.000 226426.000 226448.000 229770.000 229803.000
   535: 229817.000 229827.000 231084.000 231242.000 231288.000
   540: 231753.000 231799.000 231839.000 231852.000 231877.000
   545: 232375.000 232402.000 232432.000 232518.000 232576.000
   550: 234796.000 234817.000 234848.000 234858.000 234924.000
   555: 235060.000 235529.000 235547.000 235558.000 235568.000
   560: 235590.000 235598.000 235607.000 235970.000 235998.000
   565: 236020.000 236045.000 236053.000 236063.000 236073.000
   570: 236107.000 239205.000 239254.000 239276.000 239284.000
   575: 239296.000 239354.000 239368.000 239419.000 239431.000
   580: 239470.000 239494.000 239564.000 242440.000 242865.000
   585: 242925.000 242946.000 242961.000 244563.000 244588.000
   590: 244618.000 245248.000 245275.000 245296.000 245304.000
   595: 245319.000 245346.000 245358.000 245367.000 248664.000
   600: 248685.000 248761.000 250558.000 250586.000 250602.000
   605: 250664.000 250711.000 251240.000 251271.000 251281.000
   610: 251292.000 251303.000 251318.000 251356.000 251722.000
   615: 251747.000 251757.000 251767.000 251777.000 251790.000
   620: 251799.000 251810.000 251822.000 254978.000 255029.000
   625: 255075.000 255090.000 255131.000 255138.000 255170.000
   630: 255597.000 255623.000 255633.000 255643.000 255651.000
   635: 255663.000 255674.000 255684.000 258319.000 258345.000
   640: 258425.000 258916.000 258929.000 259074.000 261907.000
   645: 261997.000 264052.000 264067.000 264085.000 264108.000
   650: 264116.000 264128.000 264142.000 264203.000 264219.000
   655: 264310.000 264355.000 267279.000 267288.000 267320.000
   660: 267458.000 267932.000 267960.000 267970.000 267980.000
   665: 268001.000 268018.000 268030.000 268179.000 270504.000
   670: 270603.000 270620.000 270647.000 272431.000 272465.000
   675: 272497.000 272514.000 272524.000 272534.000 272547.000
   680: 273954.000 274214.000 274301.000 275271.000 275304.000
   685: 275322.000 275332.000 275360.000 275370.000 275379.000
   690: 275392.000 275444.000 277974.000 277990.000 282579.000
   695: 282625.000 282911.000 290287.000 290503.000 290524.000
   700: 291133.000 291199.000 291209.000 291221.000 291230.000
   705: 291240.000 291254.000 291691.000 291712.000 291744.000
   710: 291758.000 291767.000 292298.000 292327.000 292337.000
   715: 292348.000 292374.000 292383.000 292395.000 293000.000
   720: 293031.000 293042.000 293053.000 293065.000 293078.000
   725: 293087.000 293097.000 293108.000 293121.000 302027.000
   730: 302941.000 302998.000 303025.000 303045.000 303065.000
   735: 303076.000 303409.000 307530.000 307540.000 307558.000
   740: 307570.000 308189.000 308209.000 308229.000 308252.000
   745: 308262.000 308273.000 308291.000 308323.000 308335.000
   750: 310871.000 312239.000 312267.000 312276.000 312300.000
   755: 312310.000 312319.000 312615.000 312655.000 312686.000
   760: 312724.000 313178.000 313216.000 313237.000 313248.000
   765: 313259.000 313269.000 313283.000 313825.000 313848.000
   770: 313862.000 313876.000 313891.000 319382.000 319404.000
   775: 319413.000 319428.000 319439.000 321039.000 321060.000
   780: 321078.000 321097.000 321120.000 321177.000 321936.000
   785: 321966.000 321977.000 321996.000 322005.000 322067.000
   790: 322076.000 322510.000 322519.000 322537.000 322545.000
   795: 322555.000 322566.000 322578.000 322612.000 322635.000
   800: 325588.000 325608.000 329272.000 329304.000 329314.000
   805: 329612.000 329622.000 330098.000 330184.000 330194.000
   810: 330206.000 330220.000 330243.000 330272.000 330346.000
   815: 333299.000 333410.000 333459.000 333563.000 333681.000
   820: 333690.000 333726.000 333742.000 333773.000 335801.000
   825: 335825.000 335845.000 335854.000 343346.000 343368.000
   830: 343376.000 344207.000 344248.000 344258.000 344269.000
   835: 344281.000 344290.000 344300.000 344837.000 344857.000
   840: 344868.000 344877.000 344888.000 344899.000 344910.000
   845: 345389.000 345409.000 345431.000 345440.000 345449.000
   850: 345477.000 346074.000 346090.000 346102.000 346113.000
   855: 346134.000 346169.000 346547.000 346588.000 346597.000
   860: 346610.000 346620.000 347233.000 347250.000 347270.000
   865: 347286.000 347361.000 347382.000 349804.000 349814.000
   870: 349827.000 349839.000 350122.000 350143.000 350156.000
   875: 350220.000 350241.000 350912.000 356220.000 358805.000
   880: 359059.000 359075.000
D:
     0: 17155.000 63895.000 76974.000 80790.000 90971.000
     5: 96550.000 100144.000 108808.000 114133.000 124674.000
    10: 128487.000 134158.000 136921.000 142631.000 148006.000
    15: 151131.000 154195.000 163251.000 166789.000 171509.000
    20: 176449.000 178812.000 182355.000 188361.000 196046.000
    25: 202038.000 204982.000 218959.000 222423.000 226241.000
    30: 236107.000 239419.000 245367.000 251810.000 255684.000
    35: 264203.000 268179.000 275392.000 293097.000 308323.000
    40: 322612.000 330346.000 333742.000
E:
     0:  138.000  144.000  162.000  190.000  199.000
     5: 4296.000 6714.000 11853.000 13551.000 16240.000
    10: 16695.000 17429.000 20478.000 21693.000 22577.000
    15: 33444.000 44832.000 53239.000 54255.000 56778.000
    20: 57656.000 62823.000 63508.000 64064.000 69728.000
    25: 75568.000 77158.000 81199.000 85862.000 87258.000
    30: 89923.000 90615.000 91207.000 95465.000 96766.000
    35: 99627.000 100435.000 106007.000 107620.000 107845.000
    40: 107898.000 108469.000 109102.000 112847.000 114449.000
    45: 119616.000 122741.000 124120.000 124188.000 124839.000
    50: 127977.000 128995.000 132370.000 133081.000 133750.000
    55: 134452.000 137269.000 141015.000 142984.000 146553.000
    60: 148227.000 151361.000 154549.000 158484.000 159594.000
    65: 160950.000 161635.000 163493.000 165637.000 166402.000
    70: 166948.000 169939.000 170573.000 171166.000 171753.000
    75: 175372.000 176690.000 179108.000 181381.000 182599.000
    80: 185317.000 187936.000 188645.000 191528.000 194178.000
    85: 195086.000 195549.000 195699.000 196401.000 199160.000
    90: 200838.000 202533.000 204660.000 205410.000 208329.000
    95: 209450.000 211251.000 212899.000 213863.000 216381.000
   100: 218182.000 219272.000 221385.000 222068.000 222775.000
   105: 224960.000 226671.000 229997.000 231443.000 232149.000
   110: 232734.000 235222.000 235789.000 236279.000 239806.000
   115: 243165.000 244913.000 245532.000 249045.000 250976.000
   120: 251542.000 252029.000 255397.000 255908.000 259466.000
   125: 263186.000 264537.000 267641.000 268329.000 270943.000
   130: 273414.000 274639.000 275661.000 287953.000 290863.000
   135: 291496.000 292066.000 292767.000 293538.000 299081.000
   140: 300256.000 301394.000 302736.000 303231.000 307753.000
   145: 308473.000 311101.000 312405.000 312882.000 312979.000
   150: 313541.000 314196.000 317239.000 318705.000 319616.000
   155: 320777.000 321310.000 322245.000 322786.000 327729.000
   160: 329727.000 330615.000 334039.000 336108.000 338098.000
   165: 340646.000 342580.000 343570.000 344490.000 345039.000
   170: 345658.000 346305.000 346775.000 347643.000 349923.000
   175: 351163.000 351431.000 353093.000 356651.000
O:
     0: 21271.000 70241.000 80590.000 87601.000 94253.000
     5: 99026.000 104679.000 112123.000 117371.000 127012.000
    10: 131763.000 139894.000 144679.000 150732.000 153902.000
    15: 157546.000 165991.000 169525.000 173695.000 178509.000
    20: 181077.000 184064.000 189941.000 198134.000 204305.000
    25: 207271.000 221084.000 224590.000 229033.000 239164.000
    30: 242312.000 248042.000 254914.000 258272.000 267067.000
    35: 270488.000 277891.000 295382.000 310816.000 325357.000
    40: 335683.000
Q:
     0: 70241.000 87601.000 94253.000 104679.000 117371.000
     5: 127013.000 139894.000 144679.000 157546.000 173695.000
    10: 184064.000 189941.000 207271.000 229033.000 242312.000
    15: 248042.000 258272.000 277891.000 295382.000 325357.000
\ROI5 -1 lidocaine
