File: C:\MED-PC\Data\2019-09-19_10h52m_Subject 19004.txt


Start Date: 09/19/19
End Date: 09/19/19
Subject: 19004
Experiment: fr8
Group: 1
Box: 1
Start Time: 10:52:24
End Time: 11:53:41
MSN: FR8 8p TTLforROItoAnymaze
B:   8.000
F:   0.000
H: 267.000
L: 1208.000
R:  70.000
U:  36.000
V:  61.000
A:
     0:    0.000    1.000
C:
     0: 7494.000 7513.000 7547.000 8835.000 8876.000
     5: 12203.000 12245.000 12288.000 12323.000 12340.000
    10: 12370.000 13088.000 13125.000 13167.000 13184.000
    15: 13243.000 13303.000 13370.000 13376.000 15001.000
    20: 15023.000 15050.000 15109.000 15121.000 15156.000
    25: 15168.000 15220.000 17297.000 18419.000 18462.000
    30: 18474.000 18508.000 18541.000 18592.000 19277.000
    35: 19323.000 19334.000 19381.000 19415.000 19455.000
    40: 20917.000 20940.000 20991.000 21018.000 21048.000
    45: 21672.000 21749.000 21792.000 21821.000 21854.000
    50: 21884.000 22794.000 22837.000 22886.000 22937.000
    55: 22989.000 23553.000 23594.000 23659.000 23732.000
    60: 23767.000 23795.000 25069.000 25089.000 25114.000
    65: 25139.000 25188.000 25238.000 26129.000 26177.000
    70: 26222.000 26255.000 26274.000 26335.000 26964.000
    75: 27000.000 27022.000 27053.000 27097.000 27130.000
    80: 27155.000 27168.000 28780.000 28805.000 28841.000
    85: 28853.000 28872.000 28885.000 28914.000 30334.000
    90: 30356.000 30385.000 30395.000 30422.000 30442.000
    95: 30496.000 30503.000 39302.000 39351.000 39380.000
   100: 39402.000 39425.000 39451.000 39474.000 39496.000
   105: 39515.000 41891.000 41920.000 41935.000 41956.000
   110: 41975.000 42018.000 42049.000 43128.000 43172.000
   115: 43203.000 43230.000 43241.000 43286.000 43310.000
   120: 43325.000 45268.000 45319.000 45338.000 45358.000
   125: 45417.000 45456.000 46905.000 46943.000 46972.000
   130: 47006.000 47023.000 47064.000 47665.000 47726.000
   135: 47756.000 47802.000 47873.000 47901.000 47922.000
   140: 48483.000 48520.000 48540.000 48562.000 48580.000
   145: 48614.000 48668.000 48719.000 48751.000 51482.000
   150: 51543.000 51621.000 51650.000 51696.000 51717.000
   155: 51786.000 51875.000 51930.000 54048.000 54078.000
   160: 54104.000 54133.000 54161.000 54200.000 55329.000
   165: 55355.000 55370.000 55394.000 55448.000 55488.000
   170: 57239.000 57288.000 57297.000 57328.000 57370.000
   175: 58449.000 58479.000 58543.000 58562.000 58580.000
   180: 59101.000 59116.000 59145.000 59195.000 59223.000
   185: 59266.000 59310.000 60086.000 60100.000 60128.000
   190: 60152.000 60197.000 60208.000 60259.000 60300.000
   195: 62260.000 62339.000 62358.000 62519.000 62587.000
   200: 62659.000 64668.000 64711.000 64740.000 64770.000
   205: 64785.000 64820.000 64836.000 65706.000 65739.000
   210: 65787.000 65802.000 65823.000 65840.000 65872.000
   215: 65908.000 65919.000 68648.000 69318.000 69372.000
   220: 69402.000 69419.000 69437.000 69454.000 69489.000
   225: 69523.000 71591.000 71642.000 71664.000 71691.000
   230: 71754.000 71764.000 71797.000 72851.000 72952.000
   235: 72985.000 73040.000 73967.000 74019.000 74057.000
   240: 74085.000 74119.000 74143.000 74180.000 74898.000
   245: 74951.000 74972.000 75003.000 75033.000 75064.000
   250: 75071.000 75107.000 75140.000 77806.000 77841.000
   255: 77858.000 77863.000 77883.000 77921.000 77948.000
   260: 78019.000 78033.000 78046.000 84025.000 84067.000
   265: 84085.000 84145.000 84209.000 84253.000 84300.000
   270: 84985.000 85033.000 85060.000 85075.000 85094.000
   275: 85141.000 85166.000 86129.000 86193.000 86219.000
   280: 86237.000 86258.000 86316.000 87235.000 87272.000
   285: 87322.000 87349.000 87366.000 87395.000 87473.000
   290: 87501.000 89119.000 89231.000 89261.000 89283.000
   295: 89300.000 89357.000 89380.000 89415.000 89451.000
   300: 92025.000 92064.000 92521.000 92548.000 92567.000
   305: 92583.000 92613.000 92641.000 92669.000 92695.000
   310: 94715.000 94842.000 94928.000 95005.000 95125.000
   315: 96573.000 96632.000 96651.000 96661.000 96674.000
   320: 96698.000 96723.000 98024.000 98068.000 98089.000
   325: 98112.000 98148.000 98158.000 98197.000 98210.000
   330: 100032.000 100074.000 100133.000 100212.000 100278.000
   335: 101423.000 101450.000 101478.000 101489.000 101510.000
   340: 101573.000 101619.000 102421.000 102468.000 102495.000
   345: 102504.000 102537.000 102562.000 102605.000 102623.000
   350: 102645.000 102660.000 104142.000 104178.000 104202.000
   355: 104223.000 104242.000 104306.000 104335.000 104352.000
   360: 106766.000 106843.000 106870.000 106879.000 107492.000
   365: 107543.000 107568.000 107600.000 107622.000 107639.000
   370: 107646.000 107680.000 107687.000 109240.000 109277.000
   375: 109334.000 109391.000 109449.000 109539.000 109592.000
   380: 111634.000 111670.000 111690.000 111721.000 111740.000
   385: 111771.000 111796.000 111822.000 111832.000 113618.000
   390: 113762.000 113806.000 113822.000 113853.000 113936.000
   395: 114001.000 115049.000 115156.000 115176.000 115196.000
   400: 115214.000 115239.000 115930.000 115984.000 116039.000
   405: 116046.000 116071.000 116092.000 116137.000 117083.000
   410: 117131.000 117146.000 117154.000 117188.000 117240.000
   415: 117249.000 117263.000 117296.000 118861.000 118919.000
   420: 118936.000 118944.000 118986.000 119013.000 119024.000
   425: 119060.000 119073.000 119088.000 120623.000 120696.000
   430: 120718.000 120760.000 120807.000 120873.000 120894.000
   435: 120965.000 125244.000 125265.000 125333.000 125350.000
   440: 125372.000 125383.000 125414.000 125425.000 128303.000
   445: 128339.000 128375.000 128434.000 128517.000 128608.000
   450: 128645.000 129654.000 129707.000 129779.000 129832.000
   455: 129867.000 129903.000 130505.000 130524.000 130540.000
   460: 130561.000 130597.000 130623.000 130662.000 130685.000
   465: 130695.000 130727.000 132334.000 132377.000 132444.000
   470: 132480.000 132546.000 132588.000 133453.000 133467.000
   475: 133478.000 133510.000 133519.000 133534.000 133556.000
   480: 133572.000 133621.000 133639.000 135046.000 135080.000
   485: 135116.000 135147.000 135166.000 135193.000 135226.000
   490: 135238.000 135267.000 135302.000 136887.000 136958.000
   495: 136988.000 137031.000 137062.000 137090.000 138172.000
   500: 138228.000 138260.000 138294.000 138334.000 138362.000
   505: 138396.000 138409.000 138424.000 138445.000 138463.000
   510: 140191.000 140229.000 140268.000 140416.000 140427.000
   515: 140473.000 140509.000 141450.000 141490.000 141507.000
   520: 141523.000 141571.000 141619.000 141632.000 141668.000
   525: 143164.000 143252.000 143277.000 143317.000 143388.000
   530: 143441.000 143478.000 144413.000 144486.000 144499.000
   535: 144524.000 144554.000 144580.000 144598.000 145384.000
   540: 145431.000 145455.000 145473.000 145517.000 145557.000
   545: 145563.000 145580.000 145600.000 145661.000 145671.000
   550: 145680.000 147073.000 147136.000 147162.000 147183.000
   555: 147193.000 147253.000 147302.000 147314.000 150879.000
   560: 150957.000 151022.000 151057.000 151085.000 151907.000
   565: 151979.000 152039.000 152066.000 152093.000 152105.000
   570: 158909.000 158965.000 158995.000 159007.000 159041.000
   575: 159094.000 159571.000 159607.000 159612.000 159626.000
   580: 159651.000 159688.000 159719.000 159743.000 159762.000
   585: 161116.000 161208.000 161260.000 161297.000 161317.000
   590: 161355.000 161378.000 161494.000 163364.000 163403.000
   595: 163434.000 163464.000 163533.000 163549.000 164616.000
   600: 164671.000 164706.000 164735.000 164754.000 164770.000
   605: 164789.000 164805.000 164835.000 164857.000 164884.000
   610: 166324.000 166441.000 166480.000 166523.000 166667.000
   615: 166725.000 166757.000 166801.000 166812.000 168383.000
   620: 168440.000 168544.000 168601.000 168675.000 168752.000
   625: 169887.000 169918.000 169944.000 169980.000 170010.000
   630: 170030.000 170039.000 170065.000 171594.000 171620.000
   635: 171654.000 171667.000 171686.000 171699.000 171716.000
   640: 171736.000 171747.000 171785.000 173544.000 173615.000
   645: 173633.000 173741.000 173794.000 173810.000 174798.000
   650: 174823.000 174871.000 174911.000 174932.000 174958.000
   655: 174967.000 175005.000 176544.000 176564.000 176595.000
   660: 176648.000 176688.000 176716.000 176739.000 177733.000
   665: 177760.000 177785.000 177803.000 177828.000 177871.000
   670: 177912.000 178852.000 178874.000 178904.000 178933.000
   675: 178947.000 178977.000 179019.000 179052.000 179074.000
   680: 179086.000 180294.000 180313.000 180367.000 180408.000
   685: 180446.000 180536.000 180605.000 180694.000 182761.000
   690: 182795.000 182861.000 182885.000 182906.000 182915.000
   695: 184108.000 184157.000 184193.000 184242.000 184268.000
   700: 184957.000 184984.000 185013.000 185035.000 185072.000
   705: 185079.000 185141.000 185174.000 186701.000 186782.000
   710: 186812.000 186838.000 186853.000 187769.000 187805.000
   715: 187838.000 187881.000 187922.000 187945.000 187971.000
   720: 187980.000 189531.000 189552.000 189642.000 189717.000
   725: 189801.000 189822.000 190979.000 190991.000 191043.000
   730: 191067.000 191089.000 191124.000 191138.000 191159.000
   735: 192721.000 192753.000 192865.000 192895.000 192977.000
   740: 193012.000 193044.000 194289.000 194345.000 194373.000
   745: 194411.000 194435.000 194454.000 194469.000 197398.000
   750: 197424.000 197456.000 197474.000 197521.000 197544.000
   755: 197562.000 197594.000 199090.000 199127.000 199152.000
   760: 199185.000 199201.000 199284.000 199294.000 210059.000
   765: 210105.000 210133.000 210154.000 210192.000 210925.000
   770: 210952.000 210979.000 210998.000 211028.000 211036.000
   775: 211059.000 211735.000 211750.000 211769.000 211806.000
   780: 211818.000 211855.000 211880.000 211900.000 211914.000
   785: 211930.000 214407.000 214426.000 214465.000 214485.000
   790: 214513.000 214538.000 214566.000 214594.000 214604.000
   795: 215834.000 215881.000 216006.000 216063.000 216132.000
   800: 217042.000 217073.000 217128.000 217160.000 217172.000
   805: 217210.000 217244.000 217250.000 218891.000 218964.000
   810: 219011.000 219040.000 220063.000 220086.000 220107.000
   815: 220126.000 220164.000 220207.000 220227.000 220249.000
   820: 220266.000 220295.000 220311.000 221572.000 221626.000
   825: 221724.000 221794.000 221843.000 221863.000 223061.000
   830: 223075.000 223092.000 223141.000 223166.000 223209.000
   835: 223263.000 223271.000 224370.000 224398.000 224421.000
   840: 224458.000 224487.000 224517.000 224528.000 224556.000
   845: 226061.000 226089.000 226121.000 226139.000 226150.000
   850: 226191.000 226929.000 226942.000 226972.000 226993.000
   855: 227012.000 227025.000 227074.000 227122.000 228787.000
   860: 228824.000 228897.000 228956.000 228975.000 230583.000
   865: 230649.000 230681.000 230694.000 230717.000 230742.000
   870: 230768.000 230780.000 230804.000 230819.000 231947.000
   875: 231990.000 232001.000 232017.000 232058.000 232102.000
   880: 233086.000 233162.000 233190.000 233209.000 233231.000
   885: 233248.000 237628.000 237662.000 237685.000 237711.000
   890: 237719.000 237745.000 237782.000 237808.000 237836.000
   895: 237847.000 237884.000 237895.000 239088.000 239108.000
   900: 239141.000 239174.000 239195.000 239205.000 239236.000
   905: 239262.000 239308.000 239319.000 240755.000 240795.000
   910: 240814.000 240868.000 242251.000 242296.000 242331.000
   915: 242353.000 242398.000 242463.000 242495.000 242687.000
   920: 242803.000 244175.000 244243.000 244280.000 244337.000
   925: 244379.000 245362.000 245429.000 245451.000 245460.000
   930: 245485.000 245501.000 245511.000 246295.000 246341.000
   935: 246362.000 246382.000 246423.000 246489.000 247117.000
   940: 247165.000 247186.000 247199.000 247222.000 247249.000
   945: 247274.000 247296.000 248579.000 248635.000 248677.000
   950: 248725.000 248761.000 248773.000 249824.000 249852.000
   955: 249885.000 249920.000 249924.000 249948.000 249973.000
   960: 249990.000 250028.000 251217.000 251282.000 251292.000
   965: 251318.000 251346.000 251374.000 252339.000 252394.000
   970: 252414.000 252432.000 252457.000 252484.000 252494.000
   975: 252517.000 252528.000 254274.000 254335.000 254362.000
   980: 254394.000 254405.000 257459.000 257498.000 257524.000
   985: 257551.000 257577.000 257589.000 257622.000 258438.000
   990: 258467.000 258494.000 258511.000 258549.000 258560.000
   995: 258583.000 258603.000 258612.000 258639.000 258661.000
  1000: 260393.000 260552.000 260647.000 260675.000 261653.000
  1005: 261670.000 261721.000 261742.000 261765.000 261791.000
  1010: 261817.000 262727.000 262770.000 262788.000 262835.000
  1015: 262878.000 262914.000 263703.000 263733.000 263781.000
  1020: 263804.000 263830.000 263869.000 264521.000 264575.000
  1025: 264598.000 264635.000 264646.000 264670.000 264699.000
  1030: 265200.000 265237.000 265247.000 265269.000 265285.000
  1035: 265334.000 265366.000 265377.000 268339.000 268364.000
  1040: 268386.000 268403.000 268422.000 268442.000 268475.000
  1045: 268493.000 270046.000 270105.000 270177.000 270197.000
  1050: 270223.000 270267.000 270279.000 271496.000 271534.000
  1055: 271557.000 271585.000 271606.000 271655.000 271682.000
  1060: 272534.000 272567.000 272595.000 272619.000 272625.000
  1065: 272665.000 272691.000 272709.000 272721.000 274125.000
  1070: 274145.000 274185.000 274210.000 274220.000 274259.000
  1075: 274296.000 275236.000 275255.000 275301.000 275327.000
  1080: 275349.000 275409.000 275446.000 275450.000 281415.000
  1085: 281447.000 281488.000 281520.000 281534.000 281546.000
  1090: 281579.000 282286.000 282297.000 282319.000 282357.000
  1095: 282388.000 282399.000 282440.000 283303.000 283354.000
  1100: 283377.000 283399.000 283431.000 284440.000 284484.000
  1105: 284505.000 284522.000 284555.000 284571.000 284581.000
  1110: 284599.000 284645.000 286143.000 286258.000 286445.000
  1115: 286513.000 306991.000 307036.000 307049.000 307067.000
  1120: 307078.000 307129.000 307156.000 307946.000 307967.000
  1125: 307973.000 308015.000 308055.000 308882.000 308916.000
  1130: 308943.000 308983.000 309022.000 309049.000 310043.000
  1135: 310070.000 310090.000 310138.000 310173.000 310193.000
  1140: 310223.000 310251.000 313056.000 313119.000 313158.000
  1145: 313167.000 313194.000 313215.000 313245.000 313266.000
  1150: 319462.000 319474.000 319505.000 319556.000 319584.000
  1155: 319629.000 319680.000 320543.000 320592.000 320653.000
  1160: 320700.000 321309.000 321339.000 321348.000 321370.000
  1165: 321393.000 321435.000 321445.000 321469.000 321477.000
  1170: 321492.000 322610.000 322771.000 322783.000 322856.000
  1175: 323125.000 324201.000 324241.000 324254.000 324291.000
  1180: 324319.000 324335.000 324364.000 324385.000 325733.000
  1185: 325758.000 325786.000 325832.000 325872.000 332045.000
  1190: 332083.000 332126.000 332155.000 332185.000 332220.000
  1195: 332244.000 344016.000 344028.000 344068.000 344129.000
  1200: 344572.000 344596.000 344617.000 344628.000 344664.000
  1205: 344686.000 344708.000 344727.000
D:
     0: 13376.000 15220.000 27168.000 30503.000 39496.000
     5: 43325.000 48719.000 51875.000 60300.000 65908.000
    10: 69523.000 75107.000 78019.000 87501.000 89415.000
    15: 92695.000 98210.000 102623.000 104352.000 107680.000
    20: 111822.000 117263.000 119060.000 120965.000 125425.000
    25: 130685.000 133572.000 135238.000 138409.000 141668.000
    30: 145580.000 147314.000 159743.000 161494.000 164805.000
    35: 166801.000 170065.000 171736.000 175005.000 179052.000
    40: 180694.000 185174.000 187980.000 191159.000 197594.000
    45: 211900.000 214594.000 217250.000 220249.000 223271.000
    50: 224556.000 227122.000 230780.000 237808.000 239262.000
    55: 242687.000 247296.000 249990.000 252517.000 258603.000
    60: 265377.000 268493.000 272709.000 275450.000 284599.000
    65: 310251.000 313266.000 321469.000 324385.000 344727.000
E:
     0:  268.000 2306.000 2564.000 4790.000 4824.000
     5: 4828.000 7025.000 8380.000 8550.000 8561.000
    10: 11889.000 12756.000 13635.000 15423.000 16915.000
    15: 17974.000 18129.000 18851.000 19735.000 21268.000
    20: 22075.000 22406.000 23230.000 24016.000 25729.000
    25: 26482.000 26687.000 27363.000 29074.000 30771.000
    30: 32768.000 35856.000 38641.000 38674.000 39761.000
    35: 42248.000 43508.000 45705.000 47263.000 48176.000
    40: 49065.000 52256.000 54350.000 55006.000 55709.000
    45: 57730.000 58782.000 59568.000 60562.000 62044.000
    50: 62927.000 64206.000 65057.000 66097.000 68925.000
    55: 69795.000 72067.000 73277.000 74436.000 75432.000
    60: 77426.000 78315.000 80759.000 82416.000 83284.000
    65: 84506.000 85528.000 86587.000 87747.000 89761.000
    70: 90977.000 91398.000 92283.000 93028.000 95424.000
    75: 97040.000 98390.000 100616.000 102071.000 102906.000
    80: 104608.000 106418.000 107115.000 108048.000 109978.000
    85: 111330.000 112076.000 113252.000 114235.000 115581.000
    90: 116381.000 117525.000 118559.000 119358.000 123446.000
    95: 124716.000 125714.000 127197.000 127215.000 127697.000
   100: 127998.000 128997.000 130208.000 130953.000 132895.000
   105: 133849.000 134803.000 135496.000 137267.000 138687.000
   110: 140732.000 141870.000 143841.000 144813.000 145936.000
   115: 147535.000 149974.000 151342.000 152378.000 153269.000
   120: 155142.000 158222.000 158225.000 158597.000 159267.000
   125: 159956.000 161719.000 163778.000 165095.000 167059.000
   130: 168966.000 170268.000 172080.000 174067.000 174078.000
   135: 175244.000 176929.000 178163.000 179378.000 180980.000
   140: 182238.000 183296.000 184455.000 185386.000 187112.000
   145: 188126.000 190138.000 191377.000 193356.000 194671.000
   150: 196774.000 197815.000 199551.000 203322.000 207058.000
   155: 207923.000 209309.000 210394.000 211271.000 212092.000
   160: 213890.000 214784.000 216363.000 217456.000 219214.000
   165: 220533.000 222201.000 223440.000 224782.000 226375.000
   170: 227335.000 229329.000 230293.000 231003.000 232317.000
   175: 233509.000 237088.000 238117.000 239506.000 241114.000
   180: 243166.000 244579.000 245695.000 246701.000 247537.000
   185: 249108.000 250196.000 251625.000 252757.000 253891.000
   190: 254616.000 257061.000 257846.000 258861.000 260907.000
   195: 262080.000 263141.000 264107.000 264926.000 265482.000
   200: 265507.000 265976.000 267246.000 268029.000 268050.000
   205: 268060.000 268701.000 270489.000 271255.000 271858.000
   210: 272903.000 274495.000 275622.000 280687.000 281126.000
   215: 281864.000 282661.000 283594.000 283897.000 284750.000
   220: 285501.000 286883.000 288833.000 291036.000 291890.000
   225: 293551.000 294549.000 297351.000 299639.000 301312.000
   230: 304249.000 306574.000 307324.000 308318.000 309277.000
   235: 310451.000 311154.000 311215.000 311809.000 312532.000
   240: 313485.000 317505.000 318892.000 319909.000 320956.000
   245: 321664.000 323493.000 324585.000 326120.000 326585.000
   250: 326748.000 329348.000 329996.000 331573.000 332426.000
   255: 335124.000 336272.000 337956.000 342352.000 343602.000
   260: 344322.000 344920.000 346076.000 349929.000 352223.000
   265: 354733.000 357254.000
O:
     0: 14977.000 17209.000 28642.000 34784.000 41872.000
     5: 45251.000 51445.000 54013.000 62184.000 68356.000
    10: 71574.000 77123.000 83910.000 89073.000 91913.000
    15: 94636.000 99994.000 104116.000 106754.000 109195.000
    20: 113548.000 118830.000 120614.000 125212.000 128269.000
    25: 132187.000 135020.000 136875.000 139968.000 143102.000
    30: 147033.000 149119.000 161118.000 163329.000 166309.000
    35: 168317.000 171557.000 173539.000 176496.000 180296.000
    40: 182690.000 186650.000 189469.000 192597.000 199061.000
    45: 213139.000 215728.000 218764.000 221527.000 224355.000
    50: 226035.000 228735.000 231890.000 239026.000 242196.000
    55: 244148.000 248522.000 251180.000 254168.000 260339.000
    60: 267083.000 270001.000 274080.000 276803.000 286121.000
    65: 313010.000 318789.000 322575.000 325639.000 357747.000
Q:
     0: 17209.000 34784.000 51445.000 62184.000 68356.000
     5: 83910.000 89073.000 94636.000 99994.000 109196.000
    10: 113548.000 120614.000 128269.000 132187.000 139968.000
    15: 143102.000 149119.000 161118.000 168317.000 173539.000
    20: 180296.000 182690.000 189469.000 192597.000 213139.000
    25: 215728.000 221527.000 228735.000 242196.000 248522.000
    30: 260339.000 267083.000 276803.000 286121.000 318789.000
    35: 322575.000
\ROI5 - 1 (8mW)
