File: C:\MED-PC\Data\2019-09-19_11h58m_Subject 19012.txt


Start Date: 09/19/19
End Date: 09/19/19
Subject: 19012
Experiment: fr8
Group: 0
Box: 1
Start Time: 11:58:42
End Time: 13:00:08
MSN: FR8 8p TTLforROItoAnymaze
B:   8.000
F:   0.000
H: 201.000
L: 1176.000
R: 100.000
U:  48.000
V:  94.000
A:
     0:    0.000    1.000
C:
     0: 8519.000 8535.000 8658.000 8703.000 22633.000
     5: 22672.000 22714.000 22742.000 22794.000 22822.000
    10: 22838.000 22888.000 22913.000 22996.000 25746.000
    15: 25788.000 25820.000 25850.000 25876.000 25911.000
    20: 25927.000 27402.000 27418.000 27434.000 27464.000
    25: 27479.000 27510.000 27536.000 27587.000 27614.000
    30: 27700.000 27729.000 29482.000 29514.000 29532.000
    35: 29556.000 29581.000 29609.000 29640.000 29679.000
    40: 29729.000 29788.000 31217.000 31259.000 31288.000
    45: 31331.000 31361.000 31386.000 31468.000 31500.000
    50: 33258.000 33307.000 33331.000 33372.000 33406.000
    55: 33438.000 33477.000 33518.000 33539.000 34922.000
    60: 34962.000 34977.000 35022.000 35049.000 35082.000
    65: 35102.000 35134.000 35215.000 36649.000 36677.000
    70: 36698.000 36727.000 36753.000 36785.000 36838.000
    75: 36870.000 38160.000 38202.000 38229.000 38252.000
    80: 38300.000 38335.000 39270.000 39303.000 39319.000
    85: 39353.000 39396.000 39416.000 39449.000 39507.000
    90: 39541.000 40694.000 40726.000 40739.000 40756.000
    95: 40780.000 40803.000 40834.000 40845.000 40878.000
   100: 40927.000 41045.000 42289.000 42338.000 42368.000
   105: 42405.000 42427.000 42477.000 43216.000 43255.000
   110: 43278.000 43308.000 43333.000 43372.000 43401.000
   115: 43462.000 43497.000 43510.000 44587.000 44613.000
   120: 44629.000 44658.000 44685.000 44690.000 44748.000
   125: 44795.000 45844.000 45888.000 45927.000 45951.000
   130: 45997.000 46020.000 46062.000 46646.000 46679.000
   135: 46693.000 46731.000 46761.000 46792.000 46811.000
   140: 46833.000 46890.000 46919.000 47946.000 47980.000
   145: 48002.000 48024.000 48047.000 48122.000 48154.000
   150: 48182.000 49672.000 49732.000 49763.000 49789.000
   155: 49821.000 49858.000 49897.000 49920.000 50816.000
   160: 50862.000 50886.000 50920.000 50957.000 51998.000
   165: 52030.000 52047.000 52073.000 52099.000 52117.000
   170: 52176.000 52235.000 53178.000 53202.000 53226.000
   175: 53250.000 53303.000 53336.000 53354.000 53394.000
   180: 54466.000 54489.000 54511.000 54541.000 54570.000
   185: 54596.000 54617.000 54651.000 55702.000 55734.000
   190: 55768.000 55802.000 55826.000 55877.000 56449.000
   195: 56480.000 56506.000 56551.000 56576.000 56606.000
   200: 56621.000 56677.000 57713.000 57737.000 57753.000
   205: 57793.000 57837.000 57878.000 57887.000 58398.000
   210: 58419.000 58444.000 58479.000 58517.000 58541.000
   215: 58583.000 58624.000 58676.000 59455.000 59479.000
   220: 59505.000 59528.000 59544.000 59575.000 59648.000
   225: 59673.000 59706.000 60675.000 60698.000 60722.000
   230: 60746.000 60777.000 60839.000 60865.000 61019.000
   235: 62085.000 62109.000 62125.000 62150.000 62175.000
   240: 62203.000 62237.000 62270.000 63196.000 63219.000
   245: 63246.000 63266.000 63300.000 63370.000 63396.000
   250: 64072.000 64115.000 64137.000 64162.000 64186.000
   255: 64235.000 64268.000 64324.000 65350.000 65369.000
   260: 65393.000 65419.000 65443.000 65471.000 65509.000
   265: 65529.000 66329.000 66369.000 66387.000 66415.000
   270: 66438.000 66469.000 66482.000 66512.000 66534.000
   275: 67466.000 67513.000 67533.000 67562.000 67635.000
   280: 67671.000 68393.000 68413.000 68438.000 68464.000
   285: 68475.000 68500.000 68529.000 68553.000 68586.000
   290: 69504.000 69532.000 69562.000 69583.000 69599.000
   295: 69624.000 69659.000 69705.000 70608.000 70642.000
   300: 70668.000 70691.000 70712.000 70736.000 70758.000
   305: 70779.000 70803.000 71744.000 71782.000 71805.000
   310: 71831.000 71844.000 71870.000 71980.000 74363.000
   315: 74406.000 74427.000 74457.000 75432.000 75475.000
   320: 75496.000 75518.000 75544.000 75593.000 75628.000
   325: 76134.000 76166.000 76205.000 76220.000 76260.000
   330: 76275.000 76300.000 76325.000 77115.000 77141.000
   335: 77152.000 77186.000 77209.000 77240.000 77255.000
   340: 77289.000 77321.000 78262.000 78292.000 78318.000
   345: 78344.000 78375.000 78428.000 78453.000 79070.000
   350: 79096.000 79127.000 79147.000 79178.000 79207.000
   355: 79250.000 79293.000 80248.000 80271.000 80287.000
   360: 80318.000 80386.000 80437.000 80449.000 80926.000
   365: 80946.000 80956.000 80977.000 81001.000 81026.000
   370: 81048.000 81060.000 81088.000 81102.000 81141.000
   375: 81967.000 81995.000 82042.000 82095.000 82116.000
   380: 82146.000 82195.000 82664.000 82688.000 82708.000
   385: 82729.000 82751.000 82776.000 82799.000 82822.000
   390: 82903.000 82937.000 82984.000 83718.000 83741.000
   395: 83769.000 83813.000 83841.000 83855.000 83882.000
   400: 83942.000 84772.000 84793.000 84811.000 84834.000
   405: 84864.000 84885.000 84916.000 84948.000 84994.000
   410: 85901.000 85931.000 85959.000 85983.000 85990.000
   415: 86025.000 86059.000 86103.000 86966.000 86998.000
   420: 87035.000 87060.000 87084.000 87106.000 87149.000
   425: 87157.000 87174.000 88061.000 88091.000 88102.000
   430: 88129.000 88162.000 88209.000 88250.000 88695.000
   435: 88712.000 88728.000 88751.000 88767.000 88791.000
   440: 88820.000 88838.000 88868.000 88949.000 89758.000
   445: 89804.000 89818.000 89846.000 89878.000 89899.000
   450: 89915.000 96120.000 96143.000 96164.000 96187.000
   455: 96207.000 96227.000 96283.000 96320.000 97469.000
   460: 97494.000 97550.000 97577.000 98255.000 98283.000
   465: 98302.000 98329.000 98343.000 98375.000 98404.000
   470: 98446.000 98464.000 99355.000 99374.000 99395.000
   475: 99414.000 99440.000 99462.000 99493.000 99517.000
   480: 99558.000 100559.000 100579.000 100597.000 100623.000
   485: 100642.000 100667.000 100694.000 101350.000 101384.000
   490: 101411.000 101427.000 101455.000 101474.000 101502.000
   495: 101524.000 101563.000 101590.000 101625.000 102493.000
   500: 102517.000 102543.000 102556.000 102593.000 102616.000
   505: 102633.000 102670.000 102694.000 103534.000 103562.000
   510: 103591.000 103623.000 103650.000 103675.000 103700.000
   515: 103753.000 104645.000 104668.000 104685.000 104703.000
   520: 104729.000 104759.000 104781.000 104812.000 104862.000
   525: 105753.000 105780.000 105800.000 105825.000 105848.000
   530: 105863.000 105885.000 105918.000 106809.000 106830.000
   535: 106851.000 106878.000 106907.000 106953.000 106986.000
   540: 107394.000 107420.000 107451.000 107477.000 107510.000
   545: 107542.000 107556.000 107606.000 108903.000 108942.000
   550: 108969.000 108990.000 109011.000 109054.000 109654.000
   555: 109677.000 109702.000 109716.000 109749.000 109762.000
   560: 109791.000 109822.000 109839.000 110640.000 110661.000
   565: 110681.000 110704.000 110724.000 110754.000 110771.000
   570: 110788.000 110826.000 111753.000 111784.000 111838.000
   575: 111865.000 111920.000 111952.000 112500.000 112531.000
   580: 112553.000 112574.000 112599.000 112618.000 112645.000
   585: 112665.000 112697.000 112734.000 113593.000 113647.000
   590: 113683.000 113726.000 113755.000 113781.000 114369.000
   595: 114386.000 114432.000 114457.000 114480.000 114510.000
   600: 114531.000 114551.000 114580.000 115404.000 115433.000
   605: 115445.000 115467.000 115495.000 115511.000 115541.000
   610: 115564.000 115586.000 116456.000 116498.000 116532.000
   615: 116548.000 116587.000 116612.000 116630.000 116654.000
   620: 117466.000 117500.000 117523.000 117551.000 117564.000
   625: 117593.000 117619.000 117661.000 117713.000 118480.000
   630: 118515.000 118531.000 118562.000 118603.000 118619.000
   635: 118634.000 121849.000 126233.000 126273.000 126304.000
   640: 126344.000 126385.000 126401.000 126438.000 126461.000
   645: 127556.000 127574.000 127628.000 127670.000 128348.000
   650: 128361.000 128386.000 128410.000 128439.000 128468.000
   655: 128513.000 128558.000 129541.000 129570.000 129594.000
   660: 129636.000 129676.000 129710.000 130268.000 130293.000
   665: 130324.000 130340.000 130363.000 130392.000 130420.000
   670: 130437.000 130457.000 130475.000 130509.000 131415.000
   675: 131449.000 131487.000 131517.000 131589.000 135888.000
   680: 135920.000 135932.000 135959.000 135982.000 135997.000
   685: 136023.000 136050.000 136086.000 136108.000 137286.000
   690: 137325.000 137335.000 137404.000 137992.000 138024.000
   695: 138044.000 138070.000 138093.000 138124.000 138157.000
   700: 138186.000 138237.000 139267.000 139309.000 139349.000
   705: 139390.000 139445.000 139944.000 139972.000 139994.000
   710: 140015.000 140041.000 140062.000 140121.000 140144.000
   715: 141049.000 141086.000 141114.000 141135.000 141152.000
   720: 141178.000 141212.000 141260.000 142314.000 142353.000
   725: 142377.000 142408.000 142452.000 142498.000 142517.000
   730: 142647.000 143708.000 143734.000 143778.000 143825.000
   735: 143848.000 143876.000 144516.000 144561.000 144595.000
   740: 144612.000 144671.000 144714.000 144768.000 145619.000
   745: 145653.000 145724.000 145740.000 145751.000 145787.000
   750: 145822.000 145849.000 145857.000 155426.000 155480.000
   755: 155498.000 155606.000 155626.000 155704.000 155728.000
   760: 155746.000 168605.000 168639.000 177164.000 177193.000
   765: 177220.000 177267.000 177371.000 177405.000 180678.000
   770: 180708.000 180724.000 180738.000 180760.000 180790.000
   775: 180814.000 180838.000 180862.000 180919.000 182014.000
   780: 182066.000 182893.000 182933.000 182954.000 182976.000
   785: 182991.000 183024.000 183053.000 183083.000 184028.000
   790: 184050.000 184070.000 184102.000 184114.000 184153.000
   795: 184197.000 184221.000 185183.000 185209.000 185236.000
   800: 185254.000 185274.000 185308.000 185357.000 185379.000
   805: 186366.000 186412.000 186434.000 186460.000 186489.000
   810: 186527.000 186538.000 186555.000 186570.000 187517.000
   815: 187561.000 187583.000 187605.000 187627.000 187648.000
   820: 187669.000 188184.000 188209.000 188227.000 188250.000
   825: 188275.000 188307.000 188353.000 188380.000 188410.000
   830: 189295.000 189324.000 189360.000 189375.000 189407.000
   835: 189442.000 189488.000 189905.000 189927.000 189976.000
   840: 190008.000 190018.000 190053.000 190071.000 190084.000
   845: 190101.000 190904.000 190934.000 190948.000 190970.000
   850: 190994.000 191013.000 191041.000 191057.000 191082.000
   855: 191114.000 191143.000 191167.000 191978.000 192004.000
   860: 192024.000 192043.000 192069.000 192093.000 192141.000
   865: 192747.000 192763.000 192787.000 192824.000 192847.000
   870: 192869.000 192895.000 192924.000 192948.000 193957.000
   875: 193980.000 194007.000 194039.000 194056.000 194092.000
   880: 194143.000 194693.000 194735.000 194756.000 194780.000
   885: 194786.000 194826.000 194859.000 194902.000 194934.000
   890: 195776.000 195845.000 195873.000 195904.000 195921.000
   895: 195948.000 195985.000 196024.000 196839.000 196889.000
   900: 196914.000 196943.000 196952.000 196985.000 196996.000
   905: 197017.000 197056.000 197901.000 197921.000 197941.000
   910: 197974.000 198053.000 198076.000 198103.000 198130.000
   915: 210390.000 210422.000 214107.000 214150.000 214177.000
   920: 214208.000 214227.000 214259.000 214317.000 214362.000
   925: 261365.000 261386.000 261402.000 261423.000 261448.000
   930: 261480.000 261525.000 261556.000 262600.000 262664.000
   935: 262685.000 262742.000 263249.000 263273.000 263285.000
   940: 263303.000 263349.000 263376.000 263402.000 263436.000
   945: 263464.000 264253.000 264279.000 264303.000 264334.000
   950: 264353.000 264371.000 264396.000 264444.000 265434.000
   955: 265478.000 265507.000 265521.000 265541.000 265567.000
   960: 265593.000 265611.000 266759.000 266780.000 266794.000
   965: 266822.000 266860.000 266889.000 266903.000 266923.000
   970: 266951.000 266966.000 266996.000 267898.000 267940.000
   975: 267967.000 268000.000 268051.000 268065.000 268079.000
   980: 268129.000 269032.000 269058.000 269081.000 269106.000
   985: 269132.000 269143.000 269173.000 269202.000 269238.000
   990: 270104.000 270126.000 270190.000 270247.000 270263.000
   995: 270294.000 270751.000 270771.000 270792.000 270822.000
  1000: 270855.000 270903.000 270933.000 271413.000 271436.000
  1005: 271459.000 271484.000 271508.000 271522.000 271537.000
  1010: 271584.000 271609.000 271685.000 272295.000 272314.000
  1015: 272342.000 272363.000 272382.000 272411.000 272435.000
  1020: 272455.000 272482.000 272520.000 272536.000 273310.000
  1025: 273329.000 273351.000 273381.000 273396.000 273417.000
  1030: 273440.000 273472.000 273511.000 273524.000 273551.000
  1035: 274289.000 274326.000 274356.000 274380.000 274398.000
  1040: 274446.000 274454.000 274479.000 274529.000 275384.000
  1045: 275427.000 275459.000 275479.000 275506.000 275535.000
  1050: 275555.000 275580.000 275609.000 275626.000 275672.000
  1055: 276373.000 276389.000 276408.000 276432.000 276460.000
  1060: 276479.000 276500.000 276536.000 276572.000 276616.000
  1065: 277443.000 277485.000 277512.000 277529.000 277554.000
  1070: 277574.000 277624.000 278046.000 278067.000 278082.000
  1075: 278105.000 278133.000 278173.000 278199.000 278225.000
  1080: 278249.000 278289.000 278357.000 278953.000 278975.000
  1085: 278998.000 279024.000 279052.000 279065.000 279115.000
  1090: 279127.000 279143.000 279168.000 279866.000 279947.000
  1095: 279961.000 279988.000 280014.000 280035.000 280055.000
  1100: 280085.000 283438.000 283466.000 283481.000 283512.000
  1105: 283577.000 297156.000 298426.000 322018.000 322057.000
  1110: 322134.000 322197.000 322936.000 322955.000 322994.000
  1115: 323024.000 323071.000 323084.000 323110.000 323132.000
  1120: 323177.000 324280.000 324337.000 324401.000 324447.000
  1125: 324467.000 324493.000 325096.000 325118.000 325136.000
  1130: 325160.000 325180.000 325210.000 325240.000 325298.000
  1135: 326341.000 326362.000 326386.000 326408.000 326438.000
  1140: 326461.000 326485.000 326517.000 326573.000 327499.000
  1145: 327555.000 327572.000 327594.000 327616.000 327647.000
  1150: 327720.000 327740.000 328716.000 328737.000 328754.000
  1155: 328781.000 328817.000 328855.000 328896.000 328934.000
  1160: 329627.000 329658.000 329712.000 329744.000 329772.000
  1165: 329901.000 330664.000 330708.000 330729.000 330754.000
  1170: 330771.000 330785.000 330812.000 330834.000 330863.000
  1175: 330958.000
D:
     0: 22888.000 27587.000 29679.000 31500.000 33518.000
     5: 35134.000 36870.000 39507.000 40845.000 43462.000
    10: 44795.000 46833.000 48182.000 49920.000 52235.000
    15: 53394.000 54651.000 56677.000 58624.000 59673.000
    20: 61019.000 62270.000 64324.000 65529.000 66512.000
    25: 68553.000 69705.000 70779.000 76325.000 77289.000
    30: 79293.000 81060.000 82822.000 83942.000 84948.000
    35: 86103.000 87157.000 88838.000 96320.000 98446.000
    40: 99517.000 101524.000 102670.000 103753.000 104812.000
    45: 105918.000 107606.000 109822.000 110788.000 112665.000
    50: 114551.000 115564.000 116654.000 117661.000 126461.000
    55: 128558.000 130437.000 136050.000 138186.000 140144.000
    60: 141260.000 142647.000 145849.000 155746.000 180838.000
    65: 183083.000 184221.000 185379.000 186555.000 188380.000
    70: 190084.000 191057.000 192924.000 194902.000 196024.000
    75: 197017.000 198130.000 214362.000 261556.000 263436.000
    80: 264444.000 265611.000 266923.000 268129.000 269202.000
    85: 271584.000 272455.000 273472.000 274479.000 275580.000
    90: 276536.000 278225.000 279127.000 280085.000 323132.000
    95: 325298.000 326517.000 327740.000 328934.000 330834.000
E:
     0: 3869.000 7262.000 10126.000 11843.000 21841.000
     5: 23320.000 26233.000 28025.000 29165.000 30091.000
    10: 31818.000 33003.000 33837.000 35457.000 37114.000
    15: 38722.000 39825.000 41291.000 42796.000 43779.000
    20: 45082.000 46359.000 47214.000 48444.000 49368.000
    25: 50160.000 51275.000 52490.000 53621.000 54253.000
    30: 54926.000 55476.000 56152.000 57074.000 58150.000
    35: 58914.000 59973.000 61290.000 62494.000 63617.000
    40: 63881.000 64706.000 65752.000 66766.000 67938.000
    45: 68173.000 68843.000 70030.000 71039.000 72222.000
    50: 74684.000 75863.000 76569.000 77549.000 78715.000
    55: 79519.000 80061.000 80693.000 81413.000 82449.000
    60: 83187.000 84157.000 85198.000 86362.000 87408.000
    65: 87871.000 88481.000 89164.000 93043.000 95319.000
    70: 96599.000 97867.000 98700.000 99817.000 101050.000
    75: 101858.000 102319.000 102999.000 104001.000 105102.000
    80: 106151.000 107179.000 107806.000 109214.000 110078.000
    85: 111073.000 112205.000 112940.000 114042.000 114837.000
    90: 115851.000 116897.000 117946.000 118933.000 121467.000
    95: 122400.000 124029.000 125871.000 126704.000 127188.000
   100: 128042.000 128865.000 130052.000 130769.000 131842.000
   105: 134715.000 135389.000 135395.000 136409.000 137641.000
   110: 138501.000 139722.000 140373.000 141511.000 142993.000
   115: 144170.000 145042.000 146099.000 147910.000 152901.000
   120: 156040.000 158895.000 164949.000 168952.000 169559.000
   125: 176553.000 180257.000 181130.000 181696.000 182535.000
   130: 183315.000 184496.000 185612.000 186861.000 187931.000
   135: 188697.000 189680.000 190351.000 191414.000 192457.000
   140: 193328.000 193774.000 194379.000 195237.000 196250.000
   145: 197337.000 198363.000 206308.000 209977.000 213735.000
   150: 214586.000 216209.000 226063.000 233558.000 236392.000
   155: 245107.000 261762.000 262942.000 263631.000 264669.000
   160: 265879.000 266540.000 267232.000 268312.000 269465.000
   165: 270542.000 271203.000 271912.000 272774.000 273801.000
   170: 274862.000 275875.000 276805.000 277848.000 278575.000
   175: 279420.000 280333.000 283827.000 294994.000 297821.000
   180: 311302.000 314646.000 321099.000 322446.000 323416.000
   185: 324733.000 325580.000 326778.000 327958.000 329119.000
   190: 330143.000 331180.000 331874.000 337111.000 341848.000
   195: 345207.000 348144.000 355727.000 357950.000 358066.000
   200: 359963.000
O:
     0: 25711.000 29462.000 31154.000 33226.000 34892.000
     5: 36633.000 38089.000 40671.000 42280.000 44567.000
    10: 45828.000 47919.000 49620.000 50802.000 53167.000
    15: 54434.000 55658.000 57701.000 59443.000 60653.000
    20: 62053.000 63171.000 65326.000 66314.000 67446.000
    25: 69477.000 70595.000 71721.000 77081.000 78236.000
    30: 80236.000 81958.000 83700.000 84756.000 85891.000
    35: 86947.000 88038.000 89739.000 97434.000 99338.000
    40: 100535.000 102479.000 103516.000 104607.000 105719.000
    45: 106762.000 108812.000 110617.000 111736.000 113576.000
    50: 115375.000 116445.000 117453.000 118460.000 127443.000
    55: 129515.000 131382.000 137163.000 139213.000 141024.000
    60: 142305.000 143627.000 155411.000 159182.000 181927.000
    65: 183985.000 185167.000 186343.000 187504.000 189274.000
    70: 190884.000 191948.000 193935.000 195760.000 196810.000
    75: 197866.000 210370.000 216505.000 262571.000 264216.000
    80: 265405.000 266735.000 267875.000 268995.000 270072.000
    85: 272269.000 273291.000 274264.000 275370.000 276341.000
    90: 277384.000 278931.000 279834.000 280763.000 324220.000
    95: 326313.000 327480.000 328684.000 329594.000 347933.000
Q:
     0: 31154.000 36633.000 40671.000 42280.000 45828.000
     5: 47919.000 53167.000 54434.000 59443.000 63171.000
    10: 67446.000 71722.000 77081.000 81958.000 84756.000
    15: 85891.000 89739.000 99338.000 102479.000 104607.000
    20: 105719.000 108812.000 113576.000 117453.000 118460.000
    25: 131382.000 137163.000 141024.000 155411.000 159182.000
    30: 183985.000 185167.000 187504.000 189274.000 193935.000
    35: 195760.000 210370.000 264216.000 266735.000 267875.000
    40: 272269.000 273291.000 275370.000 276341.000 279834.000
    45: 326313.000 327481.000 329594.000
\ROI5 - 1 
