File: C:\MED-PC\Data\2019-09-20_11h27m_Subject 19008.txt


Start Date: 09/20/19
End Date: 09/20/19
Subject: 19008
Experiment: fr8
Group: 1
Box: 1
Start Time: 11:27:24
End Time: 12:28:24
MSN: FR8 8p TTLforROItoAnymaze
B:   8.000
F:   0.000
H: 453.000
L: 1446.000
R:  98.000
U:  49.000
V: 414.000
A:
     0:    0.000    1.000
C:
     0: 6619.000 6650.000 6664.000 8847.000 8979.000
     5: 8995.000 9039.000 9089.000 10059.000 10090.000
    10: 10111.000 10137.000 10161.000 10189.000 10257.000
    15: 10858.000 10880.000 10900.000 10942.000 10963.000
    20: 10981.000 11603.000 11625.000 11670.000 11694.000
    25: 11724.000 11762.000 12389.000 12435.000 12536.000
    30: 13052.000 13083.000 13124.000 13143.000 13161.000
    35: 13183.000 13210.000 13244.000 18553.000 18559.000
    40: 18574.000 18619.000 18676.000 18795.000 19002.000
    45: 19179.000 21768.000 21904.000 21924.000 21956.000
    50: 21985.000 22016.000 22040.000 22065.000 22088.000
    55: 22115.000 22176.000 22194.000 22218.000 22271.000
    60: 22322.000 25218.000 25231.000 25253.000 25276.000
    65: 25298.000 25321.000 25343.000 26355.000 26374.000
    70: 27016.000 27033.000 27049.000 27073.000 27120.000
    75: 27151.000 27179.000 27515.000 27544.000 27585.000
    80: 27958.000 27996.000 28042.000 28055.000 28078.000
    85: 28095.000 28120.000 28141.000 28179.000 28238.000
    90: 31110.000 31131.000 31144.000 31163.000 31190.000
    95: 31213.000 31234.000 31266.000 31286.000 31301.000
   100: 31325.000 31397.000 31425.000 31460.000 31533.000
   105: 31702.000 31729.000 31758.000 34902.000 34937.000
   110: 35281.000 35389.000 35600.000 36987.000 37050.000
   115: 37103.000 37121.000 37386.000 37407.000 37434.000
   120: 37474.000 37494.000 37529.000 37570.000 37582.000
   125: 40181.000 40199.000 40250.000 40296.000 41779.000
   130: 41813.000 41879.000 41899.000 41921.000 41941.000
   135: 41958.000 42030.000 45449.000 45471.000 45483.000
   140: 45505.000 45527.000 45548.000 45581.000 45602.000
   145: 45638.000 45719.000 45742.000 45780.000 45821.000
   150: 45885.000 45909.000 45929.000 45951.000 45987.000
   155: 48520.000 48542.000 48562.000 48586.000 48618.000
   160: 48654.000 48684.000 48723.000 48778.000 48804.000
   165: 48866.000 48921.000 48945.000 49010.000 49064.000
   170: 49094.000 51829.000 51913.000 51931.000 51957.000
   175: 51972.000 52846.000 52868.000 52885.000 52907.000
   180: 52952.000 53006.000 53038.000 53066.000 55233.000
   185: 55248.000 55290.000 55308.000 55334.000 55380.000
   190: 55391.000 55453.000 55469.000 55495.000 58976.000
   195: 59188.000 59228.000 59306.000 59476.000 59656.000
   200: 61313.000 61381.000 61434.000 61530.000 62400.000
   205: 62413.000 62442.000 62467.000 62478.000 62520.000
   210: 62545.000 62573.000 62604.000 64787.000 65025.000
   215: 65398.000 65410.000 65427.000 65449.000 65498.000
   220: 65508.000 65536.000 65559.000 65596.000 68112.000
   225: 68134.000 68151.000 68167.000 68185.000 68207.000
   230: 68236.000 68288.000 69950.000 69975.000 69990.000
   235: 70029.000 70086.000 70129.000 70154.000 70219.000
   240: 70289.000 70346.000 70465.000 70490.000 70532.000
   245: 70565.000 70612.000 72818.000 72866.000 72889.000
   250: 72925.000 72941.000 72962.000 72976.000 73015.000
   255: 73053.000 73070.000 73102.000 73319.000 73335.000
   260: 73354.000 73393.000 73429.000 73449.000 73520.000
   265: 75791.000 75812.000 75831.000 75856.000 75877.000
   270: 75902.000 75919.000 75936.000 76002.000 76021.000
   275: 78248.000 78274.000 78293.000 78350.000 78393.000
   280: 78433.000 78478.000 78497.000 78530.000 78651.000
   285: 78926.000 79030.000 81118.000 81135.000 81157.000
   290: 81179.000 81206.000 81222.000 81241.000 81328.000
   295: 81344.000 81393.000 81724.000 81783.000 81800.000
   300: 81816.000 81853.000 83543.000 83624.000 83657.000
   305: 83684.000 83750.000 83808.000 84692.000 84720.000
   310: 84738.000 84756.000 84777.000 84798.000 84818.000
   315: 84840.000 84888.000 84931.000 85006.000 91374.000
   320: 91429.000 91443.000 91459.000 91532.000 92136.000
   325: 92149.000 92164.000 92181.000 92200.000 92222.000
   330: 92287.000 92292.000 92317.000 92337.000 94269.000
   335: 94460.000 94492.000 95213.000 95269.000 95290.000
   340: 95313.000 95338.000 95358.000 95379.000 95453.000
   345: 97037.000 97156.000 97177.000 97196.000 97216.000
   350: 97314.000 97360.000 97378.000 97401.000 97479.000
   355: 97615.000 99964.000 99995.000 100016.000 100037.000
   360: 100058.000 100082.000 100104.000 100128.000 100154.000
   365: 100307.000 100331.000 100353.000 100377.000 102465.000
   370: 102552.000 102570.000 102592.000 102600.000 102618.000
   375: 102634.000 102694.000 102747.000 105199.000 105264.000
   380: 105308.000 105331.000 105346.000 105388.000 105408.000
   385: 106046.000 106079.000 106096.000 106120.000 106136.000
   390: 106188.000 106228.000 106279.000 108215.000 108228.000
   395: 108252.000 108281.000 108308.000 108336.000 108358.000
   400: 108403.000 108495.000 108515.000 108540.000 108562.000
   405: 108587.000 108741.000 108761.000 108784.000 108807.000
   410: 108830.000 108866.000 108890.000 111049.000 111089.000
   415: 111122.000 111137.000 111158.000 111178.000 111200.000
   420: 111225.000 111282.000 113923.000 113967.000 113988.000
   425: 114009.000 114031.000 114056.000 114085.000 114110.000
   430: 114135.000 114159.000 114215.000 114238.000 114260.000
   435: 114385.000 114406.000 114427.000 114455.000 114472.000
   440: 114488.000 114514.000 114547.000 114574.000 114594.000
   445: 114651.000 116609.000 116631.000 116654.000 116711.000
   450: 116727.000 116742.000 116767.000 116782.000 116849.000
   455: 116870.000 116891.000 118794.000 118814.000 118838.000
   460: 118857.000 118878.000 118896.000 118917.000 118944.000
   465: 118967.000 119001.000 119027.000 119073.000 120898.000
   470: 120905.000 120959.000 120979.000 121006.000 121060.000
   475: 121146.000 121163.000 121187.000 121209.000 121234.000
   480: 121258.000 121350.000 121367.000 121389.000 121425.000
   485: 121449.000 121470.000 121491.000 121510.000 121527.000
   490: 121538.000 121563.000 121592.000 123829.000 123970.000
   495: 123988.000 124005.000 124029.000 124056.000 124089.000
   500: 124384.000 124456.000 124476.000 124497.000 124530.000
   505: 124544.000 124577.000 124592.000 124620.000 124636.000
   510: 124654.000 126608.000 126658.000 126675.000 126691.000
   515: 126748.000 126764.000 126783.000 126803.000 126827.000
   520: 126840.000 129008.000 129105.000 129125.000 129141.000
   525: 129164.000 129187.000 130191.000 130256.000 130302.000
   530: 130338.000 130358.000 130420.000 131427.000 131550.000
   535: 131569.000 131589.000 131608.000 131631.000 131654.000
   540: 131675.000 131699.000 131725.000 131750.000 133616.000
   545: 133741.000 133769.000 133806.000 133858.000 134367.000
   550: 134384.000 135591.000 135606.000 135621.000 135645.000
   555: 135663.000 135681.000 135718.000 135764.000 135801.000
   560: 135811.000 137264.000 137303.000 137353.000 137370.000
   565: 137468.000 137497.000 137532.000 137551.000 139831.000
   570: 139918.000 139954.000 140838.000 140898.000 140916.000
   575: 140935.000 140956.000 140977.000 141078.000 141751.000
   580: 141793.000 141818.000 141851.000 141871.000 141909.000
   585: 141919.000 141933.000 141948.000 141966.000 141996.000
   590: 151396.000 151432.000 152311.000 152337.000 152357.000
   595: 152377.000 152401.000 152420.000 152453.000 152480.000
   600: 152496.000 152508.000 152527.000 154311.000 154372.000
   605: 154409.000 154480.000 154497.000 154512.000 154529.000
   610: 154543.000 154593.000 156525.000 156619.000 156648.000
   615: 156673.000 156697.000 156712.000 156732.000 156764.000
   620: 156787.000 158814.000 158997.000 159022.000 159052.000
   625: 159073.000 159092.000 159274.000 159288.000 159312.000
   630: 159359.000 159377.000 159396.000 159420.000 159465.000
   635: 159508.000 161182.000 161262.000 161284.000 161302.000
   640: 161312.000 161353.000 162307.000 162343.000 162361.000
   645: 162386.000 162408.000 162421.000 162491.000 162520.000
   650: 162543.000 169540.000 169590.000 170125.000 170880.000
   655: 170907.000 170929.000 170953.000 171006.000 171033.000
   660: 171052.000 171073.000 171092.000 171111.000 172910.000
   665: 173010.000 173030.000 173054.000 173074.000 173090.000
   670: 173114.000 173250.000 173271.000 173294.000 173313.000
   675: 173333.000 173390.000 173462.000 173491.000 173504.000
   680: 173522.000 173545.000 173569.000 175526.000 175680.000
   685: 175706.000 176276.000 176290.000 176311.000 176337.000
   690: 176360.000 176384.000 176400.000 176420.000 176479.000
   695: 178663.000 178792.000 178826.000 179626.000 179652.000
   700: 179668.000 179694.000 179716.000 179735.000 179765.000
   705: 179786.000 179816.000 179832.000 182419.000 182562.000
   710: 182581.000 182603.000 182623.000 182648.000 182684.000
   715: 182768.000 182784.000 182806.000 182828.000 182853.000
   720: 182917.000 182980.000 182990.000 183011.000 183030.000
   725: 183076.000 185030.000 185056.000 185080.000 185189.000
   730: 185281.000 185298.000 185316.000 185336.000 187395.000
   735: 187577.000 187595.000 187612.000 187632.000 187690.000
   740: 187869.000 187902.000 187926.000 187953.000 188049.000
   745: 189816.000 189871.000 189901.000 189921.000 189943.000
   750: 189959.000 189978.000 190019.000 192011.000 192105.000
   755: 192439.000 192460.000 192541.000 192563.000 192637.000
   760: 193923.000 193967.000 194050.000 194067.000 194098.000
   765: 194112.000 194133.000 194615.000 194631.000 194648.000
   770: 194678.000 194700.000 194716.000 194730.000 194754.000
   775: 194774.000 194807.000 194824.000 196379.000 196488.000
   780: 199627.000 199656.000 199675.000 199697.000 199720.000
   785: 199744.000 199768.000 200459.000 200477.000 200494.000
   790: 200523.000 200545.000 200583.000 201205.000 201225.000
   795: 201250.000 201267.000 201288.000 201310.000 201328.000
   800: 201343.000 201371.000 201389.000 203241.000 203397.000
   805: 203951.000 203984.000 204001.000 204019.000 204038.000
   810: 204066.000 204091.000 206388.000 206447.000 206462.000
   815: 206483.000 206505.000 206551.000 207151.000 207191.000
   820: 207211.000 207234.000 207257.000 207283.000 207304.000
   825: 207329.000 207351.000 207375.000 207399.000 207425.000
   830: 207449.000 207479.000 207576.000 207594.000 207616.000
   835: 207639.000 207660.000 207681.000 207710.000 207736.000
   840: 207748.000 207820.000 207842.000 209928.000 209951.000
   845: 209969.000 209998.000 210064.000 210083.000 210102.000
   850: 210125.000 212424.000 212440.000 212454.000 212477.000
   855: 212490.000 212504.000 212538.000 212581.000 212606.000
   860: 212628.000 212668.000 214733.000 214899.000 214915.000
   865: 214936.000 214958.000 214982.000 214991.000 215022.000
   870: 215132.000 215148.000 215190.000 215217.000 215262.000
   875: 215278.000 215302.000 215324.000 215361.000 215382.000
   880: 215414.000 217236.000 217321.000 217345.000 217369.000
   885: 217386.000 217411.000 217428.000 217448.000 217478.000
   890: 217500.000 219800.000 219824.000 219845.000 219871.000
   895: 219899.000 219928.000 219957.000 220010.000 220150.000
   900: 220159.000 220181.000 220204.000 220225.000 220244.000
   905: 220304.000 220347.000 220361.000 220432.000 222165.000
   910: 222182.000 222212.000 222282.000 222304.000 222354.000
   915: 223100.000 223123.000 223150.000 223177.000 223198.000
   920: 223223.000 223242.000 223265.000 223302.000 225034.000
   925: 225122.000 225139.000 225167.000 225183.000 225222.000
   930: 225242.000 225260.000 225282.000 225311.000 227216.000
   935: 227236.000 227264.000 227291.000 227339.000 228000.000
   940: 228134.000 229605.000 229713.000 229756.000 230356.000
   945: 230375.000 230398.000 230426.000 230452.000 230529.000
   950: 230570.000 230665.000 232966.000 233001.000 233083.000
   955: 233119.000 233213.000 233318.000 233336.000 233361.000
   960: 233401.000 233502.000 233516.000 233536.000 233586.000
   965: 235344.000 235397.000 235418.000 235449.000 235490.000
   970: 235520.000 235536.000 235573.000 237280.000 237343.000
   975: 237364.000 237425.000 237453.000 238015.000 238036.000
   980: 238053.000 238081.000 238099.000 238120.000 238141.000
   985: 238159.000 238179.000 238202.000 238235.000 239975.000
   990: 240081.000 240096.000 240116.000 240141.000 240163.000
   995: 240188.000 240222.000 240224.000 240345.000 240363.000
  1000: 240385.000 240407.000 240470.000 240481.000 240534.000
  1005: 240558.000 240595.000 242246.000 242297.000 242337.000
  1010: 242363.000 242389.000 242413.000 242436.000 242456.000
  1015: 242477.000 242541.000 242608.000 242625.000 242647.000
  1020: 242663.000 242706.000 242712.000 242791.000 242811.000
  1025: 242839.000 244500.000 244593.000 244610.000 244633.000
  1030: 244646.000 244663.000 244683.000 244708.000 244725.000
  1035: 246773.000 246829.000 246866.000 246895.000 246913.000
  1040: 247014.000 247133.000 247285.000 247300.000 247323.000
  1045: 247400.000 248976.000 249071.000 249091.000 249108.000
  1050: 249129.000 249706.000 249727.000 249752.000 249770.000
  1055: 249790.000 249817.000 249837.000 249855.000 251467.000
  1060: 251536.000 251554.000 251572.000 251597.000 251634.000
  1065: 251649.000 251675.000 253469.000 253488.000 253504.000
  1070: 253528.000 253548.000 253569.000 253583.000 253606.000
  1075: 253631.000 253663.000 253687.000 253721.000 253838.000
  1080: 256133.000 256161.000 256184.000 256209.000 256237.000
  1085: 256264.000 256277.000 256319.000 257758.000 257803.000
  1090: 258030.000 258048.000 258069.000 258090.000 258111.000
  1095: 258122.000 258141.000 258155.000 258289.000 258299.000
  1100: 258314.000 258332.000 258352.000 258372.000 258392.000
  1105: 258411.000 259901.000 259988.000 260013.000 260031.000
  1110: 260052.000 260076.000 260098.000 260140.000 260164.000
  1115: 260188.000 260280.000 260330.000 260429.000 260480.000
  1120: 260497.000 260518.000 262222.000 262285.000 262311.000
  1125: 262348.000 262995.000 263018.000 263036.000 263064.000
  1130: 263090.000 263113.000 263132.000 263154.000 263172.000
  1135: 264868.000 264918.000 264937.000 264963.000 264987.000
  1140: 265060.000 265073.000 265093.000 265114.000 265131.000
  1145: 266985.000 267074.000 267100.000 267122.000 267147.000
  1150: 267166.000 267181.000 267208.000 267229.000 267251.000
  1155: 267273.000 267300.000 267328.000 267357.000 267385.000
  1160: 267410.000 267545.000 267566.000 267584.000 267592.000
  1165: 267625.000 269044.000 269114.000 269135.000 269157.000
  1170: 269245.000 269273.000 269978.000 270016.000 270036.000
  1175: 270063.000 270086.000 270119.000 270139.000 270160.000
  1180: 270191.000 270215.000 274053.000 274104.000 274123.000
  1185: 274272.000 274348.000 274366.000 274432.000 277842.000
  1190: 277889.000 277909.000 277928.000 277947.000 277969.000
  1195: 277988.000 278007.000 278035.000 278066.000 279906.000
  1200: 279943.000 279959.000 279987.000 280013.000 280037.000
  1205: 280061.000 280104.000 280185.000 280204.000 280226.000
  1210: 280249.000 280271.000 280452.000 280468.000 280493.000
  1215: 280510.000 280529.000 280555.000 281889.000 282070.000
  1220: 282089.000 282184.000 282346.000 282360.000 282379.000
  1225: 282399.000 282418.000 282443.000 282463.000 284328.000
  1230: 284379.000 284398.000 284420.000 284437.000 284450.000
  1235: 284473.000 284489.000 284510.000 284536.000 284554.000
  1240: 284611.000 284628.000 286728.000 286777.000 286793.000
  1245: 286810.000 286838.000 286944.000 287005.000 287022.000
  1250: 287041.000 289007.000 289050.000 289074.000 289097.000
  1255: 289119.000 289142.000 289162.000 289182.000 289205.000
  1260: 289229.000 289246.000 289368.000 289386.000 289409.000
  1265: 289431.000 289453.000 289470.000 289502.000 289516.000
  1270: 289579.000 289600.000 289620.000 289639.000 289682.000
  1275: 289702.000 291125.000 291180.000 291203.000 291225.000
  1280: 291251.000 291284.000 291310.000 291330.000 291358.000
  1285: 291565.000 293259.000 293633.000 293793.000 293809.000
  1290: 293828.000 293891.000 293953.000 294918.000 294983.000
  1295: 295008.000 295038.000 295075.000 295221.000 295246.000
  1300: 295274.000 295311.000 296956.000 297035.000 297060.000
  1305: 297211.000 297829.000 297854.000 297896.000 297924.000
  1310: 297965.000 298725.000 298763.000 298781.000 298826.000
  1315: 298843.000 298859.000 298869.000 298891.000 298932.000
  1320: 302670.000 302965.000 302983.000 303004.000 303037.000
  1325: 303059.000 303083.000 303105.000 303235.000 303250.000
  1330: 303266.000 303298.000 303319.000 303339.000 303361.000
  1335: 303391.000 303413.000 303427.000 303443.000 303576.000
  1340: 305116.000 305192.000 305212.000 305235.000 305254.000
  1345: 305279.000 305300.000 305320.000 305342.000 305496.000
  1350: 305517.000 305540.000 305561.000 305578.000 305768.000
  1355: 305792.000 305816.000 305877.000 324359.000 324383.000
  1360: 324399.000 324421.000 324446.000 324472.000 324507.000
  1365: 324530.000 324572.000 326250.000 326281.000 326296.000
  1370: 326318.000 326342.000 326364.000 326385.000 326401.000
  1375: 326419.000 326441.000 326465.000 326483.000 326668.000
  1380: 326709.000 326866.000 326886.000 326906.000 326925.000
  1385: 326947.000 326965.000 326990.000 327012.000 328093.000
  1390: 328116.000 328134.000 328156.000 328219.000 328237.000
  1395: 328273.000 328288.000 328357.000 332129.000 332153.000
  1400: 332176.000 332199.000 332219.000 332272.000 332290.000
  1405: 332328.000 334160.000 334213.000 334265.000 334867.000
  1410: 334891.000 334913.000 334933.000 335095.000 335605.000
  1415: 335631.000 335654.000 335678.000 335707.000 335728.000
  1420: 335753.000 335777.000 337912.000 337986.000 338016.000
  1425: 338036.000 338057.000 338075.000 338147.000 338283.000
  1430: 338359.000 338374.000 338395.000 338414.000 340024.000
  1435: 340318.000 340341.000 340361.000 340383.000 340403.000
  1440: 340569.000 340591.000 340611.000 340629.000 342135.000
  1445: 359622.000
D:
     0: 13244.000 19179.000 22065.000 28141.000 31266.000
     5: 37582.000 42030.000 45602.000 48723.000 53066.000
    10: 55453.000 62573.000 65508.000 68288.000 70219.000
    15: 73015.000 75936.000 78497.000 81328.000 84840.000
    20: 92292.000 95453.000 97378.000 100128.000 102694.000
    25: 106279.000 108403.000 111225.000 114110.000 116782.000
    30: 118944.000 121163.000 124384.000 126803.000 131675.000
    35: 135764.000 137551.000 141933.000 152480.000 154543.000
    40: 156764.000 159288.000 162520.000 171073.000 173250.000
    45: 176420.000 179786.000 182768.000 185336.000 187902.000
    50: 190019.000 194754.000 201343.000 204066.000 207329.000
    55: 210125.000 212581.000 215022.000 217448.000 220010.000
    60: 223265.000 225260.000 230665.000 233361.000 235573.000
    65: 238159.000 240222.000 242456.000 244708.000 247285.000
    70: 249855.000 251675.000 253606.000 256319.000 258122.000
    75: 260140.000 263154.000 265093.000 267208.000 270160.000
    80: 278007.000 280104.000 282399.000 284489.000 287022.000
    85: 289182.000 291330.000 295274.000 298891.000 303105.000
    90: 305320.000 324530.000 326401.000 328288.000 332328.000
    95: 335777.000 338283.000 340591.000
E:
     0:  218.000  797.000 1063.000 1491.000 1495.000
     5: 4034.000 4412.000 4416.000 6197.000 7279.000
    10: 7376.000 9168.000 9171.000 9457.000 9460.000
    15: 9518.000 9523.000 10321.000 10402.000 10572.000
    20: 11044.000 11308.000 11874.000 12111.000 12653.000
    25: 12687.000 13309.000 13906.000 17820.000 18179.000
    30: 19295.000 19334.000 19452.000 19631.000 21487.000
    35: 22367.000 22692.000 22696.000 25408.000 25769.000
    40: 25771.000 26485.000 26752.000 27226.000 27742.000
    45: 28329.000 29022.000 31793.000 32521.000 32825.000
    50: 34278.000 34424.000 35680.000 36062.000 37203.000
    55: 37685.000 38061.000 38171.000 40376.000 40605.000
    60: 40867.000 42122.000 42297.000 44766.000 45086.000
    65: 46060.000 46141.000 46236.000 48239.000 49182.000
    70: 49475.000 51003.000 51428.000 52081.000 52325.000
    75: 53158.000 53309.000 55015.000 55552.000 55696.000
    80: 57698.000 58037.000 59812.000 60073.000 61081.000
    85: 61583.000 61960.000 62675.000 62881.000 65725.000
    90: 66001.000 67737.000 68363.000 68570.000 70673.000
    95: 71101.000 72103.000 73557.000 74072.000 75251.000
   100: 75486.000 76112.000 76341.000 76407.000 78058.000
   105: 79126.000 79513.000 80811.000 81918.000 82439.000
   110: 83868.000 84162.000 85077.000 85312.000 90062.000
   115: 90614.000 91605.000 91761.000 92430.000 92553.000
   120: 93945.000 94575.000 94709.000 95494.000 95615.000
   125: 96714.000 97832.000 98155.000 99483.000 99682.000
   130: 100639.000 100786.000 102035.000 102226.000 102783.000
   135: 102963.000 104667.000 104927.000 105462.000 105651.000
   140: 105901.000 105910.000 106345.000 106501.000 107909.000
   145: 108975.000 109304.000 110655.000 110825.000 111348.000
   150: 111543.000 113317.000 113639.000 114716.000 115254.000
   155: 116359.000 116954.000 117164.000 118536.000 119145.000
   160: 119318.000 120674.000 121686.000 121841.000 121873.000
   165: 122160.000 123393.000 123550.000 124715.000 125277.000
   170: 126916.000 127127.000 128674.000 129278.000 129530.000
   175: 130467.000 130700.000 131793.000 131949.000 134550.000
   180: 134739.000 135879.000 135954.000 136019.000 137628.000
   185: 137809.000 139584.000 140029.000 140215.000 141136.000
   190: 141341.000 142114.000 142347.000 143528.000 145847.000
   195: 147798.000 148474.000 150286.000 150756.000 151573.000
   200: 151791.000 152640.000 152811.000 153965.000 154698.000
   205: 154872.000 156312.000 156849.000 157018.000 159555.000
   210: 159716.000 161471.000 161473.000 161698.000 162636.000
   215: 162816.000 164174.000 165327.000 167727.000 168110.000
   220: 169007.000 170276.000 170344.000 170481.000 171180.000
   225: 171331.000 172648.000 173657.000 173898.000 175237.000
   230: 175755.000 175892.000 176540.000 176747.000 178296.000
   235: 178963.000 179118.000 179878.000 180067.000 181733.000
   240: 182058.000 183141.000 183283.000 185401.000 185561.000
   245: 185568.000 188120.000 188299.000 189512.000 189530.000
   250: 190118.000 190374.000 192731.000 192935.000 194220.000
   255: 194360.000 194914.000 194991.000 195052.000 196552.000
   260: 196946.000 198999.000 199847.000 200112.000 200681.000
   265: 200894.000 201492.000 201706.000 203026.000 204217.000
   270: 204528.000 205900.000 206114.000 206162.000 206628.000
   275: 206821.000 207928.000 208180.000 208251.000 208602.000
   280: 209580.000 209615.000 210197.000 210464.000 212092.000
   285: 212740.000 212900.000 214322.000 215471.000 215815.000
   290: 217032.000 217039.000 217554.000 217701.000 220506.000
   295: 220715.000 221937.000 222450.000 222559.000 222754.000
   300: 223421.000 223622.000 225355.000 225482.000 228333.000
   305: 228504.000 229365.000 229887.000 229908.000 230017.000
   310: 230705.000 230892.000 232669.000 233673.000 233883.000
   315: 235638.000 235799.000 235925.000 237576.000 237674.000
   320: 238312.000 238548.000 239718.000 240676.000 241080.000
   325: 242929.000 243204.000 244215.000 244815.000 245036.000
   330: 246403.000 247460.000 247706.000 249192.000 249388.000
   335: 249944.000 250151.000 251751.000 251933.000 254283.000
   340: 254685.000 255786.000 256382.000 256576.000 258468.000
   345: 258734.000 260604.000 260996.000 261722.000 261905.000
   350: 262465.000 262639.000 263253.000 263422.000 264631.000
   355: 265193.000 265433.000 266719.000 267703.000 268008.000
   360: 269328.000 269610.000 270274.000 270687.000 272233.000
   365: 273687.000 274600.000 277398.000 278152.000 278461.000
   370: 279521.000 280631.000 280831.000 282634.000 282869.000
   375: 283922.000 284710.000 284892.000 286366.000 287137.000
   380: 287294.000 288741.000 289783.000 289956.000 290896.000
   385: 291662.000 291868.000 292861.000 292885.000 292891.000
   390: 294045.000 294234.000 294763.000 295382.000 295607.000
   395: 296477.000 296653.000 297261.000 297427.000 298152.000
   400: 298299.000 299027.000 299229.000 300320.000 300501.000
   405: 300753.000 301110.000 301388.000 301603.000 301820.000
   410: 302230.000 302413.000 303752.000 303997.000 304820.000
   415: 306066.000 306395.000 306995.000 321086.000 323197.000
   420: 323410.000 323582.000 324200.000 324651.000 324808.000
   425: 325919.000 327076.000 327771.000 328512.000 328675.000
   430: 330026.000 330243.000 330654.000 330890.000 331237.000
   435: 331654.000 332390.000 332497.000 333928.000 334422.000
   440: 334585.000 335154.000 335268.000 335929.000 336026.000
   445: 337334.000 337453.000 338527.000 338708.000 339679.000
   450: 340741.000 341038.000 348454.000
O:
     0: 18525.000 21742.000 25192.000 31070.000 34897.000
     5: 40151.000 45322.000 48484.000 51800.000 55188.000
    10: 58930.000 64779.000 68082.000 69922.000 72784.000
    15: 75771.000 78221.000 81090.000 83523.000 87022.000
    20: 94243.000 97027.000 99931.000 102451.000 105164.000
    25: 108180.000 111035.000 113897.000 116583.000 118759.000
    30: 120866.000 123789.000 126589.000 128989.000 133607.000
    35: 137251.000 139813.000 144431.000 154289.000 156513.000
    40: 158697.000 161160.000 169283.000 172886.000 175454.000
    45: 178644.000 182402.000 184991.000 187356.000 189791.000
    50: 191967.000 196346.000 203224.000 207149.000 209871.000
    55: 212376.000 214670.000 217203.000 219757.000 222115.000
    60: 225005.000 227139.000 232924.000 235312.000 237264.000
    65: 239950.000 242217.000 244491.000 246723.000 248961.000
    70: 251460.000 253404.000 256105.000 257743.000 259876.000
    75: 262207.000 264852.000 266972.000 269028.000 270973.000
    80: 279880.000 281853.000 284303.000 286717.000 288976.000
    85: 291110.000 293202.000 296945.000 302654.000 305104.000
    90: 307315.000 326234.000 332097.000 334125.000 337764.000
    95: 339954.000 342116.000
Q:
     0: 18525.000 21742.000 31070.000 34897.000 45322.000
     5: 48484.000 58930.000 64779.000 69922.000 72784.000
    10: 78221.000 81090.000 87022.000 97027.000 99931.000
    15: 108180.000 113897.000 120866.000 123789.000 133607.000
    20: 144431.000 158697.000 169283.000 172886.000 182402.000
    25: 187356.000 191967.000 203224.000 207149.000 214670.000
    30: 219757.000 227139.000 232924.000 239950.000 242217.000
    35: 246723.000 253404.000 257743.000 259876.000 266972.000
    40: 279880.000 281853.000 288976.000 293202.000 302654.000
    45: 305104.000 326234.000 337764.000 339954.000
\roi5-1
