File: C:\MED-PC\Data\2019-09-23_13h05m_Subject 19005.txt


Start Date: 09/23/19
End Date: 09/23/19
Subject: 19005
Experiment: fr8
Group: 1
Box: 1
Start Time: 13:05:15
End Time: 14:05:22
MSN: FR8 8p TTLforROItoAnymaze
B:   8.000
F:   0.000
H: 360.000
L:  739.000
R:  21.000
U:   9.000
V:  36.000
A:
     0:    0.000    1.000
C:
     0: 8375.000 8450.000 8490.000 10381.000 10388.000
     5: 10406.000 10455.000 10499.000 10570.000 11135.000
    10: 11228.000 11257.000 11272.000 11283.000 11694.000
    15: 11807.000 11855.000 11906.000 12267.000 12372.000
    20: 12420.000 12715.000 12750.000 12789.000 12859.000
    25: 12913.000 12977.000 13052.000 13402.000 13508.000
    30: 13517.000 13574.000 13774.000 16779.000 16818.000
    35: 17325.000 17357.000 19822.000 20179.000 20255.000
    40: 20763.000 20852.000 20951.000 21030.000 21382.000
    45: 21511.000 21546.000 21592.000 21662.000 21911.000
    50: 21953.000 21980.000 21992.000 22036.000 22044.000
    55: 22093.000 22129.000 22393.000 22511.000 22553.000
    60: 22589.000 22630.000 23297.000 23371.000 23462.000
    65: 23746.000 23807.000 23820.000 23931.000 27960.000
    70: 27987.000 28030.000 28269.000 28461.000 28881.000
    75: 28936.000 29156.000 29207.000 29235.000 29310.000
    80: 32275.000 32864.000 32984.000 32995.000 33034.000
    85: 33267.000 33405.000 33676.000 33697.000 33748.000
    90: 33800.000 33876.000 33967.000 37242.000 37329.000
    95: 37391.000 37402.000 38269.000 38394.000 38440.000
   100: 39255.000 39327.000 39791.000 39908.000 39933.000
   105: 39979.000 40713.000 40746.000 40772.000 40828.000
   110: 40862.000 40896.000 40932.000 41472.000 41591.000
   115: 41622.000 41700.000 42066.000 42155.000 42190.000
   120: 42202.000 42221.000 42305.000 42925.000 42974.000
   125: 43016.000 43055.000 43080.000 43152.000 43672.000
   130: 43706.000 43773.000 43814.000 43884.000 44224.000
   135: 44311.000 44322.000 44368.000 44431.000 44471.000
   140: 44657.000 44683.000 44795.000 44817.000 44826.000
   145: 44837.000 44865.000 45124.000 45157.000 45228.000
   150: 45239.000 45271.000 45533.000 45602.000 45610.000
   155: 45672.000 45680.000 45735.000 45809.000 45829.000
   160: 46018.000 46069.000 46136.000 46145.000 46173.000
   165: 46232.000 46243.000 46264.000 46307.000 49568.000
   170: 50112.000 52350.000 52549.000 52653.000 52732.000
   175: 52814.000 53557.000 53613.000 53688.000 53696.000
   180: 53889.000 55381.000 55492.000 56054.000 57455.000
   185: 58261.000 59714.000 59738.000 59905.000 61020.000
   190: 61492.000 62143.000 62177.000 62225.000 62522.000
   195: 62630.000 62677.000 63054.000 63185.000 63204.000
   200: 63419.000 63439.000 63507.000 63517.000 63550.000
   205: 63578.000 63822.000 63886.000 63907.000 63969.000
   210: 63979.000 64167.000 64188.000 64225.000 64235.000
   215: 64286.000 64327.000 64359.000 64522.000 64546.000
   220: 64590.000 64614.000 64645.000 64656.000 64708.000
   225: 64913.000 64946.000 65023.000 65089.000 65154.000
   230: 65192.000 65339.000 65374.000 65436.000 65468.000
   235: 65522.000 65532.000 65557.000 65598.000 65794.000
   240: 65830.000 65858.000 65876.000 65919.000 65942.000
   245: 65971.000 66035.000 66100.000 71025.000 71559.000
   250: 71895.000 71966.000 72023.000 74770.000 84152.000
   255: 88663.000 90263.000 92618.000 92966.000 93161.000
   260: 94398.000 94546.000 94555.000 94905.000 94940.000
   265: 94996.000 95840.000 95912.000 95925.000 96495.000
   270: 96538.000 96552.000 96565.000 96610.000 96786.000
   275: 96865.000 96911.000 96943.000 96988.000 97188.000
   280: 97210.000 97259.000 97296.000 97385.000 97412.000
   285: 97439.000 97466.000 97773.000 97793.000 97842.000
   290: 97862.000 97892.000 97903.000 97934.000 97974.000
   295: 98010.000 101447.000 101505.000 101547.000 102379.000
   300: 102497.000 102510.000 102564.000 103684.000 103731.000
   305: 103842.000 104072.000 104165.000 105442.000 105490.000
   310: 105519.000 105569.000 105590.000 105694.000 106382.000
   315: 106475.000 106511.000 106566.000 107236.000 107263.000
   320: 107309.000 107321.000 107368.000 107395.000 107440.000
   325: 107454.000 107519.000 107531.000 114847.000 117756.000
   330: 117792.000 117845.000 117888.000 118233.000 118285.000
   335: 118306.000 118341.000 118383.000 118391.000 118406.000
   340: 118459.000 118702.000 118793.000 118825.000 118860.000
   345: 119326.000 119335.000 119415.000 119430.000 119494.000
   350: 119547.000 119582.000 119625.000 125647.000 127486.000
   355: 127591.000 127615.000 128083.000 128209.000 128319.000
   360: 129263.000 129291.000 129323.000 129357.000 129450.000
   365: 130396.000 130533.000 130586.000 130627.000 130659.000
   370: 130719.000 131098.000 131186.000 131217.000 131242.000
   375: 131328.000 131609.000 131647.000 131678.000 131727.000
   380: 131740.000 132027.000 132034.000 132062.000 132104.000
   385: 132125.000 132151.000 132163.000 132174.000 132199.000
   390: 136715.000 136754.000 136825.000 136839.000 136861.000
   395: 136900.000 136949.000 137217.000 137251.000 137264.000
   400: 137299.000 137310.000 137333.000 137360.000 137414.000
   405: 140598.000 140990.000 141033.000 141130.000 141794.000
   410: 141878.000 141927.000 141944.000 141955.000 141981.000
   415: 142976.000 142989.000 143073.000 143166.000 143203.000
   420: 144888.000 144921.000 144964.000 144989.000 145001.000
   425: 145030.000 145072.000 145365.000 145423.000 145484.000
   430: 146290.000 146342.000 146397.000 146407.000 146431.000
   435: 146948.000 146963.000 146989.000 146998.000 147044.000
   440: 147064.000 147078.000 147095.000 147106.000 147127.000
   445: 150299.000 150352.000 150682.000 150780.000 151661.000
   450: 151705.000 151733.000 151773.000 151809.000 151830.000
   455: 152153.000 152185.000 152234.000 152304.000 152332.000
   460: 152705.000 152781.000 152792.000 152831.000 152877.000
   465: 153524.000 153593.000 153647.000 153698.000 153719.000
   470: 154273.000 154356.000 154363.000 154402.000 154452.000
   475: 154688.000 154721.000 154743.000 154757.000 154816.000
   480: 154826.000 154849.000 155190.000 155245.000 155346.000
   485: 155361.000 155395.000 155697.000 155744.000 155781.000
   490: 155807.000 155822.000 155865.000 155886.000 155916.000
   495: 159226.000 159379.000 160063.000 160146.000 162537.000
   500: 162818.000 162929.000 170223.000 173441.000 177433.000
   505: 182984.000 183091.000 188883.000 193374.000 193641.000
   510: 193753.000 194501.000 194551.000 194830.000 195721.000
   515: 195745.000 196648.000 196696.000 201522.000 208170.000
   520: 208190.000 209304.000 209387.000 209622.000 209677.000
   525: 209711.000 209746.000 209764.000 209999.000 210043.000
   530: 210069.000 210140.000 210175.000 210205.000 210352.000
   535: 210378.000 210422.000 210459.000 210481.000 210514.000
   540: 210565.000 210823.000 210876.000 210889.000 210922.000
   545: 210955.000 210967.000 210991.000 211028.000 211284.000
   550: 211321.000 211343.000 211370.000 211399.000 211440.000
   555: 211493.000 214413.000 214505.000 214557.000 214606.000
   560: 214860.000 214946.000 214957.000 215026.000 215052.000
   565: 215499.000 215619.000 215645.000 215660.000 215708.000
   570: 216460.000 216520.000 216722.000 216764.000 216832.000
   575: 216891.000 216917.000 216941.000 216968.000 217844.000
   580: 217876.000 217912.000 217946.000 218000.000 218045.000
   585: 218121.000 218578.000 218692.000 218722.000 218750.000
   590: 218790.000 218828.000 218846.000 219068.000 219116.000
   595: 219161.000 219182.000 219204.000 219232.000 219266.000
   600: 219290.000 219323.000 222427.000 222467.000 222502.000
   605: 222518.000 222604.000 222845.000 222977.000 223041.000
   610: 223078.000 223590.000 223652.000 223738.000 223765.000
   615: 223834.000 223872.000 231414.000 234238.000 242308.000
   620: 242557.000 242623.000 242905.000 250562.000 252424.000
   625: 258057.000 258100.000 258806.000 263882.000 264906.000
   630: 264973.000 279244.000 282020.000 290361.000 296943.000
   635: 297094.000 300163.000 302612.000 304562.000 306767.000
   640: 307777.000 309084.000 309143.000 309898.000 312130.000
   645: 313077.000 313110.000 313127.000 313166.000 313909.000
   650: 315272.000 315322.000 315344.000 315357.000 315649.000
   655: 315725.000 315760.000 318312.000 329427.000 330210.000
   660: 332957.000 333025.000 333076.000 333118.000 333455.000
   665: 333552.000 334131.000 334161.000 334224.000 334266.000
   670: 334286.000 334308.000 334496.000 334550.000 334632.000
   675: 334656.000 334719.000 334735.000 334760.000 334962.000
   680: 334992.000 335014.000 335040.000 335051.000 335082.000
   685: 335093.000 335122.000 335132.000 335151.000 335173.000
   690: 340848.000 340918.000 340945.000 341031.000 341101.000
   695: 341167.000 341324.000 342095.000 342168.000 342202.000
   700: 342245.000 342281.000 344145.000 344252.000 344287.000
   705: 344328.000 344362.000 344382.000 344409.000 346692.000
   710: 346741.000 352536.000 355990.000 356013.000 356227.000
   715: 357800.000 357855.000 357874.000 358188.000 358218.000
   720: 358265.000 358287.000 358326.000 358681.000 358712.000
   725: 358758.000 358777.000 358801.000 358869.000 359337.000
   730: 359365.000 359392.000 359443.000 359457.000 359493.000
   735: 359740.000 359798.000 359815.000 359878.000
D:
     0: 12715.000 22129.000 28936.000 33967.000 45829.000
     5: 65598.000 66035.000 97466.000 97974.000 107454.000
    10: 118459.000 119625.000 132174.000 137414.000 147095.000
    15: 155916.000 211028.000 219290.000 335122.000 342095.000
    20: 359798.000
E:
     0: 2016.000 4892.000 4925.000 5285.000 5731.000
     5: 8880.000 10742.000 11431.000 11441.000 13290.000
    10: 13938.000 14859.000 14862.000 15481.000 17811.000
    15: 20404.000 20434.000 20508.000 20533.000 21196.000
    20: 21265.000 21730.000 21772.000 22272.000 22288.000
    25: 22797.000 22811.000 22836.000 23578.000 23589.000
    30: 24076.000 24109.000 25896.000 26764.000 29417.000
    35: 33119.000 33136.000 33163.000 33190.000 34046.000
    40: 34071.000 36793.000 37509.000 37528.000 38525.000
    45: 39482.000 39501.000 39689.000 40120.000 41040.000
    50: 41059.000 41814.000 42406.000 43228.000 43965.000
    55: 43990.000 44554.000 44988.000 45400.000 46438.000
    60: 47650.000 48062.000 52920.000 53967.000 55568.000
    65: 55578.000 57583.000 58069.000 58370.000 60053.000
    70: 61177.000 61724.000 61868.000 62347.000 62396.000
    75: 62745.000 62830.000 62885.000 63267.000 63272.000
    80: 63281.000 63648.000 64061.000 64088.000 64431.000
    85: 64452.000 64808.000 65258.000 65266.000 65279.000
    90: 65664.000 65686.000 65694.000 66156.000 66165.000
    95: 69405.000 69734.000 70897.000 72133.000 73536.000
   100: 74405.000 83372.000 83787.000 83830.000 83889.000
   105: 84839.000 85998.000 88234.000 89611.000 89992.000
   110: 90712.000 90718.000 92394.000 92745.000 94098.000
   115: 94121.000 94672.000 95102.000 95202.000 95208.000
   120: 95228.000 95597.000 96107.000 96112.000 96160.000
   125: 96682.000 97089.000 97538.000 97558.000 97623.000
   130: 98116.000 98732.000 100794.000 100885.000 101622.000
   135: 102086.000 102153.000 102671.000 102982.000 103962.000
   140: 104272.000 104287.000 104317.000 104338.000 104347.000
   145: 104580.000 105799.000 105808.000 105820.000 106648.000
   150: 107607.000 108309.000 116528.000 117396.000 118053.000
   155: 118546.000 118936.000 118944.000 119163.000 119170.000
   160: 119700.000 119738.000 121647.000 121935.000 124342.000
   165: 124737.000 125957.000 126474.000 127710.000 127726.000
   170: 127848.000 128372.000 128396.000 128402.000 128839.000
   175: 129519.000 130216.000 130226.000 130816.000 130841.000
   180: 131394.000 131806.000 132298.000 134165.000 134579.000
   185: 136338.000 137018.000 137048.000 137112.000 137528.000
   190: 137545.000 137564.000 138831.000 141219.000 141406.000
   195: 142104.000 142233.000 143278.000 143301.000 144125.000
   200: 144439.000 145160.000 145200.000 145617.000 146535.000
   205: 146826.000 147216.000 148937.000 150905.000 151926.000
   210: 152401.000 152929.000 152950.000 153818.000 154519.000
   215: 154950.000 155520.000 156004.000 158202.000 158536.000
   220: 158545.000 159522.000 161306.000 161684.000 163031.000
   225: 165595.000 165605.000 172563.000 176281.000 176359.000
   230: 177107.000 178416.000 178472.000 179356.000 182541.000
   235: 188699.000 189153.000 191969.000 193458.000 193481.000
   240: 193841.000 193844.000 194071.000 195893.000 196757.000
   245: 200920.000 202141.000 203878.000 204544.000 207915.000
   250: 208423.000 209175.000 209466.000 209499.000 209855.000
   255: 210261.000 210627.000 210641.000 211084.000 211565.000
   260: 211586.000 213115.000 213982.000 214672.000 214717.000
   265: 215119.000 215335.000 215839.000 215861.000 216615.000
   270: 216638.000 217034.000 217056.000 218185.000 218203.000
   275: 218933.000 218953.000 219393.000 220926.000 221154.000
   280: 222725.000 223142.000 223164.000 223930.000 223995.000
   285: 224325.000 226504.000 228251.000 234889.000 235742.000
   290: 236130.000 238107.000 241070.000 242094.000 242162.000
   295: 242764.000 248030.000 250120.000 252180.000 255497.000
   300: 257665.000 258640.000 262412.000 265118.000 265128.000
   305: 268259.000 270948.000 272105.000 279030.000 281699.000
   310: 283327.000 286885.000 290163.000 290485.000 290735.000
   315: 292404.000 303518.000 303606.000 304048.000 304299.000
   320: 306442.000 311319.000 312873.000 313233.000 315117.000
   325: 315847.000 316855.000 319039.000 320958.000 328431.000
   330: 329252.000 330290.000 332771.000 333250.000 333970.000
   335: 334397.000 334851.000 334867.000 334899.000 335281.000
   340: 335315.000 337761.000 339753.000 342575.000 344468.000
   345: 344486.000 344505.000 344510.000 344903.000 346800.000
   350: 347781.000 350910.000 352185.000 353669.000 355330.000
   355: 357531.000 357971.000 358409.000 359130.000 359971.000
O:
     0: 16702.000 27924.000 32836.000 49503.000 71024.000
     5: 101419.000 114537.000 125200.000 136696.000 140571.000
    10: 150269.000 162416.000 222398.000 340818.000 348648.000
Q:
     0: 16702.000 27924.000 49503.000 71024.000 114537.000
     5: 125200.000 140571.000 150269.000 340818.000
\ROI5 -1 (lidocaine)
