File: C:\MED-PC\Data\2019-09-26_13h22m_Subject 19006.txt


Start Date: 09/26/19
End Date: 09/26/19
Subject: 19006
Experiment: fr8
Group: 1
Box: 1
Start Time: 13:22:58
End Time: 14:23:04
MSN: FR8 8p TTLforROItoAnymaze
B:   8.000
F:   0.000
H: 283.000
L: 1676.000
R: 140.000
U:  71.000
V: 374.000
A:
     0:    0.000    1.000
C:
     0: 7213.000 7229.000 7256.000 7271.000 7348.000
     5: 7364.000 7394.000 8328.000 8344.000 8364.000
    10: 8383.000 8480.000 8496.000 8536.000 8576.000
    15: 8591.000 8608.000 10520.000 10598.000 10891.000
    20: 11022.000 11035.000 11047.000 11085.000 11104.000
    25: 11120.000 11138.000 13140.000 13155.000 13205.000
    30: 13215.000 13229.000 13280.000 13293.000 13305.000
    35: 13321.000 13384.000 15019.000 15046.000 15062.000
    40: 15185.000 15217.000 15230.000 15382.000 15472.000
    45: 15503.000 15534.000 15563.000 17219.000 17532.000
    50: 17550.000 17561.000 17611.000 17764.000 17839.000
    55: 17873.000 17893.000 18132.000 19855.000 19881.000
    60: 19928.000 19976.000 20256.000 20432.000 20444.000
    65: 20463.000 20481.000 20502.000 20517.000 22344.000
    70: 22361.000 22377.000 22453.000 22493.000 22543.000
    75: 22557.000 22571.000 22589.000 22605.000 22632.000
    80: 22664.000 22675.000 22704.000 24476.000 24583.000
    85: 24790.000 24832.000 24971.000 24987.000 24999.000
    90: 25072.000 25111.000 25131.000 25157.000 27182.000
    95: 27212.000 27241.000 27261.000 27297.000 27326.000
   100: 27461.000 27777.000 27819.000 27834.000 27849.000
   105: 27899.000 27927.000 29479.000 29514.000 29530.000
   110: 29553.000 29617.000 29644.000 29664.000 29705.000
   115: 29742.000 29753.000 29784.000 29811.000 30735.000
   120: 30800.000 31197.000 31216.000 31235.000 31254.000
   125: 31304.000 31384.000 32484.000 32502.000 32549.000
   130: 32603.000 32617.000 32638.000 32676.000 32723.000
   135: 32742.000 32754.000 32767.000 32810.000 32853.000
   140: 34246.000 34376.000 34740.000 34831.000 34845.000
   145: 34866.000 34928.000 34963.000 36133.000 36662.000
   150: 36739.000 36780.000 36795.000 36811.000 37366.000
   155: 37452.000 37464.000 37500.000 37550.000 37566.000
   160: 37594.000 37622.000 39069.000 39098.000 39111.000
   165: 39181.000 39216.000 39226.000 39240.000 39265.000
   170: 39275.000 39305.000 39335.000 39377.000 39390.000
   175: 39406.000 39418.000 39448.000 40432.000 40471.000
   180: 40608.000 40718.000 41036.000 41087.000 41142.000
   185: 41155.000 41169.000 41222.000 41243.000 41975.000
   190: 41995.000 42017.000 42031.000 42060.000 42100.000
   195: 42110.000 42129.000 42160.000 42200.000 42235.000
   200: 42260.000 42290.000 42332.000 42365.000 42389.000
   205: 42428.000 43371.000 43408.000 43437.000 43460.000
   210: 43487.000 43529.000 43549.000 43566.000 43588.000
   215: 43606.000 43647.000 43679.000 43787.000 44941.000
   220: 45011.000 45058.000 45322.000 45528.000 45569.000
   225: 45617.000 45632.000 45655.000 45675.000 45731.000
   230: 45776.000 45791.000 46611.000 46685.000 46736.000
   235: 46746.000 46761.000 46785.000 46851.000 46866.000
   240: 46882.000 46913.000 46926.000 46972.000 47794.000
   245: 47811.000 47844.000 47865.000 47920.000 47932.000
   250: 47949.000 47990.000 48024.000 48044.000 48138.000
   255: 49077.000 49235.000 49548.000 49600.000 49613.000
   260: 49634.000 49734.000 49780.000 49798.000 49821.000
   265: 51189.000 51238.000 51270.000 51292.000 51320.000
   270: 51340.000 51385.000 51400.000 51418.000 51472.000
   275: 51505.000 51518.000 51538.000 51568.000 51589.000
   280: 51601.000 52526.000 52549.000 52569.000 52607.000
   285: 52641.000 52679.000 52698.000 52714.000 52743.000
   290: 52761.000 52789.000 52832.000 52842.000 52887.000
   295: 53828.000 53889.000 53934.000 54381.000 54409.000
   300: 54459.000 54477.000 54495.000 54553.000 54613.000
   305: 54639.000 54652.000 54675.000 55481.000 55507.000
   310: 55528.000 55546.000 55593.000 55645.000 55655.000
   315: 55671.000 55701.000 55754.000 55779.000 56717.000
   320: 56748.000 56779.000 56803.000 56835.000 56861.000
   325: 56878.000 56890.000 56935.000 56966.000 56979.000
   330: 56998.000 57035.000 57178.000 57220.000 57234.000
   335: 57249.000 57287.000 57343.000 57440.000 57449.000
   340: 57491.000 58467.000 58750.000 59026.000 59064.000
   345: 59077.000 59096.000 59126.000 59169.000 59216.000
   350: 59231.000 60566.000 60587.000 60633.000 60650.000
   355: 60727.000 60753.000 60770.000 60791.000 60806.000
   360: 62590.000 62614.000 62653.000 62670.000 62688.000
   365: 62737.000 62749.000 62763.000 62780.000 62821.000
   370: 63876.000 63888.000 63901.000 63942.000 63957.000
   375: 63982.000 64030.000 64038.000 64054.000 64095.000
   380: 64117.000 64137.000 64149.000 64180.000 64984.000
   385: 65252.000 65565.000 65622.000 65654.000 65666.000
   390: 65723.000 65733.000 65749.000 65761.000 65795.000
   395: 65808.000 66708.000 66723.000 66737.000 66780.000
   400: 66793.000 66844.000 66858.000 66876.000 66891.000
   405: 66936.000 67949.000 68397.000 68429.000 68481.000
   410: 68516.000 68530.000 68546.000 68587.000 68651.000
   415: 68661.000 68678.000 68698.000 68716.000 69615.000
   420: 69650.000 69767.000 69921.000 70211.000 70258.000
   425: 70273.000 70294.000 70308.000 70323.000 70334.000
   430: 71125.000 71140.000 71154.000 71191.000 71203.000
   435: 71224.000 71236.000 71275.000 71289.000 71363.000
   440: 71389.000 71436.000 71451.000 71490.000 71507.000
   445: 71529.000 72323.000 72349.000 72384.000 72402.000
   450: 72449.000 72463.000 72516.000 72555.000 72563.000
   455: 72586.000 72628.000 72660.000 72680.000 73691.000
   460: 73839.000 73881.000 73931.000 74003.000 74327.000
   465: 74383.000 74400.000 74416.000 74480.000 74494.000
   470: 74508.000 75354.000 75377.000 75388.000 75406.000
   475: 75504.000 75523.000 75541.000 75583.000 75615.000
   480: 75695.000 75737.000 75746.000 75761.000 76340.000
   485: 76522.000 76898.000 76974.000 76984.000 77013.000
   490: 77029.000 77047.000 77064.000 78525.000 79019.000
   495: 79082.000 79117.000 79132.000 79144.000 79181.000
   500: 79249.000 79273.000 79288.000 80279.000 80292.000
   505: 80337.000 80349.000 80369.000 80426.000 80442.000
   510: 80491.000 80522.000 80532.000 80546.000 80600.000
   515: 80693.000 80701.000 80715.000 81569.000 82050.000
   520: 82096.000 82162.000 82184.000 82199.000 82210.000
   525: 82232.000 82295.000 84009.000 84030.000 84125.000
   530: 84133.000 84150.000 84183.000 84215.000 84243.000
   535: 84267.000 84318.000 85771.000 85862.000 85898.000
   540: 85925.000 85981.000 86615.000 86637.000 86660.000
   545: 86692.000 86714.000 86758.000 86774.000 86815.000
   550: 86843.000 86890.000 86902.000 86934.000 87014.000
   555: 88334.000 88373.000 88399.000 88414.000 88426.000
   560: 88445.000 88480.000 88527.000 88543.000 88554.000
   565: 88584.000 88628.000 88663.000 88716.000 89538.000
   570: 89567.000 89668.000 90058.000 90141.000 90157.000
   575: 90184.000 90217.000 90234.000 91870.000 92015.000
   580: 92521.000 92570.000 92585.000 92604.000 92685.000
   585: 92737.000 92791.000 93866.000 93879.000 93969.000
   590: 93980.000 94013.000 94039.000 94057.000 94110.000
   595: 94123.000 94152.000 94217.000 94277.000 94292.000
   600: 94325.000 94341.000 94360.000 94384.000 95290.000
   605: 95312.000 95347.000 95361.000 95379.000 95451.000
   610: 95466.000 95495.000 95538.000 95597.000 95618.000
   615: 95654.000 95683.000 95702.000 95732.000 97009.000
   620: 97134.000 97297.000 97614.000 97632.000 97648.000
   625: 97681.000 97734.000 97768.000 98720.000 98743.000
   630: 98767.000 98790.000 98807.000 98832.000 98855.000
   635: 98905.000 98951.000 98992.000 99006.000 99017.000
   640: 99097.000 99944.000 99998.000 100509.000 100525.000
   645: 100575.000 100609.000 100627.000 100658.000 100716.000
   650: 100758.000 102080.000 102108.000 102612.000 102654.000
   655: 102728.000 102749.000 102842.000 102859.000 102908.000
   660: 104035.000 104058.000 104098.000 104149.000 104181.000
   665: 104226.000 104243.000 104284.000 104311.000 105976.000
   670: 106019.000 106041.000 106095.000 106120.000 106163.000
   675: 106182.000 106203.000 106228.000 106257.000 106302.000
   680: 106341.000 106428.000 106576.000 106678.000 106729.000
   685: 107512.000 107757.000 108001.000 108045.000 108074.000
   690: 108106.000 108172.000 108377.000 109462.000 109474.000
   695: 109494.000 109542.000 109596.000 109610.000 109624.000
   700: 109672.000 109729.000 109891.000 110999.000 111136.000
   705: 111570.000 111617.000 111739.000 111752.000 111768.000
   710: 111781.000 111813.000 111835.000 112978.000 113034.000
   715: 113613.000 113654.000 113687.000 113808.000 113882.000
   720: 114451.000 114469.000 114486.000 114499.000 114530.000
   725: 114570.000 114606.000 114649.000 114662.000 114678.000
   730: 114701.000 114727.000 114810.000 115663.000 115681.000
   735: 115713.000 115777.000 115816.000 115831.000 115896.000
   740: 115936.000 115947.000 115962.000 115979.000 116002.000
   745: 116045.000 119621.000 119652.000 119689.000 119710.000
   750: 120161.000 120193.000 120242.000 120261.000 120272.000
   755: 120319.000 120341.000 123546.000 123563.000 123610.000
   760: 124292.000 124320.000 124353.000 124368.000 124398.000
   765: 124435.000 124450.000 125488.000 125506.000 125569.000
   770: 125580.000 125600.000 125642.000 125654.000 125671.000
   775: 125704.000 125782.000 125812.000 125832.000 126915.000
   780: 126930.000 126946.000 126997.000 127014.000 127035.000
   785: 127048.000 127113.000 127129.000 127147.000 127161.000
   790: 127181.000 128395.000 128472.000 128821.000 128995.000
   795: 129102.000 129118.000 129139.000 129158.000 129172.000
   800: 130499.000 130965.000 130996.000 131009.000 131029.000
   805: 131080.000 131090.000 131112.000 131139.000 132182.000
   810: 132202.000 132227.000 132273.000 132324.000 132353.000
   815: 132366.000 132380.000 132426.000 133432.000 133443.000
   820: 133491.000 133553.000 133590.000 133604.000 133655.000
   825: 133704.000 133734.000 135357.000 135600.000 135977.000
   830: 136037.000 136075.000 136185.000 136231.000 136249.000
   835: 138238.000 138261.000 138279.000 138336.000 138357.000
   840: 138385.000 138454.000 138496.000 138525.000 138607.000
   845: 139420.000 139444.000 139487.000 139530.000 139573.000
   850: 139592.000 139717.000 139751.000 140939.000 140957.000
   855: 141333.000 141407.000 141432.000 141478.000 141525.000
   860: 141542.000 141559.000 143084.000 143105.000 143126.000
   865: 143151.000 143203.000 143233.000 143255.000 143394.000
   870: 144538.000 144592.000 145273.000 145313.000 145465.000
   875: 146170.000 146188.000 146208.000 146243.000 146253.000
   880: 146263.000 146307.000 146326.000 146343.000 146388.000
   885: 146439.000 147762.000 148273.000 148370.000 148399.000
   890: 148852.000 148870.000 148908.000 148945.000 148974.000
   895: 148996.000 149040.000 149079.000 149090.000 150226.000
   900: 150244.000 150301.000 150392.000 150441.000 150453.000
   905: 150480.000 150529.000 150550.000 150569.000 152044.000
   910: 152496.000 152514.000 152601.000 152619.000 152652.000
   915: 152780.000 153222.000 153249.000 153282.000 153312.000
   920: 153382.000 153399.000 153417.000 153447.000 154693.000
   925: 163149.000 163173.000 163181.000 163214.000 163273.000
   930: 163299.000 163317.000 163337.000 163356.000 163424.000
   935: 164511.000 164535.000 164575.000 164596.000 164651.000
   940: 164713.000 165053.000 165073.000 165096.000 165111.000
   945: 165150.000 165165.000 165210.000 165221.000 165234.000
   950: 165238.000 165302.000 166299.000 166324.000 166696.000
   955: 166797.000 166858.000 166882.000 166941.000 167050.000
   960: 167088.000 168211.000 168240.000 168257.000 168330.000
   965: 168363.000 168386.000 168463.000 168486.000 168528.000
   970: 168540.000 169375.000 169501.000 169791.000 169856.000
   975: 169943.000 169961.000 169979.000 170485.000 170489.000
   980: 170512.000 170529.000 170594.000 170638.000 170703.000
   985: 170760.000 170790.000 174025.000 180239.000 180263.000
   990: 180307.000 180359.000 180381.000 180691.000 180704.000
   995: 180731.000 180745.000 180781.000 180801.000 180815.000
  1000: 180845.000 180874.000 181819.000 181852.000 181893.000
  1005: 181929.000 181968.000 182004.000 182029.000 182048.000
  1010: 183351.000 183612.000 183817.000 183910.000 183955.000
  1015: 184000.000 184039.000 184078.000 184089.000 184140.000
  1020: 184983.000 185025.000 185046.000 185102.000 185127.000
  1025: 185170.000 185220.000 185236.000 185261.000 185273.000
  1030: 185293.000 186621.000 186654.000 186721.000 186743.000
  1035: 186766.000 186768.000 186814.000 186868.000 186928.000
  1040: 186943.000 187987.000 188034.000 188090.000 188592.000
  1045: 188615.000 188625.000 188644.000 188654.000 188688.000
  1050: 189651.000 189693.000 189701.000 189720.000 189736.000
  1055: 189753.000 189765.000 189808.000 189820.000 189835.000
  1060: 189854.000 189896.000 189942.000 189951.000 189974.000
  1065: 189987.000 190964.000 194545.000 194567.000 194581.000
  1070: 194625.000 194677.000 194723.000 194771.000 194800.000
  1075: 195954.000 196381.000 196424.000 196493.000 196519.000
  1080: 196532.000 196547.000 196563.000 197658.000 197683.000
  1085: 197701.000 197743.000 197874.000 197890.000 197904.000
  1090: 197947.000 197976.000 199141.000 199185.000 199203.000
  1095: 199222.000 199240.000 199286.000 199295.000 199311.000
  1100: 199324.000 199354.000 199373.000 200488.000 201006.000
  1105: 201070.000 201083.000 201099.000 201131.000 201174.000
  1110: 202047.000 202067.000 202114.000 202144.000 202193.000
  1115: 202206.000 202221.000 202256.000 203444.000 203473.000
  1120: 203609.000 204072.000 204118.000 204132.000 204151.000
  1125: 204231.000 205431.000 205493.000 205533.000 205582.000
  1130: 205631.000 205707.000 205754.000 205793.000 206900.000
  1135: 207180.000 207445.000 207471.000 207543.000 207611.000
  1140: 207660.000 207702.000 209200.000 209816.000 209839.000
  1145: 209915.000 209958.000 210032.000 210058.000 210091.000
  1150: 210109.000 211821.000 211850.000 211903.000 211940.000
  1155: 211948.000 212039.000 212069.000 212098.000 212156.000
  1160: 212967.000 213002.000 213062.000 213125.000 213150.000
  1165: 213171.000 213218.000 213301.000 214292.000 215048.000
  1170: 215073.000 215252.000 216395.000 216423.000 216508.000
  1175: 216517.000 216563.000 216597.000 216965.000 217019.000
  1180: 217033.000 217067.000 217100.000 217128.000 217171.000
  1185: 217182.000 217201.000 218641.000 219135.000 220048.000
  1190: 220071.000 220117.000 220153.000 220184.000 220222.000
  1195: 220243.000 220267.000 220303.000 220355.000 220370.000
  1200: 220386.000 220447.000 221344.000 221371.000 221444.000
  1205: 221460.000 221512.000 221548.000 221622.000 221674.000
  1210: 221705.000 221718.000 221748.000 221778.000 223105.000
  1215: 224038.000 224162.000 224213.000 224232.000 224259.000
  1220: 224284.000 224796.000 224831.000 224879.000 224917.000
  1225: 224969.000 224982.000 225012.000 225084.000 226045.000
  1230: 226649.000 226719.000 226750.000 227505.000 227516.000
  1235: 227561.000 227586.000 227600.000 227675.000 227696.000
  1240: 227725.000 227744.000 227763.000 227850.000 228824.000
  1245: 228846.000 228861.000 228966.000 229007.000 229020.000
  1250: 229041.000 229062.000 229099.000 229129.000 229925.000
  1255: 229938.000 229964.000 230068.000 230088.000 230173.000
  1260: 230205.000 230228.000 230246.000 230285.000 230320.000
  1265: 231178.000 232115.000 232137.000 232689.000 232706.000
  1270: 232755.000 232775.000 232831.000 232883.000 232902.000
  1275: 232919.000 232961.000 232996.000 233005.000 234054.000
  1280: 249485.000 249510.000 249606.000 250048.000 250070.000
  1285: 250083.000 250122.000 250139.000 250155.000 250233.000
  1290: 250268.000 250310.000 252784.000 252899.000 253697.000
  1295: 253771.000 253818.000 253862.000 254312.000 254331.000
  1300: 254361.000 254394.000 254419.000 254482.000 254494.000
  1305: 254512.000 254540.000 254601.000 255523.000 255999.000
  1310: 257025.000 257084.000 257096.000 257120.000 257162.000
  1315: 257803.000 257821.000 257852.000 257868.000 257885.000
  1320: 257937.000 257950.000 257996.000 258043.000 258744.000
  1325: 258778.000 258797.000 258835.000 258856.000 258875.000
  1330: 258898.000 258910.000 258927.000 258973.000 259978.000
  1335: 260006.000 260028.000 260074.000 260112.000 260168.000
  1340: 260179.000 260197.000 260278.000 261871.000 261914.000
  1345: 262553.000 262752.000 262798.000 262848.000 262864.000
  1350: 262891.000 262959.000 264739.000 264771.000 264844.000
  1355: 264915.000 265525.000 265549.000 265584.000 265620.000
  1360: 265633.000 265668.000 265708.000 265725.000 265771.000
  1365: 265788.000 265847.000 266705.000 266730.000 266745.000
  1370: 266784.000 266806.000 266846.000 266875.000 266917.000
  1375: 268061.000 268082.000 268185.000 268240.000 268288.000
  1380: 268302.000 268370.000 268410.000 270305.000 274602.000
  1385: 274643.000 274666.000 274708.000 274754.000 274776.000
  1390: 276170.000 276191.000 276240.000 276297.000 276309.000
  1395: 276363.000 276387.000 276446.000 276456.000 278411.000
  1400: 278436.000 279035.000 279190.000 279292.000 279302.000
  1405: 279325.000 279337.000 280864.000 280885.000 280936.000
  1410: 281023.000 281033.000 281057.000 281137.000 281156.000
  1415: 281191.000 282535.000 282551.000 282568.000 282649.000
  1420: 282699.000 282739.000 283110.000 283129.000 283172.000
  1425: 283246.000 283283.000 283330.000 283410.000 283834.000
  1430: 283885.000 283935.000 283965.000 284037.000 284084.000
  1435: 284097.000 284134.000 284140.000 284165.000 284190.000
  1440: 287453.000 287857.000 288102.000 288212.000 288605.000
  1445: 288969.000 288981.000 288999.000 289048.000 289135.000
  1450: 289167.000 289252.000 289274.000 289308.000 294372.000
  1455: 297506.000 302171.000 302203.000 302221.000 302246.000
  1460: 302344.000 302361.000 302383.000 302397.000 302443.000
  1465: 302464.000 302479.000 302506.000 304329.000 304346.000
  1470: 304366.000 304405.000 304421.000 304440.000 304507.000
  1475: 304526.000 304559.000 304621.000 305734.000 306401.000
  1480: 306448.000 306467.000 306489.000 307426.000 307441.000
  1485: 307473.000 307492.000 307564.000 307601.000 307645.000
  1490: 307670.000 307699.000 307718.000 308766.000 308790.000
  1495: 308825.000 308883.000 308945.000 308969.000 308985.000
  1500: 308995.000 309024.000 309061.000 309107.000 310098.000
  1505: 310123.000 310140.000 310218.000 310298.000 310319.000
  1510: 310356.000 310411.000 311638.000 312305.000 312557.000
  1515: 312590.000 312667.000 313356.000 313375.000 313412.000
  1520: 313476.000 313495.000 313563.000 313607.000 313652.000
  1525: 313738.000 314633.000 314895.000 315062.000 315131.000
  1530: 315159.000 315174.000 315247.000 315292.000 315312.000
  1535: 315327.000 316965.000 316975.000 317038.000 317059.000
  1540: 317089.000 317164.000 317177.000 317206.000 317225.000
  1545: 318532.000 318573.000 318627.000 319247.000 319270.000
  1550: 319371.000 319396.000 319407.000 319443.000 319492.000
  1555: 319525.000 320756.000 320777.000 320845.000 320906.000
  1560: 320930.000 320985.000 321022.000 321054.000 321078.000
  1565: 321112.000 332259.000 340734.000 340768.000 340784.000
  1570: 341772.000 341803.000 341902.000 342002.000 342016.000
  1575: 342067.000 342088.000 342514.000 342534.000 342550.000
  1580: 342578.000 342597.000 342682.000 342695.000 342748.000
  1585: 342758.000 342791.000 342807.000 342850.000 346472.000
  1590: 346493.000 346508.000 346585.000 346626.000 346655.000
  1595: 346699.000 346720.000 346754.000 346774.000 346800.000
  1600: 346844.000 347805.000 348724.000 348900.000 348947.000
  1605: 349058.000 349575.000 349598.000 349623.000 349662.000
  1610: 349688.000 349743.000 349754.000 349765.000 349813.000
  1615: 349832.000 350688.000 350772.000 351207.000 351310.000
  1620: 351321.000 351345.000 351383.000 351455.000 352941.000
  1625: 352956.000 352978.000 353034.000 353079.000 353124.000
  1630: 353136.000 353149.000 353180.000 353226.000 354017.000
  1635: 354811.000 354826.000 354847.000 354937.000 354978.000
  1640: 355088.000 356079.000 356104.000 356130.000 356156.000
  1645: 356187.000 356228.000 356247.000 356263.000 356284.000
  1650: 356311.000 356350.000 356362.000 356374.000 356392.000
  1655: 356422.000 356476.000 357465.000 358304.000 358386.000
  1660: 358486.000 358522.000 358560.000 359275.000 359292.000
  1665: 359309.000 359359.000 359430.000 359451.000 359473.000
  1670: 359510.000 359562.000 359608.000 359631.000 359646.000
  1675: 359659.000
D:
     0: 8576.000 11104.000 13305.000 15472.000 17873.000
     5: 20463.000 22571.000 25072.000 27777.000 29705.000
    10: 31384.000 32723.000 34963.000 37622.000 39265.000
    15: 41155.000 42129.000 43566.000 45632.000 46866.000
    20: 47990.000 49780.000 51400.000 52714.000 54495.000
    25: 55671.000 56890.000 59169.000 60791.000 62763.000
    30: 64038.000 65733.000 66876.000 68587.000 70294.000
    35: 71275.000 72555.000 74400.000 75583.000 77047.000
    40: 79249.000 80491.000 82232.000 84243.000 86815.000
    45: 88527.000 90217.000 92737.000 94110.000 95495.000
    50: 97734.000 98905.000 100658.000 102859.000 104284.000
    55: 106203.000 108377.000 109672.000 111781.000 114649.000
    60: 115936.000 120261.000 124398.000 125671.000 127113.000
    65: 129158.000 131112.000 132380.000 133704.000 136249.000
    70: 138496.000 139751.000 141542.000 143394.000 146326.000
    75: 149079.000 150529.000 153447.000 163337.000 165221.000
    80: 167050.000 168486.000 170760.000 180845.000 182048.000
    85: 184078.000 185236.000 186868.000 188654.000 189808.000
    90: 194800.000 196563.000 197947.000 199311.000 202256.000
    95: 204231.000 205793.000 207702.000 210091.000 212098.000
   100: 213301.000 217182.000 220267.000 221674.000 225084.000
   105: 227725.000 229062.000 230228.000 232919.000 250268.000
   110: 254512.000 257996.000 258910.000 260197.000 262891.000
   115: 265725.000 266917.000 268410.000 276446.000 279337.000
   120: 281156.000 284134.000 289274.000 302397.000 304526.000
   125: 307670.000 308995.000 310411.000 313652.000 315292.000
   130: 317206.000 319407.000 321054.000 342748.000 346720.000
   135: 349765.000 351455.000 353149.000 356263.000 359510.000
E:
     0:  791.000  951.000 5384.000 5619.000 7063.000
     5: 7604.000 8765.000 9804.000 11289.000 12298.000
    10: 12532.000 13658.000 14755.000 15691.000 15708.000
    15: 16848.000 18255.000 19238.000 19506.000 20762.000
    20: 21924.000 22061.000 22868.000 23884.000 25342.000
    25: 26232.000 28066.000 29011.000 29941.000 31532.000
    30: 32928.000 33670.000 33900.000 35102.000 36918.000
    35: 37750.000 37753.000 37763.000 38615.000 38873.000
    40: 39534.000 40177.000 41353.000 42530.000 43903.000
    45: 44744.000 45892.000 46422.000 47089.000 47597.000
    50: 48252.000 49909.000 50629.000 51695.000 52193.000
    55: 52344.000 53040.000 54781.000 55898.000 56498.000
    60: 57712.000 59359.000 59361.000 59732.000 60936.000
    65: 61767.000 62973.000 63702.000 64290.000 65928.000
    70: 67043.000 67693.000 68806.000 70442.000 71654.000
    75: 72785.000 74604.000 75860.000 77168.000 77822.000
    80: 77954.000 79439.000 80826.000 82420.000 83619.000
    85: 83821.000 84447.000 86131.000 86438.000 87132.000
    90: 88823.000 90352.000 91232.000 91362.000 91365.000
    95: 92990.000 93642.000 94504.000 94950.000 95896.000
   100: 96329.000 96717.000 97901.000 99216.000 100858.000
   105: 103046.000 104446.000 105394.000 106836.000 108466.000
   110: 109981.000 110634.000 110696.000 111924.000 111927.000
   115: 113969.000 114869.000 116148.000 117347.000 117355.000
   120: 119326.000 120555.000 121307.000 123239.000 124585.000
   125: 125209.000 125944.000 127309.000 129285.000 130156.000
   130: 131293.000 132558.000 133879.000 135010.000 136336.000
   135: 137544.000 137563.000 137584.000 138683.000 139859.000
   140: 141737.000 142607.000 143597.000 145586.000 146549.000
   145: 147373.000 148538.000 149257.000 150698.000 152874.000
   150: 153562.000 161723.000 163547.000 164221.000 164294.000
   155: 164865.000 165422.000 167228.000 168680.000 170133.000
   160: 170952.000 174131.000 175469.000 179822.000 180491.000
   165: 181004.000 182130.000 184222.000 185391.000 186128.000
   170: 186131.000 187142.000 188993.000 190237.000 192029.000
   175: 194236.000 194935.000 195438.000 196680.000 198079.000
   180: 198943.000 199480.000 201329.000 201882.000 202393.000
   185: 204360.000 205934.000 207828.000 210223.000 212312.000
   190: 212766.000 213384.000 215409.000 216775.000 217359.000
   195: 218030.000 219389.000 220708.000 221993.000 224399.000
   200: 225199.000 226919.000 227313.000 227940.000 228619.000
   205: 229236.000 230411.000 232292.000 233133.000 243187.000
   210: 249708.000 250415.000 252243.000 253995.000 254729.000
   215: 257308.000 258176.000 259111.000 260400.000 261586.000
   220: 263034.000 265058.000 265973.000 267076.000 268519.000
   225: 270482.000 274979.000 276709.000 277497.000 278116.000
   230: 279467.000 280526.000 281318.000 281941.000 282297.000
   235: 282863.000 283542.000 284318.000 287021.000 288720.000
   240: 289412.000 292047.000 294723.000 296874.000 301793.000
   245: 302709.000 304054.000 304730.000 305461.000 306632.000
   250: 307251.000 307841.000 309215.000 310532.000 311262.000
   255: 311328.000 312779.000 313139.000 313823.000 315468.000
   260: 317446.000 319754.000 320304.000 321411.000 322164.000
   265: 330702.000 340994.000 342286.000 343056.000 345898.000
   270: 346950.000 347467.000 347555.000 349142.000 349421.000
   275: 349977.000 351544.000 352702.000 353349.000 355267.000
   280: 356692.000 358835.000 359970.000
O:
     0: 10430.000 13138.000 15005.000 17225.000 19882.000
     5: 22317.000 24354.000 27181.000 29461.000 30651.000
    10: 32484.000 34199.000 36094.000 39075.000 40426.000
    15: 41965.000 43286.000 44938.000 46589.000 47779.000
    20: 48976.000 51179.000 52530.000 53809.000 55461.000
    25: 56721.000 58379.000 60030.000 62003.000 63865.000
    30: 64984.000 66691.000 67825.000 69615.000 71107.000
    35: 72302.000 73731.000 75346.000 76276.000 78431.000
    40: 80265.000 81474.000 84009.000 85197.000 88311.000
    45: 89452.000 91887.000 93866.000 95272.000 96960.000
    50: 98672.000 99912.000 102059.000 104011.000 106005.000
    55: 107434.000 109419.000 110896.000 112919.000 115634.000
    60: 119573.000 123553.000 125478.000 126891.000 128395.000
    65: 130368.000 132131.000 133384.000 135267.000 138212.000
    70: 139374.000 140689.000 142983.000 144508.000 147595.000
    75: 150154.000 151855.000 154396.000 164450.000 166234.000
    80: 168186.000 169242.000 171580.000 181794.000 183264.000
    85: 184936.000 186419.000 187944.000 189616.000 190912.000
    90: 195745.000 197621.000 199112.000 200329.000 203358.000
    95: 205380.000 206710.000 209060.000 211796.000 212916.000
   100: 214155.000 218401.000 221299.000 223006.000 225958.000
   105: 228791.000 229855.000 231129.000 233844.000 252693.000
   110: 255462.000 258717.000 259941.000 261879.000 264083.000
   115: 266651.000 268008.000 269302.000 278383.000 280848.000
   120: 282491.000 287431.000 294673.000 304293.000 305679.000
   125: 308743.000 310072.000 311564.000 314543.000 316880.000
   130: 318469.000 320722.000 322344.000 346414.000 347708.000
   135: 350528.000 352892.000 353992.000 357406.000
Q:
     0: 10430.000 17225.000 19882.000 24354.000 27181.000
     5: 30651.000 34199.000 36094.000 40426.000 44938.000
    10: 48976.000 53809.000 58379.000 62003.000 64984.000
    15: 67825.000 69615.000 73731.000 76276.000 78431.000
    20: 81474.000 85197.000 89452.000 91887.000 96960.000
    25: 99912.000 102059.000 107434.000 110896.000 112919.000
    30: 119573.000 123554.000 128395.000 130368.000 135267.000
    35: 140689.000 144508.000 147595.000 151855.000 154396.000
    40: 166234.000 169242.000 171580.000 183264.000 187944.000
    45: 195745.000 200329.000 203358.000 206710.000 209060.000
    50: 214155.000 218401.000 223006.000 225958.000 231129.000
    55: 252693.000 255462.000 261879.000 264083.000 269302.000
    60: 278384.000 287431.000 305679.000 311564.000 314543.000
    65: 318469.000 322344.000 347708.000 350528.000 353992.000
    70: 357406.000
\ROI5 -2
