File: C:\MED-PC\Data\2019-09-19_14h04m_Subject 19002.txt


Start Date: 09/19/19
End Date: 09/19/19
Subject: 19002
Experiment: fr8
Group: 1
Box: 1
Start Time: 14:04:03
End Time: 15:07:14
MSN: FR8 8p TTLforROItoAnymaze
B:   8.000
F:   0.000
H: 499.000
L: 1727.000
R: 105.000
U:  35.000
V: 166.000
A:
     0:    0.000    1.000
C:
     0: 6146.000 6199.000 6524.000 6537.000 6558.000
     5: 6609.000 6645.000 6664.000 6677.000 6728.000
    10: 8334.000 8887.000 8915.000 8929.000 8954.000
    15: 9025.000 9229.000 9249.000 9289.000 9314.000
    20: 9332.000 9363.000 9391.000 9408.000 9429.000
    25: 9441.000 10807.000 10824.000 10849.000 10878.000
    30: 10938.000 10984.000 11025.000 11060.000 11078.000
    35: 12739.000 12784.000 12826.000 13343.000 13375.000
    40: 13434.000 13458.000 13472.000 13511.000 13534.000
    45: 13572.000 15283.000 15298.000 15315.000 15352.000
    50: 15369.000 15395.000 15420.000 15433.000 16514.000
    55: 16542.000 16588.000 16601.000 16636.000 16646.000
    60: 16672.000 16689.000 18692.000 18722.000 18737.000
    65: 18762.000 19272.000 19291.000 19309.000 19345.000
    70: 19360.000 19407.000 19418.000 19805.000 19830.000
    75: 19850.000 19862.000 19885.000 19902.000 19951.000
    80: 19965.000 19994.000 20011.000 20050.000 20084.000
    85: 21613.000 21633.000 21651.000 21666.000 21695.000
    90: 21706.000 21719.000 21749.000 21788.000 21810.000
    95: 21824.000 23421.000 23448.000 23459.000 23478.000
   100: 23512.000 23525.000 23555.000 23595.000 23611.000
   105: 25126.000 25157.000 25171.000 25202.000 25215.000
   110: 25243.000 25277.000 25285.000 25297.000 25313.000
   115: 26452.000 26543.000 26832.000 27192.000 27249.000
   120: 27280.000 27324.000 27337.000 27394.000 27427.000
   125: 27445.000 28944.000 29019.000 29034.000 29047.000
   130: 29074.000 29092.000 29107.000 29119.000 29141.000
   135: 30575.000 30614.000 30628.000 30671.000 30701.000
   140: 30717.000 31219.000 31264.000 31275.000 31289.000
   145: 31307.000 31337.000 31358.000 31372.000 31403.000
   150: 32817.000 33469.000 33515.000 33541.000 33555.000
   155: 34200.000 34227.000 34250.000 34265.000 34336.000
   160: 34361.000 34375.000 34720.000 34743.000 34774.000
   165: 34793.000 34833.000 34928.000 34948.000 35248.000
   170: 35300.000 35329.000 35347.000 35362.000 35402.000
   175: 35432.000 35449.000 35461.000 36731.000 36741.000
   180: 36789.000 36809.000 36845.000 36861.000 36874.000
   185: 36888.000 36904.000 36931.000 36961.000 38527.000
   190: 38699.000 39095.000 39156.000 39183.000 39874.000
   195: 39918.000 39950.000 39972.000 39987.000 40013.000
   200: 40039.000 40053.000 41210.000 41258.000 41273.000
   205: 41293.000 41303.000 41318.000 41346.000 41385.000
   210: 42762.000 42811.000 42824.000 42856.000 42869.000
   215: 42881.000 42901.000 42919.000 42934.000 42947.000
   220: 44452.000 45492.000 46259.000 46583.000 46595.000
   225: 46859.000 46899.000 47379.000 47410.000 47451.000
   230: 47464.000 47475.000 47497.000 47833.000 47846.000
   235: 47873.000 47906.000 47922.000 47936.000 47952.000
   240: 47969.000 47998.000 49381.000 49397.000 49499.000
   245: 49512.000 49966.000 50050.000 50142.000 50549.000
   250: 50663.000 51199.000 51247.000 52220.000 52357.000
   255: 52388.000 52431.000 52456.000 52737.000 52750.000
   260: 52756.000 52779.000 52843.000 52912.000 53213.000
   265: 53258.000 53283.000 53337.000 53352.000 53386.000
   270: 53428.000 53464.000 53477.000 54542.000 54553.000
   275: 54595.000 54612.000 54625.000 54661.000 54676.000
   280: 54700.000 54711.000 54747.000 56157.000 56231.000
   285: 56265.000 56276.000 56306.000 56339.000 56637.000
   290: 56753.000 56866.000 56934.000 57331.000 57344.000
   295: 57513.000 57538.000 57550.000 57560.000 57858.000
   300: 57962.000 59918.000 59939.000 59953.000 59967.000
   305: 59983.000 60009.000 60047.000 60078.000 60089.000
   310: 61251.000 61261.000 61274.000 61286.000 61311.000
   315: 61339.000 61704.000 61747.000 62306.000 63199.000
   320: 63257.000 63269.000 63293.000 63309.000 63610.000
   325: 63621.000 63654.000 63673.000 63701.000 63717.000
   330: 63746.000 63764.000 63776.000 63822.000 63837.000
   335: 63850.000 66015.000 66029.000 66074.000 66155.000
   340: 66384.000 66406.000 66423.000 66569.000 66871.000
   345: 66916.000 67001.000 67037.000 67084.000 67512.000
   350: 67646.000 67700.000 68073.000 68146.000 68251.000
   355: 68265.000 68632.000 68740.000 68890.000 68908.000
   360: 68925.000 68941.000 68952.000 69290.000 69359.000
   365: 69385.000 69406.000 69417.000 69431.000 69453.000
   370: 69493.000 69539.000 69586.000 69606.000 70685.000
   375: 70699.000 70763.000 70780.000 70837.000 70855.000
   380: 70881.000 70889.000 70964.000 72031.000 72057.000
   385: 72154.000 72167.000 72228.000 72242.000 72541.000
   390: 72613.000 73416.000 73447.000 73470.000 73484.000
   395: 73508.000 73817.000 73854.000 73906.000 73993.000
   400: 74005.000 74019.000 74051.000 74434.000 74489.000
   405: 74550.000 74565.000 74575.000 74587.000 74628.000
   410: 74655.000 74668.000 75781.000 75840.000 75988.000
   415: 76001.000 80109.000 80133.000 80460.000 80471.000
   420: 80832.000 81215.000 81226.000 81239.000 81301.000
   425: 81357.000 81669.000 81777.000 81804.000 81904.000
   430: 81927.000 81949.000 81977.000 82232.000 82862.000
   435: 82915.000 82940.000 83017.000 83097.000 83197.000
   440: 84028.000 84833.000 85162.000 85190.000 85212.000
   445: 85243.000 85282.000 85300.000 85347.000 85361.000
   450: 86527.000 86548.000 86585.000 86615.000 86655.000
   455: 86670.000 86704.000 86750.000 86764.000 86778.000
   460: 86792.000 87857.000 87993.000 88442.000 88498.000
   465: 88546.000 88557.000 89159.000 89191.000 89259.000
   470: 89271.000 89309.000 89361.000 89642.000 89677.000
   475: 89696.000 89737.000 89749.000 89777.000 89798.000
   480: 89810.000 89850.000 91298.000 91356.000 91368.000
   485: 91381.000 91390.000 91869.000 91929.000 92878.000
   490: 93487.000 93528.000 93542.000 93555.000 93569.000
   495: 93584.000 93604.000 93664.000 93792.000 94947.000
   500: 95646.000 95724.000 96384.000 96426.000 96442.000
   505: 96474.000 96495.000 96533.000 96564.000 96578.000
   510: 97887.000 98350.000 98501.000 98558.000 98587.000
   515: 99120.000 99181.000 99242.000 99266.000 99277.000
   520: 99594.000 99632.000 99647.000 99682.000 99699.000
   525: 99709.000 99760.000 99775.000 99793.000 99809.000
   530: 101004.000 101154.000 101194.000 101207.000 101597.000
   535: 101708.000 101724.000 101749.000 101885.000 102453.000
   540: 102726.000 103202.000 103763.000 103800.000 103818.000
   545: 103857.000 103893.000 103932.000 103956.000 103980.000
   550: 103996.000 105332.000 105343.000 106094.000 106720.000
   555: 106770.000 106801.000 106839.000 106856.000 106901.000
   560: 106916.000 107260.000 107273.000 107288.000 107323.000
   565: 107358.000 107428.000 107468.000 107491.000 109048.000
   570: 109077.000 109092.000 109137.000 109186.000 109247.000
   575: 109310.000 109697.000 109726.000 109770.000 109805.000
   580: 109815.000 109863.000 109879.000 109894.000 109927.000
   585: 109941.000 109981.000 109996.000 111162.000 111207.000
   590: 111316.000 111694.000 111742.000 111814.000 111895.000
   595: 111921.000 113418.000 113492.000 113521.000 113534.000
   600: 113576.000 113604.000 113638.000 113673.000 115384.000
   605: 115456.000 115484.000 115581.000 115873.000 115925.000
   610: 115948.000 115962.000 116032.000 116043.000 116090.000
   615: 116106.000 117552.000 118249.000 118921.000 118981.000
   620: 119017.000 119054.000 119071.000 119085.000 119117.000
   625: 119438.000 119501.000 119519.000 119560.000 119601.000
   630: 119614.000 119641.000 119657.000 119677.000 120929.000
   635: 121774.000 121794.000 121807.000 121843.000 122569.000
   640: 122622.000 122660.000 122727.000 122799.000 123088.000
   645: 123121.000 123147.000 123191.000 123247.000 123262.000
   650: 123588.000 123602.000 123640.000 123656.000 123702.000
   655: 123722.000 123756.000 123789.000 123806.000 123820.000
   660: 123830.000 123845.000 125160.000 125220.000 125252.000
   665: 125310.000 126818.000 126825.000 126874.000 126894.000
   670: 126936.000 126965.000 126976.000 127336.000 127360.000
   675: 127374.000 127419.000 127433.000 127455.000 127466.000
   680: 127479.000 127511.000 127524.000 128854.000 128869.000
   685: 128970.000 129411.000 130126.000 130171.000 130185.000
   690: 130195.000 130206.000 130249.000 130263.000 130293.000
   695: 131778.000 131824.000 131854.000 131889.000 131927.000
   700: 131954.000 132295.000 132319.000 132356.000 132364.000
   705: 132434.000 132456.000 133105.000 135072.000 135140.000
   710: 135165.000 135205.000 135457.000 135480.000 135511.000
   715: 135546.000 135595.000 135615.000 135628.000 135904.000
   720: 135927.000 135945.000 135963.000 136000.000 136011.000
   725: 136022.000 136055.000 136095.000 137185.000 137229.000
   730: 137369.000 137401.000 137415.000 137446.000 137798.000
   735: 137967.000 138493.000 138605.000 138895.000 138929.000
   740: 139214.000 139860.000 139892.000 139916.000 139959.000
   745: 140013.000 140030.000 140307.000 140323.000 140339.000
   750: 140384.000 140445.000 140456.000 140742.000 140760.000
   755: 140780.000 140815.000 140838.000 140852.000 140871.000
   760: 140889.000 140919.000 140969.000 142012.000 142040.000
   765: 142083.000 142181.000 142191.000 142264.000 142280.000
   770: 142378.000 142392.000 142459.000 142473.000 143696.000
   775: 143702.000 143776.000 143811.000 143841.000 143882.000
   780: 143896.000 143928.000 143940.000 145254.000 145384.000
   785: 145965.000 145971.000 146082.000 146637.000 146647.000
   790: 146672.000 146689.000 146763.000 146805.000 146832.000
   795: 147088.000 147138.000 147174.000 147200.000 147213.000
   800: 148301.000 148365.000 149170.000 149236.000 149298.000
   805: 149317.000 149367.000 149380.000 149392.000 149712.000
   810: 149749.000 149761.000 149776.000 149818.000 149854.000
   815: 149884.000 150195.000 150225.000 150256.000 150267.000
   820: 150284.000 150318.000 150330.000 150348.000 150381.000
   825: 151447.000 151483.000 151759.000 151821.000 151871.000
   830: 151905.000 151937.000 151999.000 152269.000 152318.000
   835: 152359.000 152373.000 152415.000 152424.000 152459.000
   840: 152511.000 152522.000 152535.000 153823.000 153855.000
   845: 154023.000 154029.000 154056.000 156242.000 156272.000
   850: 156332.000 156372.000 156389.000 156411.000 156425.000
   855: 156436.000 156467.000 156483.000 157430.000 157479.000
   860: 157496.000 157510.000 157535.000 157544.000 157557.000
   865: 157621.000 158919.000 158962.000 158996.000 159010.000
   870: 159047.000 162548.000 162832.000 162875.000 162968.000
   875: 165121.000 165165.000 165202.000 165270.000 165515.000
   880: 165551.000 165600.000 165614.000 165629.000 165659.000
   885: 165679.000 165698.000 166596.000 166674.000 166735.000
   890: 166801.000 166870.000 166887.000 166902.000 166911.000
   895: 168459.000 168506.000 169046.000 169089.000 169246.000
   900: 169999.000 170074.000 170089.000 170158.000 170187.000
   905: 170200.000 170231.000 170507.000 170530.000 170558.000
   910: 170572.000 170602.000 170654.000 170706.000 171093.000
   915: 171141.000 171177.000 171219.000 171230.000 171240.000
   920: 171260.000 171321.000 171333.000 171349.000 171401.000
   925: 172436.000 172446.000 172500.000 172510.000 172540.000
   930: 172565.000 172582.000 172615.000 172628.000 172668.000
   935: 172681.000 172719.000 172750.000 174139.000 174184.000
   940: 174272.000 174296.000 174307.000 174322.000 174357.000
   945: 174783.000 174859.000 174919.000 175025.000 175036.000
   950: 175083.000 175102.000 175440.000 175495.000 175514.000
   955: 175573.000 175618.000 175632.000 175968.000 176024.000
   960: 176196.000 176255.000 176266.000 176309.000 176365.000
   965: 176378.000 177429.000 177577.000 177587.000 178011.000
   970: 178101.000 178224.000 178853.000 178899.000 178924.000
   975: 178991.000 179006.000 179025.000 179044.000 179083.000
   980: 180338.000 180349.000 180365.000 180410.000 180431.000
   985: 180444.000 180491.000 180530.000 180541.000 180566.000
   990: 180588.000 182010.000 182199.000 182577.000 182631.000
   995: 183552.000 183597.000 183612.000 183631.000 183694.000
  1000: 183748.000 183763.000 183793.000 183823.000 183842.000
  1005: 184938.000 185565.000 185607.000 185621.000 185636.000
  1010: 185745.000 185761.000 186306.000 186434.000 186471.000
  1015: 186483.000 186534.000 186613.000 186626.000 187019.000
  1020: 187070.000 187095.000 187154.000 187203.000 187217.000
  1025: 187254.000 187268.000 187305.000 187318.000 188560.000
  1030: 188614.000 188663.000 188703.000 189127.000 189174.000
  1035: 189310.000 189356.000 189749.000 189859.000 190019.000
  1040: 190034.000 190081.000 190393.000 191651.000 192274.000
  1045: 192320.000 192364.000 192644.000 192685.000 192748.000
  1050: 192803.000 192847.000 193136.000 193165.000 193184.000
  1055: 193217.000 193233.000 193246.000 193313.000 193341.000
  1060: 193352.000 194474.000 194585.000 194633.000 194710.000
  1065: 194724.000 194736.000 194784.000 195285.000 195305.000
  1070: 195876.000 196526.000 196624.000 196686.000 197065.000
  1075: 197088.000 197107.000 197122.000 197213.000 197260.000
  1080: 197289.000 197303.000 199717.000 199766.000 199826.000
  1085: 199852.000 199868.000 199892.000 199906.000 199948.000
  1090: 199960.000 199976.000 199989.000 200025.000 200044.000
  1095: 201359.000 201531.000 201567.000 201579.000 201628.000
  1100: 201670.000 201714.000 202235.000 203134.000 203275.000
  1105: 203297.000 203959.000 204017.000 204031.000 204051.000
  1110: 204097.000 204129.000 204143.000 204177.000 205309.000
  1115: 205330.000 205342.000 205409.000 205429.000 205443.000
  1120: 205488.000 205500.000 205543.000 205558.000 205570.000
  1125: 207069.000 207080.000 207091.000 207108.000 207210.000
  1130: 207256.000 207300.000 207316.000 208914.000 209076.000
  1135: 209097.000 209144.000 209166.000 209499.000 209511.000
  1140: 209667.000 209708.000 209751.000 210224.000 210239.000
  1145: 210277.000 210348.000 210393.000 210414.000 210453.000
  1150: 210734.000 210766.000 210842.000 210859.000 210883.000
  1155: 210892.000 210906.000 210975.000 211010.000 211025.000
  1160: 212292.000 212310.000 212397.000 212419.000 212427.000
  1165: 212444.000 212481.000 212529.000 213847.000 215404.000
  1170: 215414.000 216611.000 216635.000 216664.000 216686.000
  1175: 216702.000 216724.000 216780.000 217015.000 217063.000
  1180: 217083.000 217096.000 217116.000 217126.000 217143.000
  1185: 217368.000 217416.000 217444.000 217461.000 217473.000
  1190: 217501.000 217545.000 217574.000 217600.000 217613.000
  1195: 218826.000 218846.000 218907.000 218922.000 218936.000
  1200: 218966.000 219040.000 219444.000 219496.000 219536.000
  1205: 219589.000 219605.000 219644.000 220125.000 220155.000
  1210: 220172.000 220186.000 220211.000 220227.000 220269.000
  1215: 220306.000 220318.000 220356.000 220385.000 221691.000
  1220: 221739.000 221849.000 222225.000 222239.000 222253.000
  1225: 222270.000 222297.000 222371.000 222419.000 222434.000
  1230: 223757.000 223823.000 223898.000 223913.000 223951.000
  1235: 224335.000 224376.000 224434.000 224484.000 224531.000
  1240: 224552.000 224580.000 224612.000 224623.000 224638.000
  1245: 225880.000 225937.000 225980.000 226012.000 226029.000
  1250: 228345.000 230656.000 230772.000 230806.000 230833.000
  1255: 230857.000 231061.000 231098.000 231113.000 231149.000
  1260: 231164.000 231218.000 231231.000 231261.000 231303.000
  1265: 231312.000 231326.000 231359.000 232221.000 232316.000
  1270: 232328.000 232402.000 232429.000 232444.000 232958.000
  1275: 233004.000 233016.000 233053.000 233096.000 233109.000
  1280: 233138.000 233205.000 234481.000 234589.000 235227.000
  1285: 235272.000 235285.000 235306.000 236104.000 236117.000
  1290: 236136.000 236152.000 236185.000 236248.000 236296.000
  1295: 236306.000 236352.000 236386.000 237642.000 237727.000
  1300: 237763.000 237775.000 237807.000 237819.000 237831.000
  1305: 237850.000 237862.000 237887.000 237938.000 239084.000
  1310: 239703.000 239976.000 240055.000 240933.000 240968.000
  1315: 240993.000 241010.000 241071.000 241092.000 241105.000
  1320: 241153.000 241211.000 241229.000 241250.000 241264.000
  1325: 242457.000 242508.000 242528.000 242542.000 242553.000
  1330: 242567.000 242583.000 242621.000 242634.000 243747.000
  1335: 243781.000 243802.000 243843.000 243859.000 243885.000
  1340: 243901.000 243929.000 243944.000 243989.000 245238.000
  1345: 245253.000 245284.000 245304.000 245320.000 245334.000
  1350: 245373.000 245387.000 245399.000 245437.000 245471.000
  1355: 246453.000 246588.000 247578.000 247615.000 247638.000
  1360: 248369.000 248410.000 248432.000 248447.000 248482.000
  1365: 248499.000 248508.000 248518.000 248553.000 248573.000
  1370: 249609.000 249629.000 249649.000 249701.000 249734.000
  1375: 249751.000 249762.000 249788.000 249807.000 250999.000
  1380: 251016.000 251056.000 251584.000 251593.000 251675.000
  1385: 251697.000 251723.000 251735.000 252961.000 253004.000
  1390: 253075.000 253095.000 253132.000 253145.000 253172.000
  1395: 253521.000 253573.000 253600.000 253661.000 253691.000
  1400: 253721.000 253736.000 253763.000 254858.000 254883.000
  1405: 254911.000 255012.000 255049.000 255066.000 255605.000
  1410: 255636.000 255677.000 255740.000 255757.000 255781.000
  1415: 256133.000 258112.000 258121.000 258143.000 258165.000
  1420: 258197.000 258217.000 258235.000 258557.000 258585.000
  1425: 258609.000 258645.000 258677.000 258699.000 258953.000
  1430: 259032.000 259063.000 259098.000 259115.000 259162.000
  1435: 259183.000 259411.000 259464.000 259477.000 259500.000
  1440: 259544.000 259556.000 259591.000 259621.000 259649.000
  1445: 259673.000 260848.000 260903.000 260937.000 262322.000
  1450: 262681.000 263145.000 263193.000 263374.000 263767.000
  1455: 264111.000 264263.000 264284.000 264321.000 264362.000
  1460: 264379.000 264396.000 266673.000 267089.000 267113.000
  1465: 267207.000 267481.000 267534.000 267560.000 267594.000
  1470: 267618.000 267629.000 267655.000 267709.000 267728.000
  1475: 268557.000 268623.000 268636.000 268650.000 268684.000
  1480: 268709.000 268776.000 268822.000 268888.000 268931.000
  1485: 268950.000 270230.000 270272.000 270316.000 270370.000
  1490: 270419.000 270866.000 273949.000 274813.000 275227.000
  1495: 275276.000 275309.000 275407.000 275440.000 275541.000
  1500: 275573.000 275624.000 275655.000 276650.000 276666.000
  1505: 276711.000 276731.000 276748.000 276813.000 276831.000
  1510: 276930.000 278221.000 278395.000 278412.000 278426.000
  1515: 278486.000 278524.000 278540.000 279062.000 279226.000
  1520: 279318.000 279331.000 279344.000 279461.000 279499.000
  1525: 279534.000 284826.000 285062.000 285100.000 285309.000
  1530: 296765.000 301769.000 304652.000 311138.000 311177.000
  1535: 311198.000 311215.000 311308.000 311319.000 311332.000
  1540: 311358.000 311371.000 311384.000 312597.000 312692.000
  1545: 312749.000 312762.000 312826.000 313341.000 313397.000
  1550: 313413.000 313429.000 313467.000 313489.000 313503.000
  1555: 313558.000 313578.000 313591.000 313616.000 313661.000
  1560: 313696.000 315023.000 316345.000 317348.000 317361.000
  1565: 317427.000 317439.000 317480.000 317497.000 317514.000
  1570: 317527.000 317548.000 317568.000 317587.000 318499.000
  1575: 318509.000 318544.000 318555.000 318574.000 318610.000
  1580: 318645.000 318657.000 318691.000 318704.000 319948.000
  1585: 320018.000 320060.000 320075.000 320093.000 320106.000
  1590: 320131.000 320143.000 320157.000 320168.000 320247.000
  1595: 321599.000 321667.000 321686.000 321717.000 321736.000
  1600: 321746.000 321758.000 321812.000 321837.000 321852.000
  1605: 323339.000 323356.000 323368.000 323421.000 323478.000
  1610: 323493.000 323525.000 323540.000 324847.000 324861.000
  1615: 324927.000 324941.000 324992.000 325016.000 325028.000
  1620: 325068.000 326428.000 326495.000 326557.000 326576.000
  1625: 326592.000 326604.000 326627.000 326649.000 326664.000
  1630: 327953.000 328005.000 328024.000 328067.000 328079.000
  1635: 328119.000 328130.000 328140.000 328153.000 328221.000
  1640: 329365.000 330043.000 330124.000 330153.000 330187.000
  1645: 330203.000 330211.000 330224.000 330256.000 330267.000
  1650: 331640.000 331714.000 331726.000 331749.000 331779.000
  1655: 331806.000 331840.000 331851.000 333051.000 333079.000
  1660: 333120.000 333135.000 333168.000 333196.000 333210.000
  1665: 333234.000 333267.000 333280.000 334465.000 334488.000
  1670: 334509.000 334530.000 334550.000 334597.000 334628.000
  1675: 334681.000 334707.000 334748.000 336004.000 336047.000
  1680: 336126.000 336142.000 336167.000 336186.000 336237.000
  1685: 336630.000 336667.000 344173.000 346475.000 354092.000
  1690: 354434.000 354480.000 354516.000 354556.000 354576.000
  1695: 354614.000 354934.000 354953.000 354972.000 355018.000
  1700: 355028.000 355093.000 355116.000 355379.000 355396.000
  1705: 355413.000 355448.000 355505.000 355524.000 355538.000
  1710: 355566.000 355594.000 356339.000 356421.000 357085.000
  1715: 357132.000 357976.000 358019.000 358038.000 358057.000
  1720: 358120.000 358146.000 358247.000 358255.000 358271.000
  1725: 358302.000 359523.000
D:
     0: 6664.000 9408.000 11060.000 13472.000 15433.000
     5: 16689.000 19965.000 21749.000 23595.000 25285.000
    10: 27337.000 29119.000 31372.000 35449.000 36888.000
    15: 40053.000 41385.000 42919.000 47969.000 53464.000
    20: 54700.000 60078.000 63764.000 69493.000 70889.000
    25: 74655.000 85361.000 86750.000 89810.000 93664.000
    30: 96578.000 99775.000 103980.000 107491.000 109894.000
    35: 111921.000 113673.000 116106.000 119657.000 123789.000
    40: 127479.000 130293.000 136055.000 140889.000 142378.000
    45: 143928.000 150348.000 152511.000 156436.000 157621.000
    50: 165698.000 166911.000 171321.000 172615.000 176378.000
    55: 179083.000 180530.000 183793.000 187268.000 193341.000
    60: 197303.000 199948.000 204177.000 205500.000 207316.000
    65: 210975.000 212529.000 217574.000 220306.000 222434.000
    70: 224612.000 231261.000 233205.000 236306.000 237850.000
    75: 241153.000 242621.000 243929.000 245387.000 248518.000
    80: 249788.000 251723.000 253763.000 259621.000 267709.000
    85: 268822.000 275624.000 276930.000 279534.000 311358.000
    90: 313558.000 317527.000 318657.000 320143.000 321812.000
    95: 323540.000 325068.000 326649.000 328140.000 330224.000
   100: 331851.000 333234.000 334681.000 355566.000 358255.000
E:
     0: 1721.000 3492.000 3605.000 3637.000 5357.000
     5: 5367.000 6805.000 6822.000 7913.000 8158.000
    10: 8164.000 9102.000 9561.000 9574.000 10608.000
    15: 10663.000 11217.000 12457.000 13636.000 14973.000
    20: 15514.000 15529.000 16343.000 16766.000 18420.000
    25: 18906.000 19077.000 19559.000 20188.000 20204.000
    30: 21407.000 21907.000 23099.000 23686.000 25369.000
    35: 26181.000 27514.000 28615.000 28790.000 29215.000
    40: 30290.000 30768.000 30790.000 31464.000 33636.000
    45: 34442.000 35000.000 35022.000 35513.000 36422.000
    50: 37065.000 38281.000 38288.000 39262.000 39706.000
    55: 40119.000 41468.000 42482.000 43002.000 44024.000
    60: 44230.000 45651.000 46063.000 46997.000 47567.000
    65: 47584.000 48086.000 49006.000 49157.000 49595.000
    70: 50215.000 51379.000 52021.000 52520.000 52992.000
    75: 53027.000 53558.000 54344.000 54854.000 54861.000
    80: 55971.000 56407.000 57041.000 57067.000 57617.000
    85: 57641.000 59333.000 59659.000 60168.000 60191.000
    90: 60964.000 61406.000 61422.000 62526.000 63022.000
    95: 63383.000 63416.000 63918.000 64658.000 65406.000
   100: 65408.000 65618.000 65744.000 66224.000 66230.000
   105: 66245.000 66634.000 66655.000 67175.000 67193.000
   110: 67828.000 67859.000 68382.000 68401.000 68451.000
   115: 69016.000 69035.000 69671.000 70488.000 71035.000
   120: 72316.000 72717.000 73560.000 74106.000 74765.000
   125: 75493.000 76051.000 76272.000 79476.000 81002.000
   130: 81459.000 81591.000 82035.000 82645.000 83306.000
   135: 83827.000 84957.000 85418.000 85445.000 86375.000
   140: 86846.000 88630.000 89411.000 89911.000 89937.000
   145: 91116.000 91505.000 91705.000 92052.000 92963.000
   150: 93267.000 93851.000 95834.000 96202.000 96634.000
   155: 97629.000 98662.000 98966.000 99372.000 99882.000
   160: 100826.000 101297.000 101957.000 102850.000 102856.000
   165: 103498.000 104063.000 105121.000 106248.000 107019.000
   170: 107585.000 108590.000 108817.000 109410.000 110069.000
   175: 110997.000 111986.000 113737.000 114993.000 115183.000
   180: 115646.000 116197.000 117191.000 117345.000 118412.000
   185: 119180.000 119748.000 120724.000 121966.000 122399.000
   190: 122864.000 123348.000 123920.000 124954.000 125364.000
   195: 126571.000 127060.000 127581.000 127596.000 128683.000
   200: 129552.000 129942.000 130361.000 131597.000 132022.000
   205: 132513.000 134449.000 135262.000 135284.000 135718.000
   210: 136163.000 136953.000 137509.000 138203.000 139403.000
   215: 139684.000 140094.000 140555.000 141038.000 142538.000
   220: 143477.000 144023.000 144943.000 145103.000 146207.000
   225: 146893.000 148471.000 148903.000 149454.000 149977.000
   230: 150455.000 151235.000 151548.000 152068.000 152083.000
   235: 152592.000 153391.000 153592.000 154112.000 154132.000
   240: 155930.000 156566.000 157693.000 158577.000 158737.000
   245: 159119.000 161677.000 162237.000 162673.000 163143.000
   250: 164662.000 165337.000 165785.000 165796.000 165801.000
   255: 165806.000 167023.000 168102.000 168297.000 169308.000
   260: 169839.000 170303.000 170835.000 170862.000 171473.000
   265: 172257.000 172821.000 173891.000 174423.000 175154.000
   270: 175744.000 175758.000 175766.000 176475.000 178296.000
   275: 179183.000 180178.000 180690.000 181805.000 182272.000
   280: 182718.000 183916.000 185842.000 186172.000 186697.000
   285: 186717.000 187428.000 188808.000 189476.000 190140.000
   290: 190488.000 191749.000 192034.000 192462.000 192915.000
   295: 192947.000 193435.000 194305.000 194860.000 196022.000
   300: 196345.000 196838.000 197409.000 198529.000 198796.000
   305: 200099.000 201193.000 201790.000 202066.000 203381.000
   310: 203753.000 204267.000 205149.000 205646.000 206852.000
   315: 207409.000 208385.000 208518.000 208701.000 209243.000
   320: 209247.000 209813.000 210528.000 210546.000 211103.000
   325: 212042.000 212625.000 213659.000 215574.000 216292.000
   330: 216427.000 216846.000 216865.000 216870.000 217217.000
   335: 217230.000 217717.000 219133.000 219136.000 219770.000
   340: 219789.000 219807.000 219823.000 220486.000 221491.000
   345: 221500.000 221924.000 222542.000 223513.000 224017.000
   350: 224026.000 224714.000 225676.000 226147.000 226330.000
   355: 227772.000 229024.000 230223.000 230913.000 231437.000
   360: 231444.000 232081.000 232571.000 233297.000 234310.000
   365: 235406.000 235947.000 236450.000 237510.000 238008.000
   370: 238950.000 240148.000 240762.000 241337.000 242303.000
   375: 242704.000 243566.000 244076.000 245085.000 245552.000
   380: 246310.000 247749.000 248640.000 249341.000 249442.000
   385: 249866.000 250787.000 251816.000 252780.000 253242.000
   390: 253835.000 254586.000 255189.000 255835.000 256405.000
   395: 257610.000 257901.000 258343.000 258362.000 258765.000
   400: 258781.000 259248.000 259751.000 260648.000 261058.000
   405: 262835.000 263472.000 263938.000 263941.000 264474.000
   410: 266176.000 266360.000 266965.000 267403.000 267794.000
   415: 268423.000 269067.000 270519.000 270527.000 273563.000
   420: 275018.000 275718.000 275736.000 276448.000 277025.000
   425: 278047.000 278695.000 278906.000 278910.000 279635.000
   430: 280612.000 284204.000 285180.000 291923.000 293333.000
   435: 294007.000 296881.000 301343.000 304745.000 309912.000
   440: 310802.000 310996.000 311450.000 311467.000 312391.000
   445: 312971.000 313775.000 314543.000 316496.000 317171.000
   450: 317656.000 318786.000 319788.000 320326.000 321419.000
   455: 321919.000 323076.000 323180.000 323651.000 324693.000
   460: 325151.000 326248.000 326757.000 327642.000 327795.000
   465: 328302.000 329174.000 330342.000 331346.000 331453.000
   470: 331921.000 332743.000 332875.000 333345.000 333352.000
   475: 334151.000 334818.000 335829.000 336305.000 343035.000
   480: 346180.000 346595.000 347411.000 351122.000 354216.000
   485: 354693.000 355180.000 355204.000 355653.000 355667.000
   490: 356149.000 357256.000 357262.000 357619.000 357790.000
   495: 358359.000 359052.000 359252.000 359345.000
O:
     0: 8311.000 12719.000 18679.000 25123.000 26453.000
     5: 30587.000 32806.000 38521.000 41209.000 42755.000
    10: 46260.000 50542.000 56644.000 61702.000 65977.000
    15: 73387.000 80090.000 87863.000 91298.000 94944.000
    20: 97883.000 102424.000 105334.000 111141.000 115388.000
    25: 117544.000 120909.000 125113.000 128851.000 131767.000
    30: 138484.000 145244.000 158901.000 166576.000 168437.000
    35: 172419.000 174126.000 177414.000 180333.000 182005.000
    40: 184921.000 195284.000 199686.000 202231.000 208914.000
    45: 213839.000 223754.000 225874.000 234466.000 239077.000
    50: 242435.000 246424.000 250971.000 253518.000 256121.000
    55: 262019.000 273886.000 284807.000 312578.000 315005.000
    60: 327942.000 329355.000 334443.000 336604.000 356329.000
    65: 359505.000
Q:
     0: 8311.000 12719.000 26453.000 32806.000 38521.000
     5: 46260.000 50542.000 61702.000 80090.000 87863.000
    10: 94944.000 97883.000 105334.000 111141.000 117544.000
    15: 120909.000 128851.000 138484.000 145244.000 168437.000
    20: 177414.000 184921.000 195284.000 202231.000 213839.000
    25: 234466.000 239077.000 246424.000 250971.000 262019.000
    30: 273886.000 315005.000 329355.000 356329.000 359505.000
\ROI5 -1 
