File: C:\MED-PC\Data\2019-09-26_16h38m_Subject 19012.txt


Start Date: 09/26/19
End Date: 09/26/19
Subject: 19012
Experiment: fr8
Group: 0
Box: 1
Start Time: 16:38:27
End Time: 17:40:37
MSN: FR8 8p TTLforROItoAnymaze
B:   8.000
F:   0.000
H: 225.000
L: 1252.000
R:  94.000
U:  47.000
V: 139.000
A:
     0:    0.000    1.000
C:
     0: 6138.000 6158.000 6185.000 6201.000 6224.000
     5: 6718.000 6732.000 7261.000 7284.000 7298.000
    10: 7307.000 7334.000 7362.000 8803.000 10178.000
    15: 10229.000 10263.000 10277.000 10313.000 10333.000
    20: 10391.000 10450.000 10479.000 11404.000 11424.000
    25: 11447.000 11484.000 11520.000 11552.000 11600.000
    30: 12191.000 12214.000 12249.000 12264.000 12275.000
    35: 12305.000 12337.000 12372.000 12391.000 12406.000
    40: 12445.000 13515.000 13538.000 13553.000 13594.000
    45: 13632.000 14243.000 14271.000 14296.000 14317.000
    50: 14346.000 14374.000 14406.000 14936.000 14964.000
    55: 14991.000 15009.000 15063.000 15086.000 15102.000
    60: 15151.000 15176.000 15228.000 16222.000 16255.000
    65: 16278.000 16320.000 16897.000 16910.000 16933.000
    70: 16963.000 16984.000 17008.000 17067.000 17094.000
    75: 18073.000 18108.000 18148.000 18179.000 18219.000
    80: 18261.000 18320.000 18842.000 18874.000 18890.000
    85: 18930.000 18958.000 19011.000 19034.000 19058.000
    90: 19994.000 20034.000 20057.000 20087.000 20118.000
    95: 20167.000 20201.000 20743.000 20761.000 20777.000
   100: 20811.000 20834.000 20862.000 20914.000 20930.000
   105: 20945.000 21893.000 21912.000 21925.000 21948.000
   110: 21976.000 22026.000 22064.000 22083.000 22098.000
   115: 22142.000 22157.000 22960.000 22997.000 23038.000
   120: 23109.000 23126.000 23144.000 23578.000 23613.000
   125: 23623.000 23652.000 23689.000 23712.000 23741.000
   130: 23769.000 23819.000 24671.000 24698.000 24761.000
   135: 24776.000 24798.000 24840.000 24918.000 24944.000
   140: 24976.000 25822.000 25843.000 25858.000 25896.000
   145: 25939.000 25993.000 26014.000 26032.000 26979.000
   150: 27007.000 27028.000 27059.000 27086.000 27158.000
   155: 27568.000 27576.000 27591.000 27626.000 27652.000
   160: 27690.000 27714.000 27763.000 28574.000 28590.000
   165: 28615.000 28658.000 28698.000 29270.000 29299.000
   170: 29328.000 29342.000 29370.000 29408.000 30906.000
   175: 30922.000 30988.000 31580.000 31615.000 31634.000
   180: 31682.000 31701.000 31724.000 31772.000 31789.000
   185: 32561.000 32592.000 32601.000 32614.000 32639.000
   190: 32664.000 32700.000 32714.000 33564.000 33597.000
   195: 33607.000 33627.000 33674.000 33710.000 33737.000
   200: 33763.000 34683.000 34720.000 34801.000 34824.000
   205: 36661.000 36687.000 36733.000 36767.000 36799.000
   210: 36824.000 36861.000 36883.000 36898.000 37573.000
   215: 37588.000 37617.000 37628.000 37646.000 37668.000
   220: 37728.000 37779.000 38498.000 38535.000 38555.000
   225: 38580.000 38608.000 38632.000 38657.000 39114.000
   230: 39134.000 39158.000 39180.000 39211.000 39234.000
   235: 39268.000 39784.000 39808.000 39836.000 39854.000
   240: 39876.000 39919.000 39963.000 39997.000 40023.000
   245: 40804.000 40820.000 40835.000 40864.000 40892.000
   250: 40960.000 40978.000 41006.000 41061.000 41840.000
   255: 41872.000 41919.000 41981.000 41997.000 42488.000
   260: 42571.000 42607.000 42618.000 42659.000 42675.000
   265: 43127.000 43162.000 43182.000 43206.000 43230.000
   270: 43255.000 43337.000 43753.000 43771.000 43797.000
   275: 43818.000 43876.000 43909.000 43932.000 43957.000
   280: 44791.000 44817.000 44853.000 44890.000 44907.000
   285: 46227.000 46257.000 46311.000 46326.000 46341.000
   290: 46459.000 47044.000 47075.000 47099.000 47131.000
   295: 47153.000 47206.000 47221.000 47239.000 47305.000
   300: 47344.000 47374.000 47395.000 48030.000 48065.000
   305: 48078.000 48121.000 48149.000 48201.000 48240.000
   310: 48818.000 48844.000 48882.000 48923.000 48952.000
   315: 49020.000 49059.000 49492.000 49562.000 49587.000
   320: 49610.000 49668.000 49703.000 49736.000 49978.000
   325: 50003.000 50049.000 50086.000 50104.000 50132.000
   330: 50326.000 50358.000 50380.000 50402.000 50428.000
   335: 50473.000 50531.000 51307.000 51339.000 52598.000
   340: 52629.000 52682.000 52699.000 52724.000 53136.000
   345: 53151.000 53174.000 53215.000 53242.000 53284.000
   350: 53300.000 53322.000 54123.000 54154.000 54179.000
   355: 54221.000 54235.000 54255.000 54697.000 54726.000
   360: 54747.000 54776.000 54799.000 54823.000 54848.000
   365: 54889.000 54945.000 55677.000 55709.000 55742.000
   370: 55803.000 55832.000 55878.000 56872.000 56912.000
   375: 56948.000 56983.000 57001.000 57021.000 57066.000
   380: 57082.000 57129.000 57141.000 57746.000 57766.000
   385: 57789.000 57806.000 57831.000 57859.000 57881.000
   390: 57919.000 57946.000 57993.000 58780.000 58801.000
   395: 58825.000 58853.000 58872.000 58917.000 58952.000
   400: 59346.000 59512.000 59541.000 59595.000 59620.000
   405: 59667.000 60084.000 60091.000 60145.000 60191.000
   410: 60208.000 60517.000 60538.000 60553.000 61034.000
   415: 61059.000 61076.000 61128.000 61146.000 61166.000
   420: 61184.000 61209.000 61231.000 61252.000 62032.000
   425: 62058.000 62082.000 62125.000 62405.000 62437.000
   430: 62462.000 62486.000 62525.000 62563.000 62576.000
   435: 62592.000 62605.000 62633.000 63338.000 63360.000
   440: 63381.000 63417.000 63439.000 63496.000 63529.000
   445: 64006.000 64022.000 64056.000 64068.000 64102.000
   450: 64117.000 64141.000 64185.000 64234.000 65139.000
   455: 65162.000 65179.000 65207.000 65230.000 65287.000
   460: 65325.000 65360.000 65404.000 65427.000 66242.000
   465: 66268.000 66286.000 66319.000 66372.000 66400.000
   470: 66414.000 66955.000 66975.000 66995.000 67015.000
   475: 67044.000 67058.000 67086.000 67111.000 67167.000
   480: 67210.000 67230.000 67881.000 67921.000 67945.000
   485: 67973.000 68029.000 68060.000 68101.000 68560.000
   490: 68588.000 68631.000 68660.000 68686.000 68721.000
   495: 68748.000 68785.000 69586.000 69624.000 69648.000
   500: 69671.000 69720.000 69759.000 70287.000 70315.000
   505: 70338.000 70371.000 70399.000 70440.000 70450.000
   510: 70501.000 70534.000 71267.000 71302.000 71323.000
   515: 71337.000 71361.000 71388.000 71413.000 71434.000
   520: 71484.000 72130.000 72150.000 72194.000 72214.000
   525: 72252.000 72284.000 72326.000 72378.000 72388.000
   530: 73178.000 73207.000 73231.000 73257.000 73295.000
   535: 73318.000 73342.000 73374.000 73391.000 73428.000
   540: 73453.000 74326.000 74356.000 74381.000 74415.000
   545: 74444.000 74488.000 74500.000 74519.000 75320.000
   550: 75354.000 75377.000 75403.000 75420.000 75434.000
   555: 75475.000 75510.000 76313.000 76345.000 76384.000
   560: 76399.000 76423.000 76463.000 76509.000 76976.000
   565: 76985.000 77004.000 77019.000 77044.000 77058.000
   570: 77086.000 77122.000 77144.000 77173.000 77219.000
   575: 77974.000 77996.000 78038.000 78058.000 78104.000
   580: 78145.000 78168.000 78186.000 78885.000 78917.000
   585: 78927.000 78969.000 78984.000 79007.000 79044.000
   590: 79054.000 79084.000 79109.000 79788.000 79826.000
   595: 79847.000 79886.000 79918.000 79949.000 79962.000
   600: 79999.000 80862.000 80904.000 80932.000 80950.000
   605: 80971.000 80992.000 81017.000 81045.000 81782.000
   610: 81803.000 81842.000 81863.000 81885.000 81921.000
   615: 81955.000 82410.000 82431.000 82450.000 82471.000
   620: 82486.000 82498.000 82554.000 82570.000 82596.000
   625: 82613.000 83361.000 83383.000 83405.000 83420.000
   630: 83448.000 83478.000 83495.000 83522.000 83543.000
   635: 83560.000 84340.000 84358.000 84396.000 84417.000
   640: 84441.000 84465.000 84487.000 84523.000 84537.000
   645: 85242.000 85285.000 85332.000 85354.000 85381.000
   650: 85409.000 85457.000 88025.000 89350.000 89377.000
   655: 89416.000 89454.000 89465.000 89492.000 89541.000
   660: 89569.000 89607.000 89742.000 89763.000 90436.000
   665: 90473.000 90497.000 90519.000 90546.000 90581.000
   670: 90624.000 90647.000 91483.000 91505.000 91522.000
   675: 91533.000 91558.000 91595.000 91614.000 91633.000
   680: 91655.000 91687.000 91748.000 91791.000 92512.000
   685: 92540.000 92571.000 92582.000 92609.000 92627.000
   690: 92667.000 92675.000 92702.000 92732.000 93500.000
   695: 93524.000 93547.000 93564.000 93582.000 93634.000
   700: 93653.000 93680.000 93707.000 93759.000 94628.000
   705: 94714.000 94748.000 94796.000 94820.000 97839.000
   710: 97861.000 97884.000 97910.000 97954.000 98007.000
   715: 98044.000 98074.000 98118.000 98805.000 98828.000
   720: 98845.000 98871.000 98912.000 98961.000 98977.000
   725: 99369.000 99393.000 99411.000 99434.000 99463.000
   730: 99499.000 99516.000 99554.000 99594.000 100280.000
   735: 100327.000 100373.000 100411.000 100455.000 101101.000
   740: 101131.000 101151.000 101192.000 101214.000 101228.000
   745: 101246.000 101258.000 101282.000 102075.000 102115.000
   750: 102169.000 102193.000 102233.000 102245.000 102289.000
   755: 102322.000 103027.000 103058.000 103078.000 103104.000
   760: 103119.000 103143.000 103170.000 103229.000 103992.000
   765: 104019.000 104045.000 104058.000 104077.000 104111.000
   770: 104131.000 104218.000 105009.000 105041.000 105061.000
   775: 105099.000 105122.000 105152.000 105165.000 105199.000
   780: 106051.000 106075.000 106112.000 106135.000 106151.000
   785: 106180.000 106234.000 106260.000 106313.000 106361.000
   790: 107063.000 107097.000 107119.000 107147.000 107166.000
   795: 107190.000 107232.000 107282.000 107302.000 107986.000
   800: 108030.000 108043.000 108056.000 108078.000 108118.000
   805: 108142.000 108164.000 108224.000 109135.000 109222.000
   810: 109244.000 109265.000 109300.000 109345.000 112014.000
   815: 112040.000 112057.000 112079.000 112114.000 112140.000
   820: 112171.000 112204.000 112225.000 112250.000 112292.000
   825: 112338.000 113035.000 113060.000 113111.000 113151.000
   830: 113201.000 113237.000 113284.000 113312.000 114094.000
   835: 114116.000 114169.000 114212.000 114272.000 114312.000
   840: 114861.000 114883.000 114912.000 114929.000 114942.000
   845: 114962.000 114987.000 115010.000 115081.000 115118.000
   850: 119531.000 119556.000 119588.000 119614.000 119635.000
   855: 119665.000 119677.000 119717.000 119743.000 120563.000
   860: 120599.000 120631.000 120686.000 120716.000 120750.000
   865: 120766.000 120807.000 121677.000 121696.000 121715.000
   870: 121738.000 121764.000 121801.000 121833.000 121875.000
   875: 121888.000 138066.000 138177.000 138216.000 138333.000
   880: 138384.000 139237.000 139276.000 139293.000 139319.000
   885: 139341.000 139350.000 139368.000 139482.000 139560.000
   890: 139580.000 140470.000 140488.000 140503.000 140530.000
   895: 140549.000 140566.000 140582.000 140603.000 140635.000
   900: 140676.000 141441.000 141467.000 141514.000 141537.000
   905: 141564.000 141591.000 141605.000 141619.000 141637.000
   910: 142545.000 142596.000 142616.000 142638.000 142667.000
   915: 142695.000 142722.000 142772.000 142797.000 143526.000
   920: 143553.000 143573.000 143603.000 143631.000 143659.000
   925: 143688.000 143739.000 144518.000 144552.000 144584.000
   930: 144600.000 144646.000 144682.000 145118.000 145142.000
   935: 145166.000 145186.000 145206.000 145228.000 145259.000
   940: 145288.000 145305.000 146062.000 146088.000 146113.000
   945: 146136.000 146160.000 146198.000 146236.000 146282.000
   950: 146332.000 162896.000 168524.000 168561.000 168571.000
   955: 168595.000 170123.000 170177.000 170196.000 170436.000
   960: 170453.000 170457.000 170497.000 170517.000 170591.000
   965: 170629.000 170651.000 171225.000 171240.000 171260.000
   970: 171279.000 171311.000 171345.000 171408.000 171429.000
   975: 171454.000 171480.000 172243.000 172262.000 172273.000
   980: 172315.000 172353.000 172366.000 172386.000 172409.000
   985: 172447.000 172475.000 173105.000 173192.000 173210.000
   990: 173298.000 174016.000 174027.000 174042.000 174066.000
   995: 174093.000 174144.000 174166.000 175157.000 175171.000
  1000: 175194.000 175219.000 175240.000 175273.000 175304.000
  1005: 175690.000 175720.000 175737.000 175749.000 175775.000
  1010: 175795.000 175811.000 175841.000 175855.000 175878.000
  1015: 175934.000 176612.000 176644.000 176672.000 176690.000
  1020: 176716.000 176737.000 176778.000 177565.000 177594.000
  1025: 177630.000 177642.000 178207.000 178265.000 178275.000
  1030: 185769.000 203614.000 203643.000 203662.000 203669.000
  1035: 203685.000 203732.000 203753.000 203796.000 203837.000
  1040: 204613.000 204638.000 204671.000 204682.000 204732.000
  1045: 204758.000 205180.000 205221.000 205244.000 205262.000
  1050: 205289.000 205321.000 205345.000 205901.000 205938.000
  1055: 205960.000 205983.000 206005.000 206020.000 206058.000
  1060: 206082.000 206114.000 206877.000 206894.000 206957.000
  1065: 206986.000 207008.000 207025.000 207056.000 207079.000
  1070: 207104.000 207916.000 207946.000 207964.000 208017.000
  1075: 208030.000 208047.000 215346.000 215402.000 215421.000
  1080: 215442.000 215466.000 215497.000 215817.000 215848.000
  1085: 215871.000 215909.000 215929.000 215958.000 215986.000
  1090: 216007.000 216045.000 216069.000 216921.000 216945.000
  1095: 216972.000 216994.000 217032.000 217054.000 217086.000
  1100: 217615.000 217645.000 217667.000 217710.000 217741.000
  1105: 217776.000 217815.000 217835.000 217884.000 218490.000
  1110: 218527.000 218539.000 218573.000 218625.000 218645.000
  1115: 218667.000 218679.000 219679.000 220267.000 220283.000
  1120: 220303.000 220329.000 220355.000 220373.000 220430.000
  1125: 220455.000 220499.000 220530.000 221208.000 221240.000
  1130: 221258.000 221279.000 221306.000 222054.000 222068.000
  1135: 222091.000 222111.000 222132.000 222158.000 222195.000
  1140: 222236.000 222258.000 222287.000 222968.000 222992.000
  1145: 223012.000 223030.000 223052.000 223084.000 223103.000
  1150: 223759.000 223800.000 223821.000 223850.000 223878.000
  1155: 223904.000 223928.000 223954.000 223981.000 224070.000
  1160: 246441.000 258338.000 258356.000 258410.000 258429.000
  1165: 265063.000 265131.000 265174.000 265194.000 265237.000
  1170: 265464.000 265487.000 265510.000 265540.000 265571.000
  1175: 265589.000 265608.000 265633.000 265661.000 265698.000
  1180: 265719.000 266341.000 266362.000 266385.000 266415.000
  1185: 266435.000 266456.000 266483.000 267068.000 267094.000
  1190: 267116.000 267138.000 267163.000 267180.000 267212.000
  1195: 267239.000 267265.000 267330.000 267367.000 267414.000
  1200: 267431.000 268136.000 268149.000 268173.000 268213.000
  1205: 268232.000 268241.000 268269.000 268294.000 268315.000
  1210: 268340.000 272527.000 282396.000 282445.000 282477.000
  1215: 282497.000 282523.000 282583.000 282604.000 282629.000
  1220: 283417.000 286520.000 286561.000 291784.000 291835.000
  1225: 291845.000 298349.000 298384.000 298403.000 298420.000
  1230: 298444.000 298456.000 298478.000 298501.000 298548.000
  1235: 298589.000 299254.000 299280.000 299327.000 299386.000
  1240: 305092.000 305127.000 305140.000 310715.000 310751.000
  1245: 333436.000 341452.000 341522.000 342839.000 343040.000
  1250: 343084.000 343112.000
D:
     0: 7362.000 10450.000 12372.000 15151.000 17094.000
     5: 19058.000 20930.000 22083.000 23769.000 24944.000
    10: 26032.000 27763.000 31789.000 32714.000 33763.000
    15: 36883.000 37779.000 39997.000 41006.000 43957.000
    20: 47239.000 50358.000 53322.000 54889.000 57082.000
    25: 57919.000 60553.000 61209.000 62486.000 64185.000
    30: 65360.000 67111.000 68785.000 70501.000 71434.000
    35: 72378.000 73374.000 74519.000 75510.000 77122.000
    40: 78186.000 79054.000 79999.000 81045.000 82570.000
    45: 83522.000 84523.000 89569.000 90647.000 91633.000
    50: 92675.000 93680.000 98074.000 99554.000 101258.000
    55: 102322.000 103229.000 104218.000 105199.000 106260.000
    60: 107282.000 108164.000 112204.000 113312.000 115010.000
    65: 119717.000 120807.000 121875.000 139482.000 140603.000
    70: 141619.000 142772.000 143739.000 145288.000 146282.000
    75: 170517.000 171429.000 172409.000 174066.000 175841.000
    80: 203796.000 206082.000 207079.000 216007.000 217835.000
    85: 218679.000 220430.000 222091.000 223954.000 265633.000
    90: 267239.000 268294.000 282629.000 298444.000
E:
     0:  548.000 2534.000 5081.000 6392.000 7590.000
     5: 8424.000 10015.000 10681.000 11816.000 12629.000
    10: 13864.000 14627.000 15500.000 16582.000 17299.000
    15: 18567.000 19296.000 20449.000 21157.000 22342.000
    20: 23378.000 24068.000 25255.000 26279.000 26825.000
    25: 27335.000 27987.000 29023.000 30215.000 31272.000
    30: 31985.000 32947.000 34020.000 35096.000 36436.000
    35: 37099.000 37954.000 38899.000 39551.000 40262.000
    40: 41287.000 42246.000 42937.000 43542.000 44210.000
    45: 45151.000 45825.000 46737.000 46843.000 47596.000
    50: 48526.000 49172.000 49316.000 49845.000 50628.000
    55: 50764.000 52883.000 53523.000 54514.000 55162.000
    60: 56608.000 57341.000 58179.000 59125.000 59882.000
    65: 60643.000 60737.000 61458.000 62852.000 63759.000
    70: 64453.000 65619.000 66692.000 67395.000 68323.000
    75: 69020.000 70061.000 70759.000 71667.000 72588.000
    80: 73723.000 74757.000 75713.000 76723.000 77444.000
    85: 78394.000 79324.000 80269.000 81229.000 82156.000
    90: 82823.000 83758.000 84722.000 85686.000 88827.000
    95: 89973.000 90858.000 91975.000 92945.000 94000.000
   100: 95055.000 97597.000 98329.000 99161.000 99777.000
   105: 100738.000 101534.000 102505.000 103421.000 104424.000
   110: 105398.000 105830.000 106590.000 106899.000 107507.000
   115: 108327.000 108484.000 109552.000 110869.000 112527.000
   120: 113481.000 114572.000 115378.000 117935.000 119984.000
   125: 121032.000 122097.000 124257.000 127287.000 127292.000
   130: 127838.000 129096.000 129498.000 137602.000 138878.000
   135: 139760.000 140868.000 141878.000 142982.000 143944.000
   140: 144901.000 145540.000 146513.000 147938.000 152950.000
   145: 155244.000 161895.000 162258.000 166386.000 166811.000
   150: 168702.000 168842.000 170831.000 171682.000 172641.000
   155: 174353.000 175534.000 176144.000 177020.000 177892.000
   160: 180499.000 185990.000 195642.000 203043.000 204037.000
   165: 204937.000 205640.000 206312.000 207258.000 208833.000
   170: 210439.000 212922.000 215085.000 215684.000 216259.000
   175: 217428.000 218070.000 218876.000 220765.000 222466.000
   180: 223258.000 224278.000 230406.000 236705.000 236710.000
   185: 238923.000 244130.000 250262.000 250279.000 253775.000
   190: 264412.000 264532.000 264553.000 264625.000 264628.000
   195: 265295.000 265315.000 265924.000 266604.000 266798.000
   200: 267616.000 268529.000 270273.000 272173.000 279061.000
   205: 282181.000 282750.000 286783.000 291504.000 298783.000
   210: 299485.000 304629.000 304641.000 307679.000 310402.000
   215: 312352.000 312768.000 323588.000 330860.000 335048.000
   220: 345536.000 349544.000 349547.000 350523.000 358843.000
O:
     0: 8758.000 11382.000 13438.000 16804.000 18021.000
     5: 19967.000 21869.000 23220.000 24653.000 25794.000
    10: 26956.000 28538.000 32533.000 34639.000 37555.000
    15: 38480.000 40789.000 41810.000 44728.000 48002.000
    20: 51242.000 54019.000 55650.000 57734.000 58749.000
    25: 61024.000 62009.000 63318.000 65116.000 66214.000
    30: 67844.000 69545.000 71246.000 72120.000 73142.000
    35: 74296.000 75276.000 76283.000 77942.000 79753.000
    40: 80817.000 81699.000 83323.000 84287.000 85175.000
    45: 90409.000 91445.000 92487.000 93468.000 94391.000
    50: 99351.000 100241.000 102025.000 103010.000 103956.000
    55: 104970.000 107040.000 107957.000 109077.000 112995.000
    60: 113996.000 119467.000 120475.000 121608.000 128053.000
    65: 140436.000 141409.000 142360.000 144446.000 145998.000
    70: 147041.000 171201.000 172209.000 172957.000 175133.000
    75: 176560.000 204582.000 206835.000 207808.000 216609.000
    80: 218463.000 219304.000 221172.000 222948.000 224628.000
    85: 266322.000 267987.000 269078.000 283001.000 299170.000
Q:
     0: 8758.000 11382.000 16804.000 18021.000 21869.000
     5: 23220.000 26956.000 34639.000 37556.000 40789.000
    10: 44728.000 48002.000 54019.000 55650.000 61024.000
    15: 65117.000 67844.000 71246.000 74296.000 75276.000
    20: 77942.000 79753.000 83323.000 84287.000 90409.000
    25: 91445.000 94391.000 102025.000 103010.000 107040.000
    30: 109077.000 119467.000 121608.000 128053.000 141409.000
    35: 142360.000 145998.000 147041.000 172209.000 176561.000
    40: 204582.000 207808.000 218463.000 219304.000 224628.000
    45: 269078.000 283001.000
\roi5-2
