File: C:\MED-PC\Data\2019-09-20_09h12m_Subject 19006.txt


Start Date: 09/20/19
End Date: 09/20/19
Subject: 19006
Experiment: fr8
Group: 1
Box: 1
Start Time: 09:12:55
End Time: 10:15:23
MSN: FR8 8p TTLforROItoAnymaze
B:   8.000
F:   0.000
H: 239.000
L: 1166.000
R:  80.000
U:  39.000
V: 235.000
A:
     0:    0.000    1.000
C:
     0: 23774.000 23788.000 23802.000 23823.000 23990.000
     5: 24058.000 24086.000 27013.000 27029.000 27124.000
    10: 27188.000 43146.000 43169.000 43187.000 43244.000
    15: 43266.000 43292.000 45727.000 45744.000 45761.000
    20: 45830.000 45861.000 45934.000 45999.000 46048.000
    25: 46156.000 46356.000 52222.000 52302.000 52332.000
    30: 52350.000 52486.000 52536.000 52557.000 52615.000
    35: 52672.000 55278.000 55309.000 55352.000 55374.000
    40: 55450.000 55590.000 55646.000 56495.000 56529.000
    45: 56548.000 56611.000 56668.000 56766.000 56830.000
    50: 57219.000 57243.000 57294.000 57308.000 57328.000
    55: 57353.000 57408.000 57480.000 57518.000 57585.000
    60: 57634.000 57676.000 58821.000 58835.000 58897.000
    65: 58957.000 59077.000 60128.000 60164.000 60185.000
    70: 60233.000 60342.000 60497.000 60548.000 61996.000
    75: 62122.000 62158.000 62235.000 62364.000 62424.000
    80: 62903.000 63788.000 64119.000 64153.000 64192.000
    85: 66237.000 66503.000 66614.000 66773.000 66809.000
    90: 66869.000 66891.000 68030.000 68081.000 68091.000
    95: 68211.000 68266.000 68282.000 68316.000 68383.000
   100: 68472.000 70465.000 70485.000 70515.000 70558.000
   105: 70582.000 70664.000 70686.000 70736.000 70779.000
   110: 70803.000 70838.000 73005.000 73067.000 73091.000
   115: 73128.000 73251.000 73367.000 73397.000 74535.000
   120: 74548.000 74566.000 74584.000 74612.000 74632.000
   125: 74687.000 74763.000 74815.000 74902.000 74941.000
   130: 74950.000 74969.000 76666.000 76775.000 76837.000
   135: 76882.000 76996.000 77023.000 77076.000 77136.000
   140: 79155.000 79180.000 79201.000 79214.000 79280.000
   145: 79309.000 79334.000 79349.000 79383.000 81252.000
   150: 81357.000 81636.000 81754.000 81802.000 81838.000
   155: 81868.000 83143.000 83165.000 83217.000 83236.000
   160: 83298.000 83339.000 83349.000 83363.000 83379.000
   165: 83417.000 83442.000 83467.000 83483.000 83535.000
   170: 85152.000 85176.000 85189.000 85257.000 85291.000
   175: 85351.000 85380.000 85402.000 85419.000 85474.000
   180: 87488.000 87896.000 87921.000 87937.000 88054.000
   185: 88095.000 88111.000 88146.000 88215.000 89689.000
   190: 89717.000 89751.000 89842.000 89978.000 89996.000
   195: 90019.000 90050.000 91546.000 92075.000 92309.000
   200: 92377.000 92412.000 92434.000 92519.000 93556.000
   205: 93572.000 93616.000 93660.000 93697.000 93707.000
   210: 93729.000 93746.000 93844.000 93906.000 93950.000
   215: 93968.000 94004.000 95669.000 95780.000 95828.000
   220: 95920.000 99169.000 99185.000 99222.000 99238.000
   225: 99256.000 99287.000 99323.000 99364.000 99385.000
   230: 99423.000 99462.000 99481.000 99533.000 100475.000
   235: 100544.000 100562.000 100584.000 100611.000 100672.000
   240: 100709.000 100735.000 100756.000 100797.000 100999.000
   245: 102196.000 102297.000 102472.000 102477.000 102842.000
   250: 102869.000 102905.000 102919.000 102964.000 102998.000
   255: 103017.000 103045.000 104018.000 104030.000 104054.000
   260: 104119.000 104143.000 104219.000 104239.000 104322.000
   265: 104367.000 104382.000 104397.000 105699.000 105774.000
   270: 106158.000 106320.000 107118.000 107181.000 107228.000
   275: 107244.000 107266.000 107361.000 107394.000 108065.000
   280: 108080.000 108093.000 108110.000 108161.000 108181.000
   285: 108198.000 108232.000 108260.000 108280.000 108302.000
   290: 108372.000 108402.000 108473.000 108568.000 108657.000
   295: 108694.000 109813.000 109876.000 110001.000 110472.000
   300: 110528.000 110610.000 110628.000 111408.000 111437.000
   305: 111489.000 111532.000 111575.000 111619.000 111698.000
   310: 111735.000 111748.000 111762.000 111825.000 111872.000
   315: 111932.000 111947.000 111950.000 111966.000 112929.000
   320: 112995.000 113087.000 113138.000 113171.000 113201.000
   325: 113241.000 113422.000 113440.000 115069.000 115086.000
   330: 115123.000 115173.000 115198.000 115222.000 115261.000
   335: 115900.000 115917.000 115987.000 116014.000 116049.000
   340: 116119.000 116144.000 116199.000 116272.000 116317.000
   345: 117523.000 117604.000 117689.000 117694.000 118008.000
   350: 118067.000 118095.000 118127.000 118175.000 120009.000
   355: 120093.000 120158.000 120193.000 120245.000 121002.000
   360: 121014.000 121044.000 121081.000 121094.000 121119.000
   365: 121141.000 121230.000 121243.000 121264.000 121322.000
   370: 121348.000 121419.000 121447.000 121518.000 122452.000
   375: 122478.000 122542.000 122591.000 122629.000 122650.000
   380: 122673.000 122697.000 122745.000 122833.000 122859.000
   385: 123845.000 123878.000 124466.000 124532.000 124624.000
   390: 124643.000 124657.000 125571.000 125583.000 125597.000
   395: 125677.000 125722.000 125776.000 125804.000 125830.000
   400: 126794.000 126907.000 126945.000 126989.000 127008.000
   405: 127135.000 127225.000 128058.000 128077.000 128154.000
   410: 128169.000 128195.000 128261.000 128283.000 128296.000
   415: 128403.000 129598.000 129651.000 129664.000 129689.000
   420: 129722.000 129742.000 129784.000 129814.000 129881.000
   425: 129913.000 129928.000 129946.000 129976.000 130036.000
   430: 131204.000 131398.000 131712.000 131783.000 131870.000
   435: 131910.000 136397.000 136411.000 136431.000 136523.000
   440: 136590.000 136612.000 137454.000 137485.000 137518.000
   445: 137535.000 137605.000 137634.000 137653.000 137736.000
   450: 137751.000 137829.000 137866.000 137933.000 139321.000
   455: 139538.000 139865.000 139924.000 139957.000 139989.000
   460: 140080.000 141068.000 141106.000 141127.000 141200.000
   465: 141270.000 141314.000 141337.000 141355.000 141371.000
   470: 141506.000 142518.000 142594.000 142650.000 142661.000
   475: 142674.000 142691.000 142727.000 142748.000 142761.000
   480: 142767.000 142780.000 142853.000 142902.000 142939.000
   485: 142980.000 142994.000 143088.000 143105.000 144033.000
   490: 144045.000 144066.000 144115.000 144166.000 144229.000
   495: 144278.000 144330.000 144397.000 144418.000 145337.000
   500: 145472.000 145839.000 145876.000 145944.000 145980.000
   505: 146078.000 146119.000 147023.000 147054.000 147076.000
   510: 147149.000 147229.000 147435.000 148317.000 148405.000
   515: 148473.000 148490.000 148516.000 148612.000 148657.000
   520: 148726.000 149794.000 150301.000 150331.000 150395.000
   525: 150426.000 150470.000 150542.000 151173.000 151196.000
   530: 151234.000 151296.000 151326.000 151363.000 151394.000
   535: 151438.000 151485.000 151580.000 152360.000 152395.000
   540: 152442.000 152511.000 152542.000 152593.000 152710.000
   545: 153171.000 153183.000 153264.000 153328.000 153402.000
   550: 153427.000 153458.000 153511.000 153524.000 153539.000
   555: 153602.000 157837.000 157934.000 157950.000 158073.000
   560: 159574.000 159612.000 159624.000 165520.000 165552.000
   565: 165578.000 165724.000 165811.000 166507.000 166518.000
   570: 166533.000 166588.000 166604.000 166627.000 166690.000
   575: 166733.000 166793.000 167746.000 168005.000 168246.000
   580: 168423.000 168488.000 168556.000 168595.000 169665.000
   585: 169699.000 169728.000 169749.000 169826.000 169879.000
   590: 170035.000 170049.000 170267.000 170348.000 171260.000
   595: 171284.000 171321.000 171354.000 171368.000 172163.000
   600: 172228.000 172256.000 172320.000 172379.000 172388.000
   605: 172457.000 172503.000 172514.000 172530.000 172559.000
   610: 173737.000 173758.000 173771.000 173849.000 173890.000
   615: 173917.000 173952.000 173970.000 174006.000 174075.000
   620: 175128.000 175323.000 175710.000 175728.000 175750.000
   625: 175790.000 175885.000 175908.000 175938.000 177184.000
   630: 177590.000 177621.000 177761.000 177787.000 177888.000
   635: 178538.000 178625.000 178686.000 178729.000 178763.000
   640: 178780.000 178842.000 178903.000 178965.000 179869.000
   645: 179961.000 179993.000 180054.000 180078.000 180143.000
   650: 180186.000 180257.000 181277.000 181920.000 181939.000
   655: 181977.000 182065.000 182140.000 182258.000 183007.000
   660: 183077.000 183091.000 183156.000 183191.000 183202.000
   665: 183212.000 183264.000 183282.000 186867.000 186888.000
   670: 186945.000 186964.000 186992.000 187021.000 187062.000
   675: 187134.000 187188.000 188465.000 188929.000 188988.000
   680: 189027.000 189041.000 189065.000 189185.000 189247.000
   685: 190422.000 190473.000 190479.000 190511.000 190563.000
   690: 190577.000 190657.000 190671.000 190692.000 190813.000
   695: 192242.000 192293.000 192409.000 192452.000 192561.000
   700: 192599.000 192643.000 193241.000 193263.000 193324.000
   705: 193342.000 193359.000 193426.000 193525.000 193579.000
   710: 198079.000 198113.000 198140.000 198192.000 198199.000
   715: 198205.000 198315.000 198341.000 199756.000 199788.000
   720: 199964.000 200238.000 200303.000 201054.000 201074.000
   725: 201100.000 201124.000 201211.000 202034.000 202056.000
   730: 203378.000 203399.000 203420.000 203458.000 203477.000
   735: 203555.000 203610.000 209645.000 210356.000 210380.000
   740: 210712.000 210748.000 210779.000 210785.000 210899.000
   745: 210957.000 210974.000 212261.000 212326.000 212352.000
   750: 212361.000 212434.000 212459.000 212481.000 212553.000
   755: 214807.000 214896.000 215621.000 215680.000 215714.000
   760: 215743.000 215796.000 215813.000 215829.000 215877.000
   765: 215907.000 215924.000 215955.000 215988.000 216040.000
   770: 216089.000 217119.000 217143.000 217213.000 217261.000
   775: 217280.000 217329.000 217341.000 217408.000 217442.000
   780: 218706.000 219067.000 219309.000 219348.000 219455.000
   785: 219550.000 219591.000 219619.000 221279.000 221309.000
   790: 221407.000 221501.000 222497.000 222538.000 222560.000
   795: 222635.000 222735.000 222777.000 222860.000 222909.000
   800: 222936.000 224160.000 224191.000 224219.000 224292.000
   805: 224318.000 224336.000 224378.000 224393.000 224473.000
   810: 224505.000 224519.000 225566.000 225648.000 225668.000
   815: 225696.000 225751.000 225785.000 225802.000 225851.000
   820: 226050.000 227189.000 227731.000 227823.000 227888.000
   825: 227966.000 227978.000 227996.000 228082.000 229215.000
   830: 229235.000 229246.000 229264.000 229349.000 229391.000
   835: 229412.000 229447.000 229490.000 229542.000 229600.000
   840: 229688.000 229707.000 232669.000 232783.000 233298.000
   845: 233329.000 233348.000 233474.000 233490.000 233521.000
   850: 233544.000 233612.000 233644.000 236012.000 236057.000
   855: 236077.000 236168.000 236197.000 236390.000 237329.000
   860: 237349.000 237421.000 237473.000 237566.000 237593.000
   865: 238267.000 238302.000 238316.000 238335.000 238346.000
   870: 238358.000 238374.000 238387.000 238469.000 238487.000
   875: 238526.000 238626.000 238729.000 238791.000 238861.000
   880: 238896.000 238907.000 238922.000 238935.000 238968.000
   885: 239091.000 239143.000 239183.000 239202.000 239217.000
   890: 239235.000 239314.000 239346.000 239376.000 239420.000
   895: 239519.000 239540.000 239559.000 239581.000 239630.000
   900: 239663.000 239677.000 239790.000 239843.000 239922.000
   905: 239932.000 239963.000 240008.000 243164.000 243530.000
   910: 243927.000 244064.000 244108.000 244119.000 244948.000
   915: 245013.000 245184.000 245252.000 245294.000 245368.000
   920: 245992.000 246052.000 246077.000 246134.000 246172.000
   925: 246251.000 246261.000 246626.000 246646.000 246679.000
   930: 246713.000 246748.000 246797.000 246849.000 246997.000
   935: 247059.000 247107.000 250746.000 250795.000 253252.000
   940: 253359.000 253377.000 253444.000 253463.000 253494.000
   945: 253544.000 253589.000 255271.000 264733.000 264753.000
   950: 264773.000 264793.000 264869.000 264921.000 264945.000
   955: 264966.000 265010.000 265037.000 271492.000 273106.000
   960: 273142.000 273188.000 273208.000 273278.000 273324.000
   965: 273348.000 273430.000 275052.000 275069.000 275166.000
   970: 275187.000 275227.000 275299.000 275324.000 275394.000
   975: 275456.000 275488.000 279643.000 280363.000 280623.000
   980: 280645.000 280664.000 280717.000 280735.000 280762.000
   985: 299730.000 299784.000 299808.000 299853.000 299878.000
   990: 299924.000 299958.000 299996.000 301261.000 304282.000
   995: 304327.000 304392.000 304429.000 304544.000 304634.000
  1000: 304777.000 305463.000 305487.000 305503.000 305584.000
  1005: 305625.000 305648.000 305724.000 305735.000 305750.000
  1010: 305821.000 305931.000 307251.000 307744.000 307824.000
  1015: 307856.000 307900.000 307993.000 311389.000 311462.000
  1020: 321077.000 321284.000 321303.000 321313.000 321737.000
  1025: 321758.000 321809.000 321857.000 321907.000 321927.000
  1030: 321949.000 322036.000 322052.000 323833.000 323881.000
  1035: 324419.000 324495.000 324612.000 324637.000 325386.000
  1040: 325400.000 325419.000 325474.000 325492.000 325515.000
  1045: 325577.000 325636.000 325678.000 325692.000 325733.000
  1050: 325825.000 327034.000 327071.000 327138.000 327210.000
  1055: 327307.000 327354.000 327379.000 327423.000 329350.000
  1060: 329710.000 329808.000 329847.000 329877.000 329900.000
  1065: 330026.000 330041.000 333086.000 333121.000 333135.000
  1070: 333158.000 333179.000 333232.000 333260.000 334012.000
  1075: 334027.000 334108.000 334134.000 334152.000 334164.000
  1080: 334263.000 334324.000 334338.000 334370.000 334384.000
  1085: 334430.000 335490.000 335525.000 335578.000 335620.000
  1090: 335667.000 335681.000 335764.000 335803.000 335899.000
  1095: 337301.000 337338.000 337756.000 337861.000 338030.000
  1100: 339020.000 339039.000 339053.000 339068.000 339085.000
  1105: 339155.000 339259.000 339325.000 339473.000 339490.000
  1110: 339549.000 339574.000 340599.000 340823.000 341151.000
  1115: 341278.000 341304.000 341320.000 341348.000 341391.000
  1120: 342787.000 342847.000 342866.000 342893.000 343025.000
  1125: 343723.000 343753.000 343803.000 343827.000 343912.000
  1130: 343955.000 344027.000 344073.000 344089.000 345117.000
  1135: 345163.000 345208.000 345304.000 345353.000 345371.000
  1140: 345429.000 346169.000 346208.000 346252.000 346304.000
  1145: 346325.000 346352.000 346436.000 346790.000 346803.000
  1150: 346823.000 346883.000 346897.000 346958.000 347000.000
  1155: 347048.000 347093.000 347127.000 347160.000 349248.000
  1160: 349306.000 349331.000 349376.000 351850.000 351884.000
  1165: 355502.000
D:
     0: 46048.000 52615.000 57219.000 63788.000 68383.000
     5: 70736.000 74763.000 77136.000 79349.000 83363.000
    10: 85402.000 88146.000 90050.000 93746.000 99364.000
    15: 100735.000 102919.000 104322.000 108232.000 111735.000
    20: 113422.000 116199.000 118127.000 121230.000 122697.000
    25: 125830.000 128296.000 129814.000 137736.000 141355.000
    30: 142748.000 144330.000 146119.000 148726.000 151438.000
    35: 153511.000 166733.000 170049.000 172503.000 173970.000
    40: 175908.000 178903.000 180257.000 183264.000 187134.000
    45: 189247.000 190671.000 193579.000 198341.000 203555.000
    50: 210899.000 212553.000 215877.000 217408.000 219619.000
    55: 222909.000 224393.000 225851.000 228082.000 229447.000
    60: 233521.000 238387.000 246626.000 253589.000 264966.000
    65: 273348.000 275394.000 280762.000 299996.000 305735.000
    70: 321857.000 325636.000 327423.000 330041.000 334324.000
    75: 335803.000 339325.000 341391.000 344073.000 346790.000
E:
     0:  426.000 2217.000 3913.000 3943.000 3946.000
     5: 6283.000 8439.000 10401.000 11912.000 12101.000
    10: 12129.000 12190.000 12260.000 16852.000 17639.000
    15: 17695.000 19447.000 19512.000 22224.000 24417.000
    20: 25912.000 25946.000 25958.000 25991.000 26302.000
    25: 26318.000 27554.000 28615.000 28949.000 28981.000
    30: 30086.000 30284.000 30289.000 30306.000 32194.000
    35: 32296.000 33252.000 37040.000 37456.000 41037.000
    40: 42599.000 42606.000 43688.000 44980.000 46724.000
    45: 48127.000 48161.000 48187.000 53051.000 55938.000
    50: 57807.000 59376.000 59465.000 60843.000 61504.000
    55: 61521.000 61640.000 61645.000 64525.000 67289.000
    60: 68822.000 71006.000 73554.000 75224.000 76234.000
    65: 77274.000 78607.000 78880.000 79531.000 80742.000
    70: 82026.000 83779.000 85822.000 86989.000 88436.000
    75: 90336.000 92746.000 94289.000 96163.000 98439.000
    80: 99641.000 99644.000 101119.000 103152.000 104544.000
    85: 106494.000 106502.000 107701.000 108919.000 110894.000
    90: 112193.000 113741.000 114482.000 115381.000 116499.000
    95: 118476.000 118483.000 119144.000 120509.000 121703.000
   100: 122222.000 123007.000 124946.000 125997.000 127505.000
   105: 128533.000 130373.000 132021.000 135505.000 136963.000
   110: 138225.000 138843.000 140287.000 141761.000 142255.000
   115: 143226.000 144544.000 146231.000 147741.000 148880.000
   120: 150697.000 151762.000 152829.000 153700.000 156077.000
   125: 157487.000 158365.000 159141.000 160508.000 164538.000
   130: 166028.000 167016.000 168895.000 170437.000 170974.000
   135: 171675.000 172731.000 172736.000 173382.000 174257.000
   140: 176074.000 176786.000 178093.000 179098.000 180365.000
   145: 182425.000 183614.000 186256.000 187628.000 189585.000
   150: 191096.000 192872.000 193842.000 197407.000 198659.000
   155: 200608.000 201645.000 201648.000 203974.000 208125.000
   160: 209191.000 211339.000 211959.000 212944.000 215162.000
   165: 216451.000 217827.000 219893.000 222016.000 223381.000
   170: 224867.000 226253.000 228355.000 229940.000 232221.000
   175: 233939.000 236507.000 237895.000 240268.000 240280.000
   180: 242776.000 244386.000 245672.000 247378.000 250321.000
   185: 251394.000 253722.000 258898.000 261922.000 262148.000
   190: 265310.000 265916.000 266132.000 268115.000 270848.000
   195: 273658.000 274403.000 275617.000 277064.000 279280.000
   200: 281007.000 298470.000 299480.000 300382.000 300956.000
   205: 303742.000 305053.000 306183.000 308176.000 310880.000
   210: 315251.000 318216.000 320283.000 320631.000 322330.000
   215: 323349.000 324825.000 325961.000 327583.000 328664.000
   220: 330187.000 331028.000 331105.000 331807.000 333427.000
   225: 334745.000 336107.000 338271.000 339717.000 341716.000
   230: 342323.000 343319.000 344277.000 345707.000 347444.000
   235: 349594.000 349863.000 351510.000 354415.000
O:
     0: 55221.000 58789.000 66142.000 70432.000 72404.000
     5: 76630.000 79121.000 81060.000 87279.000 89659.000
    10: 91471.000 95010.000 100441.000 102162.000 103981.000
    15: 105639.000 109704.000 112888.000 115015.000 117344.000
    20: 119381.000 122403.000 123747.000 126749.000 129541.000
    25: 131114.000 139174.000 142476.000 143988.000 145227.000
    30: 146990.000 149523.000 152315.000 156366.000 167658.000
    35: 171178.000 173690.000 175053.000 177020.000 179826.000
    40: 181148.000 184276.000 188312.000 190355.000 191867.000
    45: 194351.000 199486.000 209478.000 212206.000 213878.000
    50: 217062.000 218510.000 220617.000 224073.000 225465.000
    55: 227068.000 229167.000 232547.000 237241.000 243070.000
    60: 247932.000 255181.000 268650.000 274968.000 279571.000
    65: 281776.000 301177.000 307103.000 323602.000 326967.000
    70: 329045.000 332047.000 335411.000 337007.000 340456.000
    75: 343675.000 345046.000 347965.000
Q:
     0: 66142.000 72404.000 81060.000 87279.000 91471.000
     5: 95010.000 102162.000 105639.000 109704.000 117344.000
    10: 119381.000 123747.000 131114.000 139174.000 145227.000
    15: 149523.000 167658.000 175053.000 177020.000 181148.000
    20: 188312.000 191867.000 199486.000 209478.000 213878.000
    25: 218510.000 220617.000 227068.000 232547.000 243070.000
    30: 268650.000 279571.000 307103.000 323602.000 329045.000
    35: 332047.000 337007.000 340456.000 347965.000
\ROI5 -1
