File: C:\MED-PC\Data\2019-09-25_16h35m_Subject 19007.txt



Start Date: 09/25/19
End Date: 09/25/19
Subject: 19007
Experiment: fr8
Group: 1
Box: 1
Start Time: 16:35:51
End Time: 17:38:26
MSN: FR8 8p TTLforROItoAnymaze
B:   8.000
F:   0.000
H: 376.000
L: 1304.000
R:  78.000
U:  38.000
V:  56.000
A:
     0:    0.000    1.000
C:
     0: 6379.000 6408.000 6421.000 6437.000 6457.000
     5: 6487.000 6502.000 6800.000 6827.000 6849.000
    10: 6883.000 6924.000 6949.000 6973.000 7334.000
    15: 7344.000 7374.000 7400.000 7422.000 7474.000
    20: 7489.000 7511.000 7529.000 7541.000 10600.000
    25: 11016.000 11055.000 11079.000 11121.000 11196.000
    30: 12202.000 12212.000 12243.000 12263.000 12287.000
    35: 12297.000 12331.000 12357.000 12376.000 12402.000
    40: 14566.000 14708.000 14769.000 14886.000 15200.000
    45: 15253.000 15298.000 16004.000 16017.000 16029.000
    50: 16059.000 16076.000 16089.000 16108.000 16150.000
    55: 16199.000 18597.000 18616.000 18650.000 18667.000
    60: 18684.000 18704.000 18724.000 18756.000 18780.000
    65: 21412.000 21788.000 21954.000 21969.000 22000.000
    70: 23263.000 23284.000 23299.000 23321.000 23369.000
    75: 23391.000 24046.000 24074.000 24099.000 24118.000
    80: 24142.000 24171.000 24946.000 24980.000 24991.000
    85: 25008.000 25032.000 25061.000 25077.000 25118.000
    90: 27237.000 27269.000 27286.000 27326.000 27340.000
    95: 29914.000 29955.000 29977.000 30005.000 30057.000
   100: 30072.000 30649.000 30655.000 30668.000 30691.000
   105: 30720.000 30739.000 30771.000 30800.000 30822.000
   110: 34280.000 34312.000 34338.000 34370.000 34401.000
   115: 34416.000 34712.000 34724.000 34758.000 34782.000
   120: 34802.000 34822.000 34850.000 34875.000 35281.000
   125: 35296.000 35397.000 35434.000 35452.000 35528.000
   130: 35683.000 35688.000 35737.000 35789.000 35818.000
   135: 35832.000 35857.000 38723.000 38741.000 38752.000
   140: 38773.000 38790.000 38812.000 39361.000 39425.000
   145: 39457.000 39485.000 39508.000 39526.000 41419.000
   150: 41448.000 41487.000 42980.000 42998.000 43027.000
   155: 43056.000 43078.000 43110.000 43662.000 43688.000
   160: 43712.000 43726.000 43755.000 43801.000 43832.000
   165: 43860.000 45195.000 45314.000 45408.000 45479.000
   170: 46608.000 46631.000 46662.000 46685.000 46711.000
   175: 46764.000 47233.000 47270.000 47289.000 47308.000
   180: 47329.000 47373.000 47391.000 47408.000 51176.000
   185: 51193.000 51207.000 51222.000 51235.000 51253.000
   190: 51270.000 51304.000 51322.000 54438.000 54458.000
   195: 54498.000 54523.000 54541.000 54560.000 54607.000
   200: 55311.000 55358.000 55387.000 55403.000 55450.000
   205: 55487.000 55506.000 57969.000 57984.000 58009.000
   210: 58032.000 58060.000 58089.000 58108.000 58491.000
   215: 58507.000 58537.000 58559.000 58578.000 58598.000
   220: 58620.000 58668.000 58684.000 58703.000 60656.000
   225: 60869.000 61092.000 61149.000 61175.000 61281.000
   230: 62246.000 63701.000 65940.000 65950.000 65977.000
   235: 66005.000 66016.000 66030.000 66086.000 66339.000
   240: 66395.000 66419.000 66437.000 66457.000 66517.000
   245: 66535.000 66557.000 68649.000 68678.000 68732.000
   250: 68749.000 68775.000 68843.000 69568.000 69621.000
   255: 69638.000 69658.000 69715.000 70338.000 70364.000
   260: 70392.000 70418.000 70433.000 70451.000 70463.000
   265: 70488.000 72289.000 72309.000 72326.000 72439.000
   270: 72603.000 72829.000 72859.000 73767.000 73802.000
   275: 73828.000 73845.000 73871.000 73905.000 73922.000
   280: 73940.000 76270.000 76299.000 76314.000 76348.000
   285: 76393.000 76412.000 77421.000 78650.000 78696.000
   290: 78716.000 78731.000 78744.000 78789.000 78821.000
   295: 78834.000 78856.000 81100.000 81154.000 81172.000
   300: 81187.000 81215.000 81263.000 83921.000 83954.000
   305: 83989.000 84004.000 84024.000 84048.000 84084.000
   310: 84578.000 84600.000 84620.000 84650.000 84679.000
   315: 84698.000 84722.000 85191.000 85218.000 85245.000
   320: 85262.000 85280.000 85310.000 85326.000 85767.000
   325: 85790.000 85826.000 85857.000 85896.000 85949.000
   330: 85963.000 86655.000 86671.000 86698.000 86734.000
   335: 86753.000 86792.000 86815.000 87167.000 87186.000
   340: 87201.000 87234.000 87262.000 87283.000 87316.000
   345: 87343.000 89689.000 89731.000 89743.000 89765.000
   350: 89983.000 90191.000 91341.000 91372.000 91396.000
   355: 91411.000 91424.000 91444.000 91723.000 91755.000
   360: 91787.000 91806.000 91836.000 91885.000 91899.000
   365: 91916.000 91979.000 92010.000 94460.000 94495.000
   370: 94510.000 94537.000 94562.000 94580.000 94611.000
   375: 96101.000 96126.000 96200.000 96217.000 96240.000
   380: 96298.000 96318.000 98745.000 98762.000 98793.000
   385: 98820.000 98835.000 98859.000 98908.000 98925.000
   390: 100701.000 100717.000 100741.000 100765.000 100780.000
   395: 100802.000 100825.000 102825.000 102840.000 102858.000
   400: 102880.000 102898.000 102920.000 102947.000 102969.000
   405: 102985.000 103006.000 105047.000 105074.000 105234.000
   410: 105252.000 105267.000 105321.000 105479.000 106314.000
   415: 106338.000 106372.000 106389.000 106427.000 106460.000
   420: 106479.000 107080.000 107112.000 107127.000 107146.000
   425: 107174.000 107215.000 107229.000 107593.000 107627.000
   430: 107672.000 107686.000 107720.000 107758.000 107773.000
   435: 108247.000 108281.000 108312.000 108326.000 108352.000
   440: 108396.000 108414.000 108424.000 109704.000 109718.000
   445: 109736.000 109770.000 109788.000 109810.000 109864.000
   450: 109884.000 109895.000 109920.000 111780.000 111822.000
   455: 111928.000 111993.000 112085.000 113553.000 113610.000
   460: 113627.000 113645.000 113670.000 113699.000 114975.000
   465: 115013.000 115038.000 115054.000 115067.000 115087.000
   470: 115126.000 115142.000 115160.000 118491.000 118541.000
   475: 118585.000 118604.000 118636.000 118676.000 118697.000
   480: 119237.000 119283.000 119299.000 119318.000 119336.000
   485: 119365.000 119384.000 119420.000 121991.000 123222.000
   490: 123244.000 123297.000 123311.000 123325.000 123357.000
   495: 124738.000 124787.000 124824.000 124868.000 124896.000
   500: 124910.000 125447.000 125463.000 125491.000 125518.000
   505: 125535.000 125572.000 125597.000 125619.000 125634.000
   510: 128310.000 128339.000 128377.000 128395.000 128424.000
   515: 128455.000 128473.000 128492.000 131167.000 131225.000
   520: 131253.000 131680.000 131701.000 131719.000 132570.000
   525: 132599.000 132635.000 132658.000 132688.000 132708.000
   530: 133592.000 133684.000 133740.000 133756.000 133791.000
   535: 133818.000 133838.000 134524.000 134544.000 134570.000
   540: 134600.000 134614.000 134638.000 134679.000 134695.000
   545: 134711.000 136424.000 136569.000 136941.000 137008.000
   550: 137049.000 138129.000 138157.000 138197.000 138230.000
   555: 138241.000 138261.000 138288.000 138312.000 140409.000
   560: 140434.000 140467.000 140481.000 140502.000 140524.000
   565: 140553.000 140587.000 140603.000 143709.000 143747.000
   570: 143774.000 143792.000 143832.000 143852.000 143889.000
   575: 143916.000 146624.000 146691.000 146824.000 146879.000
   580: 146900.000 146916.000 147201.000 149023.000 149050.000
   585: 149100.000 149121.000 149144.000 149160.000 151937.000
   590: 151958.000 151990.000 152019.000 152041.000 152084.000
   595: 152105.000 152711.000 152749.000 152800.000 152833.000
   600: 152863.000 152885.000 152896.000 153266.000 153286.000
   605: 153333.000 153371.000 153383.000 153423.000 153434.000
   610: 153965.000 153986.000 154001.000 154040.000 154069.000
   615: 154084.000 154440.000 154458.000 154479.000 154508.000
   620: 154533.000 154546.000 154578.000 154605.000 154623.000
   625: 156879.000 156899.000 156942.000 156960.000 156979.000
   630: 157017.000 157049.000 157069.000 160637.000 160660.000
   635: 160810.000 161202.000 161222.000 161252.000 161285.000
   640: 161307.000 163904.000 163972.000 163987.000 164007.000
   645: 164027.000 164059.000 164077.000 165714.000 165726.000
   650: 165748.000 165782.000 165800.000 165862.000 165899.000
   655: 166440.000 166455.000 166481.000 166523.000 166544.000
   660: 166576.000 166605.000 166627.000 168931.000 168960.000
   665: 169051.000 169090.000 169113.000 169123.000 169141.000
   670: 169177.000 172067.000 172101.000 172115.000 173031.000
   675: 173074.000 173102.000 173118.000 173139.000 173168.000
   680: 173193.000 173211.000 177465.000 177497.000 177524.000
   685: 177546.000 177566.000 177599.000 177625.000 178062.000
   690: 178090.000 178105.000 178131.000 178153.000 178173.000
   695: 178192.000 178226.000 178253.000 179673.000 179689.000
   700: 179708.000 179736.000 179749.000 179779.000 179814.000
   705: 179839.000 182400.000 182426.000 182451.000 182479.000
   710: 182497.000 182513.000 183152.000 183171.000 183185.000
   715: 183219.000 183260.000 183308.000 183324.000 183351.000
   720: 187622.000 187807.000 187876.000 188036.000 188056.000
   725: 188078.000 188627.000 188651.000 188668.000 188693.000
   730: 188710.000 188733.000 188757.000 188783.000 190892.000
   735: 190997.000 191077.000 191274.000 191353.000 191373.000
   740: 192250.000 192253.000 192286.000 192312.000 192325.000
   745: 192349.000 192383.000 192404.000 194157.000 194205.000
   750: 194217.000 194238.000 194262.000 194300.000 194317.000
   755: 194342.000 194367.000 196144.000 196195.000 196233.000
   760: 196248.000 196264.000 196294.000 196327.000 196348.000
   765: 196374.000 199999.000 200044.000 200061.000 200077.000
   770: 200104.000 200134.000 200152.000 200542.000 200557.000
   775: 200570.000 200585.000 200624.000 200663.000 200700.000
   780: 200715.000 200734.000 202300.000 202331.000 203835.000
   785: 203874.000 203909.000 203928.000 203956.000 203981.000
   790: 203999.000 204417.000 204445.000 204475.000 204498.000
   795: 204516.000 204530.000 204559.000 204584.000 204612.000
   800: 207200.000 207225.000 207240.000 207264.000 207279.000
   805: 207300.000 208276.000 208316.000 208380.000 208398.000
   810: 208416.000 208463.000 209138.000 209155.000 209183.000
   815: 209214.000 209230.000 209240.000 209259.000 209296.000
   820: 210956.000 210971.000 211003.000 211039.000 211090.000
   825: 211137.000 211150.000 211173.000 211193.000 213135.000
   830: 213153.000 213186.000 213213.000 213231.000 213253.000
   835: 213294.000 213311.000 213334.000 213368.000 216536.000
   840: 216592.000 216609.000 216627.000 216662.000 217544.000
   845: 217586.000 217623.000 217638.000 217660.000 217683.000
   850: 217714.000 217733.000 219255.000 219339.000 219435.000
   855: 219841.000 219875.000 219912.000 220992.000 221016.000
   860: 221061.000 221079.000 221109.000 221159.000 221198.000
   865: 221219.000 223269.000 223293.000 223375.000 223427.000
   870: 223444.000 223461.000 223499.000 224153.000 224195.000
   875: 224213.000 224236.000 224258.000 224331.000 224360.000
   880: 224637.000 224654.000 224678.000 224713.000 224729.000
   885: 224750.000 224806.000 224826.000 224839.000 224857.000
   890: 225868.000 226001.000 226052.000 226133.000 226339.000
   895: 226357.000 227478.000 230874.000 230890.000 230908.000
   900: 230930.000 230957.000 230975.000 230995.000 231013.000
   905: 231044.000 232471.000 232493.000 232524.000 232558.000
   910: 232706.000 232768.000 233029.000 233831.000 233867.000
   915: 233959.000 233999.000 234014.000 234030.000 234549.000
   920: 234565.000 234597.000 234667.000 234730.000 235022.000
   925: 235073.000 235098.000 235117.000 235153.000 235177.000
   930: 235194.000 235553.000 235577.000 235603.000 235632.000
   935: 235648.000 235680.000 235716.000 235735.000 239425.000
   940: 239467.000 239505.000 239523.000 239543.000 239582.000
   945: 239610.000 240141.000 240153.000 240164.000 240185.000
   950: 240221.000 240242.000 240258.000 240289.000 240307.000
   955: 242471.000 242496.000 242572.000 242604.000 242623.000
   960: 242643.000 243271.000 243287.000 243332.000 243348.000
   965: 243373.000 243396.000 243403.000 243420.000 245906.000
   970: 245937.000 245965.000 245991.000 246038.000 246064.000
   975: 246086.000 249365.000 249407.000 249546.000 249692.000
   980: 249753.000 249785.000 249817.000 250742.000 250779.000
   985: 250815.000 250836.000 250853.000 250885.000 250915.000
   990: 250939.000 250959.000 252058.000 252093.000 252150.000
   995: 252163.000 252180.000 252561.000 252582.000 252601.000
  1000: 252645.000 252659.000 252673.000 252693.000 252736.000
  1005: 252755.000 254472.000 254540.000 254636.000 254650.000
  1010: 254671.000 254713.000 254869.000 254976.000 254998.000
  1015: 255014.000 255032.000 257191.000 257252.000 257360.000
  1020: 257441.000 257759.000 257824.000 257852.000 257871.000
  1025: 257890.000 259501.000 259564.000 259581.000 259604.000
  1030: 259663.000 259686.000 260275.000 260325.000 260369.000
  1035: 260389.000 260428.000 262219.000 262244.000 262262.000
  1040: 262294.000 262309.000 262327.000 262355.000 262387.000
  1045: 262399.000 268322.000 268361.000 268401.000 268421.000
  1050: 268465.000 268495.000 268513.000 268746.000 268791.000
  1055: 268809.000 268831.000 268859.000 268886.000 268903.000
  1060: 269155.000 269189.000 269214.000 269231.000 269255.000
  1065: 269277.000 269285.000 269310.000 270462.000 270502.000
  1070: 270570.000 270585.000 270621.000 270667.000 270792.000
  1075: 271046.000 271087.000 271107.000 271123.000 274214.000
  1080: 274259.000 274275.000 274295.000 274321.000 274343.000
  1085: 274363.000 274383.000 275553.000 275636.000 275652.000
  1090: 275674.000 275725.000 275748.000 275766.000 277354.000
  1095: 277377.000 277416.000 277434.000 277469.000 277490.000
  1100: 277531.000 280752.000 280772.000 280793.000 280901.000
  1105: 280911.000 280927.000 280948.000 280965.000 288353.000
  1110: 288367.000 288385.000 288400.000 288435.000 288461.000
  1115: 288493.000 288511.000 289612.000 289630.000 289715.000
  1120: 289749.000 289797.000 289950.000 289967.000 291075.000
  1125: 291101.000 291122.000 291138.000 291178.000 291209.000
  1130: 291223.000 291245.000 292993.000 293026.000 293049.000
  1135: 293066.000 293083.000 293133.000 293165.000 293190.000
  1140: 294565.000 294590.000 294614.000 294640.000 294656.000
  1145: 294681.000 294727.000 295294.000 295350.000 295389.000
  1150: 295416.000 295472.000 296799.000 296827.000 296864.000
  1155: 296879.000 296906.000 296939.000 296950.000 297263.000
  1160: 297288.000 297315.000 297337.000 297353.000 297376.000
  1165: 297404.000 297425.000 300448.000 300462.000 300484.000
  1170: 300500.000 300519.000 300553.000 300571.000 300600.000
  1175: 300635.000 300658.000 301848.000 305328.000 305356.000
  1180: 305369.000 305393.000 305411.000 305423.000 305461.000
  1185: 305482.000 305502.000 305523.000 309113.000 309130.000
  1190: 309151.000 309178.000 309196.000 309229.000 309250.000
  1195: 309273.000 309293.000 309971.000 310079.000 310094.000
  1200: 310202.000 310230.000 310507.000 310524.000 310559.000
  1205: 313055.000 313091.000 313144.000 313159.000 313185.000
  1210: 313235.000 313615.000 313646.000 313672.000 313690.000
  1215: 313707.000 313750.000 313769.000 313786.000 313793.000
  1220: 317509.000 317581.000 317627.000 317644.000 317663.000
  1225: 318996.000 319103.000 319179.000 319203.000 319224.000
  1230: 319240.000 319264.000 322374.000 322398.000 322425.000
  1235: 322456.000 322471.000 322493.000 323177.000 323220.000
  1240: 323253.000 323269.000 323287.000 323311.000 323337.000
  1245: 323355.000 324743.000 325003.000 325288.000 325337.000
  1250: 325364.000 325379.000 326540.000 326579.000 326609.000
  1255: 326629.000 326676.000 326693.000 326977.000 326997.000
  1260: 327031.000 327047.000 327065.000 327110.000 327144.000
  1265: 327161.000 330521.000 333524.000 333630.000 333640.000
  1270: 333664.000 333686.000 333715.000 333733.000 333772.000
  1275: 335120.000 335180.000 335197.000 335216.000 342133.000
  1280: 342167.000 342215.000 350736.000 350780.000 350801.000
  1285: 350816.000 350832.000 350863.000 350893.000 350911.000
  1290: 350923.000 354898.000 355082.000 355096.000 355115.000
  1295: 355148.000 356052.000 356067.000 356115.000 356140.000
  1300: 356160.000 356184.000 356205.000 356233.000
D:
     0: 7511.000 12357.000 16150.000 18756.000 25118.000
     5: 30800.000 34875.000 35688.000 43860.000 47408.000
    10: 51304.000 58668.000 66557.000 70488.000 73940.000
    15: 78834.000 87343.000 91916.000 98925.000 102969.000
    20: 108424.000 109884.000 115142.000 119420.000 125619.000
    25: 128492.000 134695.000 138312.000 140587.000 143916.000
    30: 154605.000 157069.000 161307.000 166627.000 169177.000
    35: 173211.000 178226.000 179839.000 183351.000 188783.000
    40: 192404.000 194342.000 196348.000 200715.000 204584.000
    45: 209296.000 211173.000 213311.000 217733.000 221219.000
    50: 224826.000 231013.000 235735.000 240289.000 243420.000
    55: 250939.000 252736.000 254976.000 257871.000 262387.000
    60: 269310.000 271046.000 274383.000 280965.000 288511.000
    65: 291245.000 293190.000 297425.000 300600.000 305482.000
    70: 309273.000 310559.000 313786.000 323355.000 327161.000
    75: 333772.000 350911.000 356233.000
E:
     0:  110.000 2098.000 3975.000 3985.000 4003.000
     5: 4008.000 4066.000 4068.000 6152.000 6600.000
    10: 6620.000 7082.000 7208.000 7642.000 10122.000
    15: 11280.000 12493.000 14382.000 15412.000 16312.000
    20: 18396.000 18884.000 21046.000 22188.000 23485.000
    25: 24298.000 25195.000 27403.000 28903.000 30183.000
    30: 30931.000 33280.000 34490.000 34951.000 34954.000
    35: 35951.000 38235.000 38300.000 38906.000 39611.000
    40: 40802.000 41602.000 41605.000 41648.000 42504.000
    45: 43185.000 43952.000 45719.000 46872.000 47510.000
    50: 50298.000 51386.000 51425.000 53412.000 54679.000
    55: 55565.000 55594.000 57295.000 58197.000 58756.000
    60: 58761.000 58781.000 61354.000 62934.000 62959.000
    65: 62967.000 63512.000 63763.000 63777.000 63789.000
    70: 63818.000 65376.000 65727.000 66178.000 66620.000
    75: 68913.000 69824.000 70591.000 72939.000 73999.000
    80: 75514.000 75751.000 75759.000 77542.000 78955.000
    85: 80732.000 81344.000 82170.000 83389.000 84181.000
    90: 84798.000 85434.000 86052.000 86893.000 86903.000
    95: 87446.000 88842.000 90281.000 91538.000 92070.000
   100: 93784.000 94699.000 95573.000 96383.000 97224.000
   105: 98453.000 99027.000 100424.000 100906.000 101110.000
   110: 102331.000 103090.000 104381.000 104760.000 105573.000
   115: 106556.000 107325.000 107328.000 107875.000 108501.000
   120: 109983.000 111522.000 112381.000 113782.000 114555.000
   125: 115244.000 116615.000 117605.000 118067.000 118185.000
   130: 118768.000 119506.000 120851.000 121474.000 122106.000
   135: 122115.000 122671.000 123445.000 124400.000 124425.000
   140: 125015.000 125723.000 127021.000 127501.000 127993.000
   145: 128563.000 130218.000 130501.000 131804.000 132830.000
   150: 133939.000 134780.000 136044.000 137157.000 138391.000
   155: 140140.000 140687.000 142591.000 142907.000 143404.000
   160: 143978.000 145731.000 146130.000 147305.000 148558.000
   165: 149238.000 150997.000 152185.000 152221.000 152984.000
   170: 153519.000 154199.000 154218.000 154724.000 154746.000
   175: 156348.000 157152.000 159065.000 160095.000 161402.000
   180: 163454.000 164168.000 165222.000 165953.000 165967.000
   185: 166703.000 167881.000 168509.000 169243.000 171014.000
   190: 172195.000 173290.000 175280.000 176418.000 177234.000
   195: 177724.000 178338.000 179321.000 179919.000 181845.000
   200: 182593.000 183434.000 184733.000 185008.000 186405.000
   205: 187177.000 188177.000 188846.000 190423.000 191438.000
   210: 192500.000 192504.000 193974.000 194443.000 196458.000
   215: 199209.000 200227.000 200786.000 202424.000 203429.000
   220: 204085.000 204692.000 206234.000 207358.000 207635.000
   225: 208077.000 208546.000 209401.000 210767.000 211277.000
   230: 212353.000 212786.000 213459.000 214690.000 215743.000
   235: 217238.000 217841.000 218827.000 220001.000 220751.000
   240: 221302.000 222785.000 223578.000 224439.000 224919.000
   245: 226456.000 228104.000 228922.000 230315.000 231125.000
   250: 232254.000 233120.000 234098.000 234121.000 234816.000
   255: 235320.000 235840.000 237776.000 238591.000 239233.000
   260: 239689.000 239704.000 240385.000 242150.000 242156.000
   265: 242727.000 243501.000 244993.000 245262.000 246164.000
   270: 247523.000 249897.000 251045.000 252280.000 252832.000
   275: 255120.000 257970.000 259342.000 259764.000 260523.000
   280: 261070.000 261845.000 262485.000 262530.000 263887.000
   285: 264453.000 264484.000 266007.000 267583.000 268107.000
   290: 268594.000 269007.000 269465.000 271230.000 272465.000
   295: 273578.000 274466.000 275373.000 275841.000 276808.000
   300: 277626.000 278813.000 280220.000 281035.000 282836.000
   305: 284144.000 285292.000 287583.000 288111.000 288588.000
   310: 290082.000 290090.000 290807.000 291331.000 292747.000
   315: 293275.000 294416.000 294826.000 295530.000 296316.000
   320: 297044.000 297516.000 299472.000 300719.000 304511.000
   325: 305623.000 306793.000 307387.000 308592.000 309354.000
   330: 310674.000 312313.000 312843.000 313335.000 313886.000
   335: 315877.000 317158.000 317796.000 318686.000 319383.000
   340: 321215.000 322147.000 322587.000 322949.000 323433.000
   345: 325462.000 326308.000 326761.000 326768.000 327283.000
   350: 329750.000 331950.000 332675.000 333080.000 333879.000
   355: 334867.000 335294.000 337904.000 337915.000 339921.000
   360: 340386.000 341641.000 345222.000 350353.000 350411.000
   365: 350467.000 350529.000 351004.000 353124.000 354228.000
   370: 354655.000 355211.000 355874.000 356306.000 357623.000
   375: 358272.000
O:
     0: 10381.000 14557.000 18539.000 21344.000 27221.000
     5: 33035.000 35148.000 38689.000 45175.000 49275.000
    10: 54410.000 60533.000 68600.000 72204.000 76248.000
    15: 81090.000 89541.000 94405.000 104984.000 109664.000
    20: 111748.000 118432.000 121188.000 131066.000 136378.000
    25: 140373.000 143668.000 146613.000 156829.000 160586.000
    30: 163875.000 168891.000 171438.000 175404.000 179611.000
    35: 182339.000 187481.000 190721.000 194130.000 196130.000
    40: 198166.000 201965.000 206141.000 210914.000 213096.000
    45: 214895.000 219212.000 223235.000 225816.000 232415.000
    50: 237969.000 249208.000 252054.000 254419.000 257155.000
    55: 260262.000 264207.000 270449.000 274199.000 275550.000
    60: 283189.000 289607.000 292944.000 294552.000 298443.000
    65: 301837.000 307062.000 309946.000 313024.000 315249.000
    70: 324687.000 328780.000 335092.000 354410.000 358420.000
Q:
     0: 10381.000 14557.000 21344.000 33035.000 35148.000
     5: 45175.000 49275.000 60533.000 72204.000 89541.000
    10: 104984.000 111748.000 131066.000 136378.000 146613.000
    15: 160586.000 171438.000 175405.000 187481.000 190721.000
    20: 198166.000 206141.000 214895.000 219212.000 225816.000
    25: 232415.000 249208.000 254419.000 257155.000 270449.000
    30: 283189.000 289607.000 298443.000 301837.000 309946.000
    35: 324688.000 328780.000 358420.000
\roi5-2
