File: C:\MED-PC\Data\2019-09-20_12h28m_Subject 19013.txt


Start Date: 09/20/19
End Date: 09/20/19
Subject: 19013
Experiment: fr8
Group: 0
Box: 1
Start Time: 12:28:54
End Time: 13:32:14
MSN: FR8 8p TTLforROItoAnymaze
B:   8.000
F:   0.000
H: 249.000
L: 1313.000
R:  82.000
U:  38.000
V:  81.000
A:
     0:    0.000    1.000
C:
     0: 7980.000 7998.000 14001.000 14054.000 14126.000
     5: 14141.000 14157.000 14369.000 14411.000 17116.000
    10: 17152.000 17221.000 17237.000 17334.000 17515.000
    15: 34287.000 34450.000 34609.000 36291.000 36349.000
    20: 36399.000 36466.000 36594.000 36640.000 37709.000
    25: 37744.000 37775.000 37837.000 37907.000 38107.000
    30: 38200.000 38827.000 38893.000 38947.000 39006.000
    35: 39065.000 39158.000 39280.000 39410.000 39428.000
    40: 44166.000 44234.000 44269.000 44325.000 44441.000
    45: 46983.000 47041.000 47072.000 47121.000 47172.000
    50: 47201.000 47233.000 47263.000 47364.000 53453.000
    55: 53524.000 53569.000 53629.000 53673.000 53812.000
    60: 55450.000 55501.000 55530.000 55576.000 55616.000
    65: 55664.000 55701.000 56717.000 56743.000 56770.000
    70: 56795.000 56832.000 56889.000 60094.000 60106.000
    75: 60170.000 60202.000 60229.000 60251.000 60306.000
    80: 60358.000 64072.000 64113.000 64146.000 65792.000
    85: 65821.000 65853.000 65907.000 65954.000 66012.000
    90: 66998.000 67025.000 67071.000 67132.000 67171.000
    95: 67223.000 69884.000 69917.000 69964.000 69997.000
   100: 70014.000 70094.000 70127.000 70735.000 70789.000
   105: 70813.000 70863.000 70919.000 70956.000 70982.000
   110: 71002.000 72894.000 72922.000 72968.000 72991.000
   115: 73632.000 73659.000 73686.000 73726.000 73770.000
   120: 74234.000 74291.000 74318.000 74342.000 74366.000
   125: 74437.000 75874.000 75959.000 76006.000 76026.000
   130: 76070.000 77098.000 77134.000 77160.000 77245.000
   135: 77282.000 77317.000 78157.000 78204.000 78238.000
   140: 78259.000 78305.000 78331.000 79079.000 79106.000
   145: 79167.000 79250.000 79316.000 80071.000 80124.000
   150: 80151.000 80195.000 80236.000 80280.000 80328.000
   155: 80390.000 82415.000 82432.000 82448.000 82506.000
   160: 82525.000 82550.000 82588.000 82619.000 82650.000
   165: 82720.000 82738.000 84811.000 84868.000 84890.000
   170: 84929.000 84959.000 84992.000 85038.000 85144.000
   175: 86826.000 86853.000 86920.000 87924.000 87964.000
   180: 88010.000 88041.000 88062.000 88102.000 88156.000
   185: 88189.000 89937.000 89964.000 89995.000 90028.000
   190: 90064.000 90099.000 91146.000 91162.000 91233.000
   195: 91260.000 91304.000 91344.000 91381.000 91437.000
   200: 92848.000 92909.000 92977.000 93045.000 94052.000
   205: 94078.000 94103.000 94114.000 94159.000 94187.000
   210: 94201.000 94262.000 95945.000 96011.000 96049.000
   215: 96089.000 96141.000 97063.000 97118.000 97164.000
   220: 97187.000 97232.000 97269.000 98008.000 98092.000
   225: 98150.000 98193.000 98209.000 99111.000 99152.000
   230: 99227.000 99253.000 99340.000 99372.000 99385.000
   235: 99413.000 99477.000 100991.000 101005.000 101044.000
   240: 101083.000 101116.000 101142.000 101174.000 101225.000
   245: 101265.000 103340.000 103405.000 104684.000 104716.000
   250: 104763.000 104794.000 104826.000 104856.000 104896.000
   255: 104972.000 106347.000 106385.000 106422.000 106464.000
   260: 106489.000 106521.000 106561.000 106598.000 106629.000
   265: 106655.000 108863.000 108906.000 108921.000 108952.000
   270: 108982.000 109030.000 109080.000 109781.000 109810.000
   275: 109848.000 109868.000 109908.000 109936.000 109963.000
   280: 110012.000 112114.000 112169.000 112197.000 112224.000
   285: 112258.000 112299.000 112400.000 113282.000 113305.000
   290: 113333.000 113378.000 113414.000 113510.000 114660.000
   295: 114701.000 114734.000 114800.000 114857.000 114894.000
   300: 116408.000 116454.000 116485.000 116529.000 116547.000
   305: 116591.000 117403.000 117436.000 117460.000 117510.000
   310: 117552.000 117616.000 117664.000 118438.000 118457.000
   315: 118492.000 118516.000 118544.000 118616.000 118654.000
   320: 118724.000 119838.000 119861.000 119884.000 119912.000
   325: 119942.000 119983.000 120048.000 120099.000 121563.000
   330: 121614.000 121640.000 121667.000 121706.000 121764.000
   335: 122587.000 122613.000 122641.000 122681.000 122713.000
   340: 122732.000 122758.000 122790.000 122811.000 122864.000
   345: 122903.000 122928.000 124482.000 124537.000 124582.000
   350: 124594.000 124632.000 124664.000 124674.000 124734.000
   355: 126670.000 126740.000 126772.000 126832.000 126855.000
   360: 126863.000 126899.000 127700.000 127736.000 127766.000
   365: 127795.000 127819.000 127869.000 127938.000 128820.000
   370: 128845.000 128893.000 128921.000 128963.000 128993.000
   375: 129003.000 129091.000 130659.000 130712.000 130770.000
   380: 130798.000 130832.000 130843.000 130902.000 131725.000
   385: 131805.000 131839.000 131867.000 131896.000 131912.000
   390: 131952.000 131987.000 132036.000 132085.000 133411.000
   395: 133463.000 133543.000 133580.000 135031.000 135076.000
   400: 135107.000 135141.000 135168.000 135204.000 135255.000
   405: 136032.000 136089.000 136127.000 136152.000 136184.000
   410: 136224.000 136275.000 136322.000 137643.000 137685.000
   415: 137721.000 137765.000 137805.000 137863.000 137883.000
   420: 138950.000 138988.000 139050.000 139075.000 139121.000
   425: 139199.000 139836.000 139875.000 139927.000 139971.000
   430: 140012.000 140061.000 141083.000 141113.000 141193.000
   435: 141238.000 141267.000 141323.000 141359.000 141905.000
   440: 141934.000 141947.000 141997.000 142027.000 142062.000
   445: 142087.000 142127.000 144087.000 144139.000 144170.000
   450: 144202.000 144225.000 144261.000 144324.000 145216.000
   455: 145249.000 145302.000 145354.000 145433.000 145503.000
   460: 146427.000 146489.000 146515.000 146558.000 146624.000
   465: 146658.000 146684.000 146722.000 148045.000 148071.000
   470: 148111.000 148160.000 148205.000 148284.000 149179.000
   475: 149212.000 149257.000 149293.000 149332.000 149361.000
   480: 149445.000 150348.000 150385.000 150450.000 150518.000
   485: 150548.000 150566.000 150586.000 150647.000 150672.000
   490: 152283.000 152349.000 152397.000 152433.000 152452.000
   495: 152485.000 152534.000 153503.000 153531.000 153601.000
   500: 153618.000 153660.000 153706.000 154557.000 154623.000
   505: 154653.000 154678.000 154747.000 154797.000 155654.000
   510: 155697.000 155722.000 155759.000 155771.000 155846.000
   515: 155854.000 155904.000 155953.000 157479.000 157517.000
   520: 157555.000 157568.000 157608.000 157639.000 157651.000
   525: 157694.000 159850.000 159882.000 159920.000 164772.000
   530: 164873.000 164893.000 164927.000 164971.000 165881.000
   535: 165915.000 165939.000 165970.000 166041.000 166067.000
   540: 166896.000 166927.000 166960.000 167012.000 167044.000
   545: 167105.000 167141.000 169594.000 169647.000 169716.000
   550: 169740.000 169764.000 169789.000 169825.000 169886.000
   555: 169922.000 171683.000 171704.000 171758.000 171797.000
   560: 171853.000 171908.000 172569.000 172623.000 172665.000
   565: 172701.000 172725.000 172741.000 172799.000 172938.000
   570: 174180.000 174229.000 174253.000 174283.000 174315.000
   575: 174354.000 174402.000 174450.000 174466.000 175861.000
   580: 175912.000 175924.000 175981.000 176012.000 176048.000
   585: 176067.000 176150.000 178328.000 178353.000 178383.000
   590: 178418.000 178444.000 178518.000 178533.000 179227.000
   595: 179256.000 179315.000 179335.000 179348.000 179369.000
   600: 179431.000 180141.000 180156.000 180185.000 180219.000
   605: 180231.000 180242.000 180279.000 180333.000 181455.000
   610: 181475.000 181500.000 181532.000 181575.000 181630.000
   615: 182447.000 182473.000 182487.000 182500.000 182518.000
   620: 182543.000 182566.000 182607.000 182642.000 182680.000
   625: 183867.000 183940.000 183958.000 183997.000 184032.000
   630: 184063.000 184095.000 184133.000 184150.000 184231.000
   635: 185903.000 185938.000 185973.000 185984.000 186037.000
   640: 186871.000 186909.000 186950.000 186981.000 187010.000
   645: 187072.000 187135.000 187155.000 188625.000 188653.000
   650: 188704.000 188750.000 188791.000 188820.000 189496.000
   655: 189537.000 189582.000 189610.000 189633.000 189668.000
   660: 190491.000 190524.000 190542.000 190596.000 190631.000
   665: 190671.000 190710.000 190724.000 194406.000 194474.000
   670: 194508.000 194598.000 194657.000 194689.000 194728.000
   675: 195298.000 195338.000 195400.000 195435.000 195500.000
   680: 195555.000 195604.000 195632.000 197561.000 197579.000
   685: 197599.000 197659.000 197689.000 197728.000 197767.000
   690: 197818.000 197834.000 197936.000 199187.000 199220.000
   695: 199270.000 199306.000 199336.000 199366.000 199412.000
   700: 200339.000 200366.000 200388.000 200443.000 200475.000
   705: 200497.000 200518.000 200564.000 200632.000 200689.000
   710: 202190.000 202235.000 202292.000 202331.000 202394.000
   715: 202420.000 203450.000 203482.000 203523.000 203533.000
   720: 203575.000 203631.000 203660.000 203692.000 203752.000
   725: 205219.000 205275.000 205294.000 205334.000 205359.000
   730: 205428.000 205461.000 207794.000 207818.000 207869.000
   735: 207904.000 207960.000 208745.000 208757.000 208832.000
   740: 208860.000 208913.000 208954.000 209000.000 209034.000
   745: 210490.000 210560.000 210592.000 210620.000 210637.000
   750: 210682.000 210727.000 210857.000 212440.000 212453.000
   755: 212501.000 212528.000 212553.000 212570.000 212607.000
   760: 212654.000 212704.000 214052.000 214088.000 214112.000
   765: 214179.000 214217.000 214251.000 214306.000 214394.000
   770: 215541.000 215578.000 215601.000 215651.000 215673.000
   775: 215710.000 215729.000 215763.000 215791.000 215819.000
   780: 215845.000 215903.000 215962.000 216039.000 217325.000
   785: 217349.000 217364.000 217407.000 217434.000 217440.000
   790: 217483.000 217524.000 217586.000 217638.000 218795.000
   795: 218822.000 218878.000 218916.000 218924.000 218966.000
   800: 219012.000 219071.000 219107.000 219124.000 220213.000
   805: 220255.000 220291.000 220339.000 220367.000 220406.000
   810: 220449.000 220464.000 220544.000 221935.000 221956.000
   815: 221990.000 222016.000 222055.000 222109.000 222163.000
   820: 222234.000 222258.000 223600.000 223687.000 223729.000
   825: 223764.000 223822.000 223868.000 223910.000 223966.000
   830: 225028.000 225065.000 225110.000 225123.000 225164.000
   835: 225221.000 225270.000 226083.000 226118.000 226152.000
   840: 226183.000 226216.000 226244.000 226299.000 226337.000
   845: 226388.000 226407.000 227680.000 227729.000 227783.000
   850: 227821.000 227867.000 227925.000 228620.000 228655.000
   855: 228695.000 228744.000 228790.000 228830.000 228890.000
   860: 228905.000 228963.000 229043.000 230162.000 230193.000
   865: 230243.000 230276.000 230325.000 230358.000 230372.000
   870: 230449.000 231403.000 231454.000 231507.000 231533.000
   875: 231579.000 231589.000 231621.000 231644.000 231734.000
   880: 232714.000 232760.000 232792.000 232827.000 232835.000
   885: 232868.000 232905.000 232920.000 232962.000 233008.000
   890: 233058.000 234038.000 234063.000 234084.000 234116.000
   895: 234164.000 234208.000 234243.000 234295.000 234370.000
   900: 235312.000 235350.000 235372.000 235395.000 235440.000
   905: 235480.000 242154.000 242229.000 242259.000 242294.000
   910: 242340.000 242416.000 242931.000 242966.000 243020.000
   915: 243065.000 243100.000 243152.000 243476.000 243518.000
   920: 243581.000 243613.000 243658.000 243693.000 243760.000
   925: 243875.000 245119.000 245161.000 245244.000 245280.000
   930: 245321.000 245381.000 245573.000 245596.000 245624.000
   935: 246691.000 246723.000 246757.000 246803.000 246831.000
   940: 246879.000 247250.000 247302.000 247324.000 247360.000
   945: 247402.000 247418.000 247483.000 247529.000 247539.000
   950: 247595.000 247667.000 247803.000 248686.000 248743.000
   955: 248785.000 248822.000 248858.000 248918.000 248973.000
   960: 249474.000 249496.000 249560.000 249605.000 249634.000
   965: 249670.000 249726.000 249775.000 249905.000 249946.000
   970: 250673.000 250691.000 250725.000 250745.000 250821.000
   975: 250856.000 250948.000 251005.000 251040.000 251089.000
   980: 252178.000 252225.000 252263.000 252295.000 252327.000
   985: 252339.000 252371.000 252399.000 252427.000 252502.000
   990: 252563.000 253406.000 253444.000 253474.000 253536.000
   995: 253571.000 253632.000 253672.000 253710.000 253757.000
  1000: 254674.000 254771.000 254832.000 254863.000 254954.000
  1005: 255018.000 255574.000 255616.000 255678.000 255722.000
  1010: 255802.000 255846.000 255945.000 255959.000 264511.000
  1015: 264645.000 264709.000 264786.000 264813.000 266175.000
  1020: 266712.000 266800.000 266814.000 266853.000 266887.000
  1025: 266909.000 266948.000 267003.000 268101.000 268133.000
  1030: 268155.000 268183.000 268221.000 268304.000 268381.000
  1035: 268969.000 269026.000 269075.000 269110.000 269150.000
  1040: 269198.000 269277.000 269315.000 270803.000 270866.000
  1045: 270878.000 270913.000 270959.000 271011.000 271067.000
  1050: 271552.000 271595.000 271655.000 271720.000 271756.000
  1055: 271799.000 272363.000 272401.000 272428.000 272485.000
  1060: 272523.000 272564.000 272616.000 273175.000 273222.000
  1065: 273298.000 273337.000 273390.000 273444.000 273477.000
  1070: 273598.000 274657.000 274726.000 274754.000 274800.000
  1075: 274858.000 274901.000 274957.000 275031.000 275053.000
  1080: 276168.000 276192.000 276247.000 276296.000 276379.000
  1085: 276500.000 277052.000 277064.000 277133.000 277180.000
  1090: 277222.000 277263.000 277336.000 277371.000 277387.000
  1095: 283239.000 283312.000 283355.000 283389.000 283466.000
  1100: 283538.000 284033.000 284118.000 284247.000 284276.000
  1105: 284331.000 284375.000 284447.000 284962.000 284993.000
  1110: 285064.000 285101.000 285145.000 285186.000 285234.000
  1115: 285274.000 285290.000 285359.000 285443.000 286441.000
  1120: 286538.000 286578.000 286611.000 286694.000 286823.000
  1125: 286840.000 286914.000 287859.000 287915.000 287961.000
  1130: 288009.000 288048.000 288062.000 288108.000 288181.000
  1135: 288239.000 288291.000 288358.000 288412.000 288484.000
  1140: 289241.000 289295.000 289374.000 289448.000 289496.000
  1145: 289542.000 289618.000 289678.000 303262.000 305325.000
  1150: 305357.000 305419.000 305710.000 305776.000 306366.000
  1155: 319447.000 319493.000 319522.000 319663.000 319697.000
  1160: 319743.000 319874.000 319895.000 321293.000 321326.000
  1165: 321369.000 321406.000 321461.000 321514.000 321617.000
  1170: 321988.000 322050.000 322093.000 322118.000 322157.000
  1175: 322246.000 322281.000 322320.000 323588.000 323610.000
  1180: 323643.000 323697.000 323738.000 323796.000 324538.000
  1185: 324574.000 324596.000 324644.000 324678.000 324716.000
  1190: 324756.000 324806.000 326434.000 326486.000 326543.000
  1195: 326598.000 326631.000 326708.000 327343.000 327369.000
  1200: 327393.000 327430.000 327455.000 327478.000 327489.000
  1205: 327519.000 327572.000 328588.000 328636.000 328662.000
  1210: 328696.000 328732.000 328776.000 328790.000 328830.000
  1215: 328868.000 330051.000 330089.000 330156.000 330185.000
  1220: 330217.000 330234.000 330840.000 330873.000 330895.000
  1225: 330932.000 330962.000 330999.000 331011.000 331063.000
  1230: 331116.000 331181.000 331262.000 332213.000 332240.000
  1235: 332273.000 332308.000 332349.000 332384.000 332436.000
  1240: 332469.000 333621.000 333660.000 333750.000 333794.000
  1245: 333837.000 333948.000 336609.000 336643.000 336773.000
  1250: 336788.000 336803.000 336834.000 336895.000 336961.000
  1255: 337044.000 338045.000 338143.000 338200.000 338207.000
  1260: 338317.000 338918.000 338966.000 339011.000 339034.000
  1265: 339053.000 339064.000 339120.000 339160.000 339184.000
  1270: 339214.000 339996.000 340073.000 340116.000 340145.000
  1275: 340185.000 340220.000 340306.000 340848.000 340875.000
  1280: 340908.000 340939.000 340997.000 341029.000 341097.000
  1285: 341564.000 341602.000 341621.000 341708.000 341757.000
  1290: 341813.000 341881.000 343162.000 343183.000 343211.000
  1295: 353145.000 353170.000 353262.000 353304.000 353344.000
  1300: 353419.000 353899.000 353937.000 353986.000 354032.000
  1305: 354064.000 354094.000 354144.000 354633.000 354658.000
  1310: 354676.000 354784.000 354831.000
D:
     0: 39410.000 47263.000 60358.000 71002.000 80390.000
     5: 82619.000 85144.000 88189.000 91437.000 94262.000
    10: 99413.000 101225.000 104972.000 106598.000 110012.000
    15: 118724.000 120099.000 122790.000 124734.000 129091.000
    20: 131987.000 136322.000 142127.000 146722.000 150647.000
    25: 155904.000 157694.000 169886.000 172938.000 174450.000
    30: 176150.000 180333.000 182607.000 184133.000 187155.000
    35: 190724.000 195632.000 197818.000 200564.000 203692.000
    40: 209034.000 210857.000 212654.000 214394.000 215763.000
    45: 217524.000 219071.000 220464.000 222234.000 223966.000
    50: 226337.000 228905.000 230449.000 231644.000 232920.000
    55: 234295.000 243875.000 245596.000 247529.000 249775.000
    60: 251005.000 252399.000 253710.000 255959.000 267003.000
    65: 269315.000 273598.000 275031.000 277371.000 285274.000
    70: 286914.000 288181.000 289678.000 319895.000 322320.000
    75: 324806.000 327519.000 328830.000 331063.000 332469.000
    80: 336961.000 339160.000
E:
     0: 1841.000 6824.000 10597.000 15134.000 15138.000
     5: 17725.000 27397.000 35284.000 37064.000 38405.000
    10: 39602.000 41531.000 43768.000 43775.000 43784.000
    15: 44929.000 44933.000 47503.000 54132.000 55855.000
    20: 57008.000 58528.000 60502.000 64255.000 66102.000
    25: 67558.000 70248.000 71117.000 73123.000 73898.000
    30: 74590.000 76166.000 77427.000 77435.000 78516.000
    35: 79436.000 80509.000 82958.000 85208.000 87010.000
    40: 88297.000 89603.000 90215.000 90225.000 91549.000
    45: 93155.000 93166.000 94358.000 95697.000 96227.000
    50: 97389.000 98328.000 99613.000 101399.000 103541.000
    55: 105052.000 106759.000 109164.000 110095.000 112474.000
    60: 113607.000 114460.000 115043.000 116696.000 117768.000
    65: 118826.000 120232.000 121864.000 123007.000 123017.000
    70: 124843.000 127011.000 127018.000 128044.000 129192.000
    75: 131008.000 132168.000 133683.000 134633.000 135328.000
    80: 136412.000 137995.000 139291.000 139298.000 140163.000
    85: 141456.000 142208.000 144451.000 145564.000 146869.000
    90: 148384.000 149529.000 150786.000 152640.000 153782.000
    95: 154983.000 156036.000 157785.000 160058.000 163653.000
   100: 165058.000 166148.000 167272.000 169187.000 170030.000
   105: 172003.000 173036.000 174549.000 176244.000 178610.000
   110: 179503.000 180416.000 181707.000 182198.000 182771.000
   115: 184349.000 186161.000 187238.000 188988.000 189824.000
   120: 190866.000 193133.000 194807.000 195739.000 198069.000
   125: 199511.000 200764.000 202525.000 203830.000 205580.000
   130: 205585.000 206935.000 208068.000 209106.000 210991.000
   135: 212774.000 214485.000 216148.000 217718.000 219218.000
   140: 220612.000 222338.000 224040.000 225417.000 226486.000
   145: 228063.000 229105.000 230547.000 231805.000 233187.000
   150: 234461.000 235630.000 238262.000 240560.000 241559.000
   155: 242565.000 243238.000 244024.000 244036.000 245709.000
   160: 246985.000 247887.000 249154.000 250049.000 250062.000
   165: 251191.000 251201.000 252679.000 253860.000 255153.000
   170: 256075.000 256822.000 259014.000 263509.000 264921.000
   175: 265989.000 266319.000 267105.000 268500.000 269417.000
   180: 271133.000 271927.000 272738.000 273685.000 275195.000
   185: 276666.000 277541.000 279129.000 281387.000 282754.000
   190: 283634.000 283642.000 284603.000 285541.000 287051.000
   195: 288567.000 289790.000 293796.000 294267.000 294926.000
   200: 295624.000 295632.000 296784.000 297390.000 297435.000
   205: 298528.000 302902.000 304895.000 305872.000 311577.000
   210: 312079.000 312083.000 314885.000 318625.000 319100.000
   215: 320020.000 321678.000 322449.000 323971.000 324903.000
   220: 326859.000 327655.000 328969.000 330331.000 331379.000
   225: 332540.000 334112.000 335699.000 336275.000 337242.000
   230: 337248.000 338503.000 338518.000 339302.000 339304.000
   235: 340382.000 341192.000 341958.000 342715.000 344092.000
   240: 348607.000 349385.000 351989.000 352671.000 353547.000
   245: 354264.000 354981.000 359310.000 359323.000
O:
     0: 44125.000 53374.000 63955.000 72798.000 82398.000
     5: 84791.000 86785.000 89849.000 92774.000 95887.000
    10: 100911.000 103234.000 108845.000 112064.000 119795.000
    15: 124477.000 126659.000 130648.000 133397.000 138939.000
    20: 144060.000 147944.000 152260.000 157423.000 159711.000
    25: 171634.000 175824.000 178280.000 181394.000 183837.000
    30: 185824.000 188573.000 194352.000 197515.000 199152.000
    35: 203406.000 205211.000 210432.000 212390.000 214035.000
    40: 215510.000 217260.000 218736.000 220177.000 221905.000
    45: 223535.000 224985.000 227671.000 230106.000 231366.000
    50: 232675.000 233990.000 236054.000 245093.000 246639.000
    55: 248620.000 250648.000 252125.000 253399.000 254629.000
    60: 264459.000 268035.000 270757.000 274578.000 276102.000
    65: 278131.000 286395.000 289214.000 290977.000 321218.000
    70: 324477.000 327312.000 328563.000 330034.000 332167.000
    75: 333595.000 338010.000 339962.000
Q:
     0: 53374.000 82398.000 84791.000 89849.000 100911.000
     5: 103234.000 112064.000 126659.000 133397.000 147944.000
    10: 152260.000 159711.000 175825.000 178281.000 183837.000
    15: 185824.000 194352.000 197515.000 205211.000 210432.000
    20: 215510.000 218736.000 220177.000 223535.000 230106.000
    25: 232675.000 245093.000 250648.000 252125.000 264459.000
    30: 274578.000 278131.000 286395.000 321218.000 327312.000
    35: 328563.000 333596.000 338010.000
\roi5-1
