File: C:\MED-PC\Data\2019-09-20_10h18m_Subject 19014.txt



Start Date: 09/20/19
End Date: 09/20/19
Subject: 19014
Experiment: fr8
Group: 0
Box: 1
Start Time: 10:18:16
End Time: 11:20:01
MSN: FR8 8p TTLforROItoAnymaze
B:   8.000
F:   0.000
H: 227.000
L:  810.000
R:  41.000
U:  21.000
V:  46.000
A:
     0:    0.000    1.000
C:
     0: 7501.000 7648.000 8566.000 8655.000 8687.000
     5: 8924.000 9398.000 9464.000 9481.000 10353.000
    10: 10361.000 10398.000 10841.000 10904.000 10953.000
    15: 10967.000 10985.000 11420.000 11508.000 15125.000
    20: 16759.000 16862.000 16886.000 16910.000 19488.000
    25: 19511.000 19529.000 19579.000 19620.000 22838.000
    30: 22871.000 26161.000 26216.000 26251.000 26309.000
    35: 26325.000 27385.000 27404.000 27448.000 27479.000
    40: 27508.000 28637.000 28660.000 28683.000 28781.000
    45: 28851.000 28876.000 28894.000 36734.000 36779.000
    50: 36802.000 36818.000 36843.000 36871.000 36912.000
    55: 36931.000 39970.000 40008.000 40035.000 40129.000
    60: 40156.000 44584.000 44632.000 44742.000 44751.000
    65: 44786.000 46952.000 47014.000 47043.000 47103.000
    70: 47116.000 47139.000 47152.000 47182.000 47228.000
    75: 47262.000 47319.000 49197.000 49330.000 49347.000
    80: 49373.000 49407.000 49427.000 49463.000 51133.000
    85: 51147.000 51219.000 51277.000 51306.000 51332.000
    90: 51362.000 51389.000 51420.000 64713.000 64736.000
    95: 64760.000 64772.000 64798.000 64818.000 64842.000
   100: 64908.000 64931.000 68371.000 68541.000 71419.000
   105: 71508.000 71544.000 71563.000 71579.000 71612.000
   110: 71626.000 71704.000 73817.000 73849.000 73859.000
   115: 73896.000 73967.000 76480.000 76541.000 76588.000
   120: 78202.000 78253.000 78324.000 78353.000 79978.000
   125: 79990.000 80004.000 80015.000 82047.000 82076.000
   130: 82110.000 82137.000 83288.000 83311.000 83331.000
   135: 83363.000 83376.000 83415.000 83458.000 83503.000
   140: 93667.000 93697.000 93706.000 93740.000 93766.000
   145: 93789.000 93826.000 93850.000 95618.000 95668.000
   150: 95713.000 95731.000 95759.000 96597.000 96613.000
   155: 96640.000 96703.000 96725.000 96747.000 100152.000
   160: 100211.000 100230.000 100268.000 100299.000 100334.000
   165: 100410.000 101918.000 101935.000 101976.000 102017.000
   170: 102048.000 102074.000 102086.000 102797.000 102852.000
   175: 102929.000 102955.000 103832.000 103858.000 103883.000
   180: 103898.000 103925.000 103967.000 103985.000 104025.000
   185: 104035.000 105832.000 105873.000 105906.000 105915.000
   190: 105937.000 105957.000 105971.000 106012.000 106083.000
   195: 108034.000 108093.000 108125.000 108152.000 108173.000
   200: 110156.000 110188.000 110214.000 110240.000 110265.000
   205: 110280.000 110358.000 110383.000 113641.000 113679.000
   210: 113716.000 113803.000 117006.000 117030.000 117059.000
   215: 127767.000 127810.000 127880.000 127889.000 127906.000
   220: 127924.000 127938.000 127955.000 127989.000 128045.000
   225: 129695.000 129748.000 129761.000 129772.000 129790.000
   230: 129833.000 131568.000 131601.000 131615.000 131661.000
   235: 131690.000 131720.000 131748.000 132407.000 132451.000
   240: 132483.000 132494.000 132508.000 132523.000 132543.000
   245: 132571.000 132622.000 134901.000 134952.000 134996.000
   250: 137470.000 137503.000 137521.000 137550.000 137566.000
   255: 137578.000 137600.000 139090.000 139112.000 139120.000
   260: 139143.000 139170.000 139200.000 139223.000 139255.000
   265: 141361.000 141402.000 141451.000 141464.000 141494.000
   270: 142469.000 142497.000 142509.000 142549.000 142558.000
   275: 142575.000 142615.000 142644.000 142761.000 142777.000
   280: 145161.000 145192.000 145210.000 145240.000 145272.000
   285: 147087.000 147120.000 147182.000 147230.000 147292.000
   290: 147326.000 148774.000 148822.000 148876.000 152814.000
   295: 152826.000 152853.000 153674.000 153699.000 153709.000
   300: 153731.000 153752.000 153792.000 153811.000 153831.000
   305: 153854.000 153896.000 155833.000 155844.000 155865.000
   310: 155892.000 155920.000 155942.000 155947.000 155983.000
   315: 157692.000 157749.000 157771.000 157805.000 157828.000
   320: 159157.000 159219.000 159243.000 159282.000 161737.000
   325: 161747.000 161787.000 161810.000 161840.000 161907.000
   330: 161941.000 161981.000 162069.000 163944.000 163971.000
   335: 163985.000 163993.000 164104.000 164129.000 165267.000
   340: 165298.000 165343.000 165369.000 165395.000 165432.000
   345: 167044.000 167101.000 167145.000 167169.000 167186.000
   350: 167219.000 167255.000 168157.000 168203.000 168216.000
   355: 168243.000 168287.000 170143.000 170183.000 176694.000
   360: 176726.000 177638.000 177664.000 177735.000 177817.000
   365: 177841.000 178565.000 178591.000 178611.000 178642.000
   370: 178676.000 178738.000 178778.000 178797.000 181266.000
   375: 181293.000 181309.000 181380.000 181440.000 183170.000
   380: 183209.000 186550.000 186559.000 186577.000 186596.000
   385: 186658.000 187499.000 187547.000 187586.000 187627.000
   390: 187651.000 187696.000 195183.000 195205.000 195259.000
   395: 195264.000 195320.000 195331.000 196835.000 196861.000
   400: 196905.000 196954.000 197013.000 197794.000 197831.000
   405: 197851.000 197881.000 197903.000 197917.000 197933.000
   410: 197967.000 198000.000 198048.000 198063.000 200317.000
   415: 200362.000 200432.000 200462.000 200478.000 200505.000
   420: 200534.000 204970.000 205010.000 205047.000 205109.000
   425: 205136.000 205159.000 205192.000 205225.000 205256.000
   430: 207116.000 207175.000 207270.000 208528.000 208548.000
   435: 208593.000 208643.000 208695.000 208718.000 208738.000
   440: 208807.000 208879.000 208921.000 210724.000 210745.000
   445: 210768.000 210781.000 210789.000 210812.000 210831.000
   450: 210853.000 210877.000 210912.000 212724.000 212774.000
   455: 212781.000 212805.000 212838.000 212853.000 213805.000
   460: 213836.000 213861.000 213885.000 213939.000 214713.000
   465: 214748.000 214776.000 214785.000 214806.000 214825.000
   470: 214868.000 214918.000 216592.000 216626.000 216670.000
   475: 216696.000 216744.000 218180.000 230468.000 230515.000
   480: 230584.000 231476.000 231501.000 231523.000 231553.000
   485: 231581.000 231608.000 231638.000 232224.000 232247.000
   490: 232281.000 232293.000 232328.000 232348.000 232355.000
   495: 232414.000 237334.000 237355.000 237413.000 238203.000
   500: 238244.000 238267.000 238288.000 238312.000 238323.000
   505: 238351.000 238364.000 238431.000 240147.000 240194.000
   510: 240213.000 240245.000 240263.000 241695.000 241733.000
   515: 241747.000 242882.000 242921.000 242963.000 242985.000
   520: 243003.000 243841.000 245691.000 245710.000 245729.000
   525: 245760.000 245795.000 245814.000 245849.000 245891.000
   530: 246009.000 248012.000 248048.000 248079.000 248099.000
   535: 248110.000 248161.000 248204.000 249208.000 249239.000
   540: 249248.000 249269.000 249279.000 249293.000 249336.000
   545: 249383.000 249458.000 251344.000 251374.000 251467.000
   550: 252516.000 252536.000 252576.000 252621.000 252640.000
   555: 252649.000 253655.000 253683.000 253701.000 253749.000
   560: 253767.000 253780.000 253807.000 253849.000 253882.000
   565: 255641.000 255671.000 255697.000 255711.000 255743.000
   570: 255774.000 255783.000 255792.000 255813.000 261345.000
   575: 261364.000 261404.000 263738.000 263772.000 264552.000
   580: 264599.000 264630.000 264651.000 264669.000 264720.000
   585: 264753.000 264810.000 266249.000 273187.000 273232.000
   590: 274265.000 274283.000 274326.000 274352.000 274399.000
   595: 274990.000 275011.000 275046.000 275070.000 275086.000
   600: 275108.000 276124.000 276152.000 276163.000 276212.000
   605: 276235.000 276251.000 276277.000 276287.000 276310.000
   610: 277748.000 277791.000 277825.000 277878.000 280923.000
   615: 280972.000 280988.000 280999.000 281030.000 281063.000
   620: 281104.000 281210.000 282693.000 283072.000 283152.000
   625: 283177.000 284945.000 293874.000 293892.000 293914.000
   630: 293939.000 293961.000 294002.000 297485.000 297496.000
   635: 297507.000 297527.000 297547.000 297606.000 297617.000
   640: 298261.000 298294.000 298322.000 302567.000 302605.000
   645: 302631.000 302659.000 302688.000 302714.000 302738.000
   650: 302762.000 304223.000 304253.000 304258.000 304301.000
   655: 304348.000 304374.000 305578.000 306479.000 306515.000
   660: 306549.000 306617.000 306628.000 306649.000 306678.000
   665: 307229.000 307255.000 307284.000 307356.000 307380.000
   670: 307414.000 308143.000 308168.000 308175.000 308195.000
   675: 308239.000 308265.000 308284.000 308304.000 308348.000
   680: 308368.000 316015.000 316088.000 316121.000 316134.000
   685: 316169.000 316290.000 317226.000 317232.000 317245.000
   690: 317274.000 317322.000 317343.000 317407.000 317445.000
   695: 318845.000 318875.000 318898.000 318919.000 318948.000
   700: 318967.000 318989.000 319018.000 319031.000 319056.000
   705: 320843.000 320867.000 320886.000 320909.000 320926.000
   710: 320935.000 320982.000 320993.000 321004.000 321024.000
   715: 328600.000 328640.000 328673.000 328725.000 328762.000
   720: 328781.000 329446.000 329480.000 329510.000 329548.000
   725: 329577.000 329587.000 329617.000 329645.000 329671.000
   730: 331311.000 331337.000 331369.000 331383.000 331396.000
   735: 332565.000 332626.000 333557.000 333578.000 333609.000
   740: 333646.000 333677.000 334537.000 334569.000 334609.000
   745: 334638.000 334650.000 334691.000 335329.000 335357.000
   750: 335379.000 335396.000 335424.000 335482.000 335504.000
   755: 336401.000 336410.000 336436.000 336476.000 336506.000
   760: 336522.000 336537.000 336556.000 336584.000 336598.000
   765: 336629.000 345253.000 345300.000 345326.000 345348.000
   770: 345368.000 345390.000 345434.000 346163.000 346194.000
   775: 346243.000 346252.000 346289.000 346317.000 346997.000
   780: 347015.000 347044.000 347056.000 347081.000 347090.000
   785: 347100.000 347139.000 347156.000 347181.000 347204.000
   790: 347235.000 347281.000 348745.000 348770.000 348840.000
   795: 348881.000 348923.000 348943.000 350964.000 351010.000
   800: 351057.000 351158.000 351184.000 351201.000 359014.000
   805: 359033.000 359054.000 359072.000 359123.000 359175.000
D:
     0: 10985.000 36931.000 47182.000 51389.000 64908.000
     5: 71704.000 83503.000 93850.000 104025.000 106012.000
    10: 110383.000 127955.000 132571.000 139255.000 142644.000
    15: 153831.000 155983.000 161981.000 178797.000 197967.000
    20: 205225.000 208807.000 210853.000 214918.000 232414.000
    25: 238364.000 245891.000 249383.000 253849.000 255792.000
    30: 264810.000 276287.000 281210.000 302762.000 308304.000
    35: 317445.000 319018.000 320993.000 329645.000 336556.000
    40: 347139.000
E:
     0: 3345.000 7054.000 8205.000 10046.000 11986.000
     5: 14645.000 17180.000 21333.000 23807.000 26723.000
    10: 28304.000 29356.000 29369.000 33963.000 36509.000
    15: 37283.000 39011.000 41500.000 44147.000 46093.000
    20: 47741.000 48851.000 50226.000 50891.000 51753.000
    25: 55002.000 55361.000 55606.000 60759.000 62523.000
    30: 62651.000 62800.000 63958.000 65384.000 66541.000
    35: 66892.000 69065.000 72077.000 74306.000 75300.000
    40: 75881.000 76850.000 78681.000 80726.000 81701.000
    45: 82558.000 82947.000 84274.000 86586.000 87954.000
    50: 92118.000 93287.000 93318.000 93378.000 94150.000
    55: 95991.000 97285.000 99320.000 99872.000 100893.000
    60: 101745.000 102510.000 103508.000 104289.000 106480.000
    65: 108621.000 110882.000 112060.000 113363.000 114236.000
    70: 116234.000 117516.000 126775.000 128428.000 130170.000
    75: 131302.000 132102.000 132933.000 135351.000 136501.000
    80: 138039.000 139692.000 141809.000 142131.000 143171.000
    85: 145713.000 145874.000 147588.000 151888.000 152404.000
    90: 152465.000 153192.000 154283.000 156408.000 158258.000
    95: 159756.000 160780.000 162449.000 164511.000 165898.000
   100: 166909.000 167730.000 168728.000 170616.000 172465.000
   105: 173988.000 175982.000 177108.000 178228.000 179134.000
   110: 181743.000 185127.000 185933.000 187035.000 187850.000
   115: 192056.000 194922.000 195727.000 195729.000 197394.000
   120: 198454.000 201038.000 202797.000 204754.000 205561.000
   125: 207766.000 209227.000 211278.000 213135.000 214247.000
   130: 215235.000 217076.000 219156.000 221540.000 225522.000
   135: 225525.000 226960.000 229033.000 230177.000 230917.000
   140: 231173.000 231987.000 235549.000 237670.000 238679.000
   145: 240655.000 241983.000 243200.000 244160.000 245390.000
   150: 246324.000 248481.000 249983.000 251747.000 252803.000
   155: 253398.000 254248.000 256006.000 259865.000 261773.000
   160: 264019.000 265150.000 266492.000 269293.000 272860.000
   165: 273588.000 274702.000 275518.000 276629.000 278127.000
   170: 278493.000 280476.000 281477.000 283411.000 284481.000
   175: 287176.000 287602.000 288456.000 290781.000 293245.000
   180: 294297.000 296984.000 297811.000 301224.000 302335.000
   185: 302935.000 304544.000 305173.000 305798.000 306955.000
   190: 307808.000 307937.000 308705.000 310736.000 312335.000
   195: 315456.000 316603.000 317606.000 319312.000 321235.000
   200: 322498.000 326108.000 326991.000 328189.000 329023.000
   205: 329829.000 331606.000 332108.000 332884.000 333232.000
   210: 333996.000 334274.000 334898.000 335930.000 336917.000
   215: 337825.000 340643.000 344542.000 345648.000 346604.000
   220: 347616.000 349207.000 350440.000 351566.000 356074.000
   225: 356642.000 358476.000
O:
     0: 15038.000 39548.000 49175.000 54850.000 67962.000
     5: 73720.000 85455.000 95578.000 107963.000 113559.000
    10: 129604.000 134802.000 141330.000 145039.000 155792.000
    15: 157667.000 163866.000 182092.000 200269.000 207051.000
    20: 210639.000 212696.000 216565.000 237248.000 240123.000
    25: 247968.000 251249.000 257329.000 266103.000 277661.000
    30: 282565.000 304158.000 309902.000 319137.000 323280.000
    35: 331228.000 338057.000 348685.000
Q:
     0: 15039.000 39548.000 54850.000 73720.000 85455.000
     5: 107963.000 129604.000 141330.000 145039.000 157667.000
    10: 182092.000 207051.000 210639.000 216565.000 237248.000
    15: 247968.000 251249.000 277661.000 282565.000 309902.000
    20: 331228.000
\roi5 -1
