File: C:\MED-PC\Data\2019-09-30_10h51m_Subject 19013.txt


Start Date: 09/30/19
End Date: 09/30/19
Subject: 19013
Experiment: fr8
Group: 0
Box: 1
Start Time: 10:51:16
End Time: 11:53:36
MSN: FR8 8p TTLforROItoAnymaze
B:   8.000
F:   0.000
H: 302.000
L: 1384.000
R:  80.000
U:  40.000
V:  64.000
A:
     0:    0.000    1.000
C:
     0: 6547.000 7041.000 7069.000 7782.000 7805.000
     5: 7849.000 7891.000 7933.000 7972.000 8318.000
    10: 8354.000 8411.000 8428.000 8461.000 8477.000
    15: 8523.000 8547.000 10499.000 10574.000 11307.000
    20: 11324.000 11345.000 11391.000 11403.000 11466.000
    25: 12101.000 12148.000 12164.000 12193.000 12203.000
    30: 12259.000 12314.000 13596.000 13626.000 13660.000
    35: 13689.000 13718.000 13746.000 14550.000 14577.000
    40: 14609.000 14634.000 14642.000 14665.000 14725.000
    45: 15541.000 15564.000 15604.000 15646.000 15694.000
    50: 15746.000 16322.000 16365.000 16375.000 16401.000
    55: 16445.000 16484.000 16518.000 17015.000 17056.000
    60: 17067.000 17133.000 17165.000 17175.000 17202.000
    65: 17270.000 17295.000 18397.000 18417.000 18473.000
    70: 18509.000 18549.000 18587.000 18606.000 18657.000
    75: 20830.000 20868.000 20949.000 20977.000 23023.000
    80: 23045.000 23071.000 23119.000 23169.000 23200.000
    85: 23211.000 24120.000 24162.000 24228.000 24255.000
    90: 25228.000 25266.000 25316.000 25336.000 25366.000
    95: 25374.000 25419.000 26343.000 26372.000 26395.000
   100: 26429.000 26451.000 26493.000 26540.000 26562.000
   105: 28330.000 28345.000 28393.000 28434.000 29205.000
   110: 29237.000 29285.000 29313.000 29329.000 29369.000
   115: 29396.000 29429.000 30889.000 30941.000 31278.000
   120: 31309.000 31329.000 31362.000 31393.000 31422.000
   125: 31451.000 31476.000 31573.000 33043.000 33064.000
   130: 33086.000 33109.000 33129.000 33143.000 33170.000
   135: 33221.000 33314.000 34566.000 34582.000 34616.000
   140: 34648.000 34676.000 34693.000 34751.000 34763.000
   145: 34860.000 35983.000 36013.000 36043.000 36078.000
   150: 36662.000 36683.000 36705.000 36741.000 36785.000
   155: 36831.000 37258.000 37347.000 37369.000 37396.000
   160: 37431.000 37464.000 37482.000 37955.000 37990.000
   165: 38017.000 38041.000 38056.000 38109.000 38158.000
   170: 38174.000 38267.000 39258.000 39309.000 39335.000
   175: 39365.000 39424.000 39455.000 39470.000 39980.000
   180: 40010.000 40029.000 40060.000 40075.000 40111.000
   185: 40157.000 40174.000 40200.000 41179.000 41205.000
   190: 41233.000 41256.000 41299.000 41351.000 42011.000
   195: 42036.000 42052.000 42079.000 42112.000 42138.000
   200: 42178.000 42814.000 42838.000 42861.000 42872.000
   205: 42884.000 42963.000 43406.000 43428.000 43464.000
   210: 43488.000 43586.000 43648.000 45191.000 45202.000
   215: 45265.000 45296.000 45331.000 45393.000 45438.000
   220: 45537.000 46593.000 46607.000 46651.000 46678.000
   225: 46725.000 47333.000 47347.000 47395.000 47422.000
   230: 47456.000 47511.000 47553.000 47578.000 48472.000
   235: 48517.000 48548.000 48587.000 48647.000 49332.000
   240: 49358.000 49388.000 49435.000 49491.000 50028.000
   245: 50052.000 50083.000 50104.000 50127.000 50165.000
   250: 50224.000 50239.000 50278.000 50319.000 51200.000
   255: 51227.000 51240.000 51266.000 51292.000 51318.000
   260: 51355.000 52111.000 52143.000 52178.000 52199.000
   265: 52237.000 52278.000 52293.000 52694.000 52721.000
   270: 52745.000 52804.000 52825.000 52920.000 53494.000
   275: 53521.000 53565.000 53591.000 53621.000 53710.000
   280: 56445.000 56456.000 56527.000 56553.000 58308.000
   285: 58332.000 58359.000 58379.000 58410.000 58429.000
   290: 58479.000 58513.000 58562.000 58599.000 59756.000
   295: 59844.000 59878.000 59921.000 61497.000 61520.000
   300: 61543.000 61573.000 61741.000 61764.000 61858.000
   305: 61892.000 63052.000 63109.000 63129.000 63162.000
   310: 63188.000 63200.000 63239.000 63285.000 63317.000
   315: 64396.000 64427.000 64460.000 64498.000 64526.000
   320: 64582.000 65239.000 65277.000 65301.000 65322.000
   325: 65343.000 65367.000 65401.000 65427.000 65476.000
   330: 65491.000 65701.000 66587.000 66611.000 66641.000
   335: 66680.000 66743.000 66754.000 66768.000 66800.000
   340: 67773.000 67785.000 67937.000 67946.000 67964.000
   345: 68026.000 68056.000 68588.000 68614.000 68635.000
   350: 68677.000 68706.000 68722.000 68762.000 68805.000
   355: 68826.000 69678.000 69699.000 69756.000 69800.000
   360: 69839.000 70010.000 70527.000 70559.000 70580.000
   365: 70628.000 70660.000 70681.000 70729.000 70761.000
   370: 71635.000 71663.000 71702.000 71776.000 71803.000
   375: 72526.000 72567.000 72600.000 72646.000 72680.000
   380: 72808.000 73295.000 73316.000 73357.000 73398.000
   385: 73443.000 73481.000 73516.000 73541.000 74555.000
   390: 74591.000 74616.000 74665.000 74696.000 74707.000
   395: 74750.000 74817.000 74914.000 75919.000 75968.000
   400: 76021.000 76044.000 76073.000 76130.000 76664.000
   405: 76689.000 76705.000 76724.000 76760.000 76782.000
   410: 76795.000 76839.000 76884.000 76901.000 76963.000
   415: 77777.000 77822.000 77854.000 77880.000 77905.000
   420: 77944.000 77966.000 78022.000 78108.000 78881.000
   425: 78905.000 78947.000 78961.000 78997.000 79052.000
   430: 79582.000 79611.000 79634.000 79694.000 79742.000
   435: 79779.000 79834.000 80217.000 80257.000 80278.000
   440: 80321.000 80359.000 80399.000 80412.000 80467.000
   445: 80497.000 80513.000 80540.000 81283.000 81316.000
   450: 81361.000 81434.000 81487.000 81500.000 81511.000
   455: 81560.000 82437.000 82461.000 82496.000 82557.000
   460: 82587.000 84749.000 84779.000 84805.000 84857.000
   465: 84939.000 85001.000 85481.000 85512.000 85562.000
   470: 85597.000 85656.000 85692.000 85710.000 85750.000
   475: 86580.000 86654.000 86677.000 86770.000 86869.000
   480: 86885.000 87408.000 87446.000 87481.000 87501.000
   485: 87543.000 87573.000 87621.000 87921.000 87954.000
   490: 88021.000 88053.000 88098.000 88153.000 88306.000
   495: 88770.000 88791.000 88823.000 88857.000 88928.000
   500: 88988.000 89050.000 89408.000 89459.000 89476.000
   505: 89522.000 89654.000 89700.000 89771.000 90239.000
   510: 90262.000 90290.000 90316.000 90375.000 90387.000
   515: 91434.000 91462.000 91523.000 91551.000 91584.000
   520: 91657.000 91675.000 91744.000 92681.000 92708.000
   525: 92731.000 92758.000 92793.000 92821.000 92859.000
   530: 93009.000 93067.000 93909.000 93929.000 94005.000
   535: 94057.000 94581.000 94612.000 94633.000 94657.000
   540: 94665.000 94692.000 94723.000 94763.000 94775.000
   545: 95677.000 95700.000 95750.000 95841.000 95881.000
   550: 95947.000 95961.000 96638.000 96692.000 96745.000
   555: 96828.000 96866.000 96957.000 97313.000 97340.000
   560: 97365.000 97401.000 97465.000 97513.000 97565.000
   565: 97898.000 97944.000 97991.000 98026.000 98044.000
   570: 98095.000 98136.000 98150.000 98189.000 98249.000
   575: 98304.000 98952.000 99010.000 99022.000 99068.000
   580: 99105.000 99142.000 99168.000 99281.000 100184.000
   585: 100226.000 100253.000 100272.000 100337.000 100386.000
   590: 100430.000 100478.000 100519.000 101351.000 101369.000
   595: 101404.000 101444.000 101479.000 101630.000 101986.000
   600: 102043.000 102055.000 102122.000 102165.000 102185.000
   605: 102232.000 103459.000 103500.000 103532.000 103560.000
   610: 103600.000 103645.000 103720.000 103789.000 103826.000
   615: 104748.000 104770.000 104811.000 104846.000 104857.000
   620: 104910.000 104973.000 105062.000 105847.000 105878.000
   625: 105898.000 105938.000 105987.000 106014.000 106040.000
   630: 106087.000 106100.000 106162.000 106225.000 107094.000
   635: 107109.000 107139.000 107151.000 107178.000 107205.000
   640: 107230.000 107278.000 107405.000 107462.000 108209.000
   645: 108233.000 108256.000 108272.000 108308.000 111131.000
   650: 111155.000 111212.000 111247.000 111286.000 111327.000
   655: 111378.000 111903.000 111933.000 111971.000 112003.000
   660: 112042.000 112095.000 112147.000 112203.000 112253.000
   665: 113420.000 113443.000 113456.000 113510.000 113544.000
   670: 113571.000 113616.000 113717.000 114750.000 114778.000
   675: 114804.000 114832.000 114870.000 114907.000 114969.000
   680: 115781.000 115813.000 115842.000 115870.000 115911.000
   685: 115984.000 116045.000 116087.000 116741.000 116804.000
   690: 116837.000 116865.000 116888.000 116921.000 116972.000
   695: 116997.000 117021.000 117066.000 117854.000 117898.000
   700: 117919.000 117952.000 117991.000 118097.000 118188.000
   705: 118580.000 118670.000 118708.000 118798.000 118867.000
   710: 118915.000 119246.000 119304.000 124310.000 124452.000
   715: 124517.000 124578.000 124897.000 124934.000 124945.000
   720: 125003.000 125055.000 125096.000 125192.000 125539.000
   725: 125569.000 125589.000 125631.000 125657.000 125714.000
   730: 125774.000 125803.000 125834.000 125884.000 126621.000
   735: 126752.000 126818.000 126986.000 127007.000 127086.000
   740: 127114.000 127202.000 128058.000 128077.000 128119.000
   745: 128156.000 128194.000 128263.000 128299.000 128837.000
   750: 128865.000 128897.000 128942.000 128958.000 128996.000
   755: 129097.000 129168.000 130071.000 130111.000 130146.000
   760: 130196.000 130255.000 130304.000 130373.000 130877.000
   765: 130917.000 130953.000 130981.000 131003.000 131084.000
   770: 131176.000 131249.000 131268.000 131987.000 132057.000
   775: 132110.000 132164.000 132220.000 132237.000 132320.000
   780: 132399.000 133248.000 133286.000 133324.000 133359.000
   785: 133402.000 133563.000 133886.000 133932.000 133980.000
   790: 134001.000 134043.000 134094.000 134389.000 134455.000
   795: 134479.000 134562.000 134591.000 134610.000 134982.000
   800: 135054.000 135091.000 135116.000 135155.000 135195.000
   805: 135256.000 135546.000 135569.000 135632.000 135666.000
   810: 135716.000 135826.000 135903.000 137726.000 137749.000
   815: 137776.000 143479.000 143522.000 143577.000 145988.000
   820: 146579.000 149530.000 153279.000 153304.000 153344.000
   825: 153378.000 153428.000 153471.000 154080.000 154104.000
   830: 154129.000 154162.000 154206.000 154286.000 154295.000
   835: 154881.000 154903.000 154929.000 154948.000 155030.000
   840: 155725.000 155792.000 155816.000 155853.000 155953.000
   845: 156363.000 156386.000 156439.000 156535.000 156585.000
   850: 156691.000 156717.000 157112.000 157145.000 157177.000
   855: 157224.000 157275.000 157312.000 157401.000 157429.000
   860: 157459.000 158526.000 158573.000 158597.000 158624.000
   865: 158658.000 158719.000 158759.000 158782.000 158809.000
   870: 159609.000 159633.000 159682.000 159706.000 159751.000
   875: 159791.000 159878.000 161669.000 161706.000 161737.000
   880: 161764.000 161788.000 161837.000 161904.000 161935.000
   885: 162869.000 162899.000 162947.000 163017.000 163066.000
   890: 163637.000 163662.000 163688.000 163731.000 163757.000
   895: 163815.000 163859.000 163873.000 164658.000 164706.000
   900: 164750.000 164781.000 164821.000 164859.000 164897.000
   905: 164912.000 165018.000 165848.000 165877.000 165891.000
   910: 165924.000 165944.000 165992.000 166085.000 166115.000
   915: 166885.000 166940.000 166971.000 167039.000 167066.000
   920: 167108.000 167488.000 167548.000 167600.000 167652.000
   925: 167685.000 167738.000 167841.000 167872.000 168697.000
   930: 168742.000 168782.000 168821.000 168863.000 168921.000
   935: 169315.000 169336.000 169367.000 169409.000 169486.000
   940: 169506.000 169583.000 172608.000 172699.000 172770.000
   945: 173647.000 173731.000 189304.000 196937.000 197566.000
   950: 197593.000 197633.000 197651.000 197706.000 197724.000
   955: 197746.000 197788.000 198540.000 198600.000 198630.000
   960: 198659.000 198688.000 199181.000 199238.000 199776.000
   965: 213252.000 213328.000 213365.000 213392.000 213444.000
   970: 213797.000 213819.000 213851.000 213862.000 213886.000
   975: 213944.000 214000.000 214375.000 214399.000 214429.000
   980: 214454.000 214474.000 214515.000 214558.000 214577.000
   985: 214628.000 214676.000 214699.000 215389.000 215428.000
   990: 215455.000 215470.000 215504.000 215532.000 215567.000
   995: 215585.000 215665.000 216599.000 216650.000 216691.000
  1000: 216710.000 216719.000 216765.000 216809.000 216825.000
  1005: 216870.000 217489.000 217514.000 217534.000 217577.000
  1010: 217602.000 217646.000 217695.000 218115.000 218145.000
  1015: 218177.000 218214.000 218257.000 218309.000 218353.000
  1020: 218835.000 218871.000 218894.000 218922.000 218958.000
  1025: 219008.000 219071.000 219090.000 219827.000 219839.000
  1030: 219864.000 219884.000 219912.000 219957.000 219988.000
  1035: 220053.000 220133.000 220161.000 221752.000 221780.000
  1040: 221818.000 221847.000 221874.000 221911.000 222790.000
  1045: 222840.000 222862.000 222950.000 222961.000 223022.000
  1050: 223094.000 223121.000 223158.000 223825.000 223850.000
  1055: 223877.000 223910.000 223929.000 223971.000 224340.000
  1060: 224387.000 224410.000 224445.000 224471.000 224527.000
  1065: 224572.000 224586.000 224632.000 224649.000 225647.000
  1070: 225695.000 225720.000 225766.000 225803.000 225841.000
  1075: 225882.000 225921.000 226820.000 226868.000 226896.000
  1080: 226932.000 226976.000 227021.000 227119.000 227178.000
  1085: 228098.000 228123.000 228158.000 228215.000 228247.000
  1090: 228296.000 228308.000 228397.000 229242.000 229266.000
  1095: 229309.000 229334.000 229362.000 229401.000 229416.000
  1100: 229472.000 230246.000 230310.000 230347.000 230370.000
  1105: 230447.000 230483.000 230528.000 230883.000 230930.000
  1110: 230992.000 231022.000 231060.000 231140.000 231685.000
  1115: 231710.000 231749.000 231764.000 231804.000 231836.000
  1120: 231859.000 231982.000 232743.000 232759.000 232785.000
  1125: 232810.000 232826.000 232860.000 232894.000 232955.000
  1130: 232991.000 233702.000 233742.000 233758.000 233798.000
  1135: 233824.000 233876.000 233909.000 233915.000 233998.000
  1140: 234024.000 234748.000 234770.000 234806.000 234879.000
  1145: 234938.000 235291.000 235322.000 235353.000 235380.000
  1150: 235420.000 235485.000 235532.000 235601.000 241080.000
  1155: 241135.000 241234.000 243520.000 243546.000 243617.000
  1160: 243694.000 243782.000 244176.000 244215.000 244235.000
  1165: 244259.000 244323.000 244393.000 244448.000 244479.000
  1170: 245349.000 245399.000 245411.000 245526.000 245591.000
  1175: 245687.000 245708.000 246148.000 246185.000 246206.000
  1180: 246229.000 246283.000 246315.000 246359.000 246433.000
  1185: 246489.000 249591.000 249726.000 249772.000 249812.000
  1190: 250123.000 250150.000 250179.000 250206.000 250217.000
  1195: 250252.000 250360.000 250376.000 250985.000 251056.000
  1200: 251106.000 251161.000 251173.000 251301.000 251727.000
  1205: 251777.000 251804.000 251845.000 251926.000 251974.000
  1210: 252163.000 252181.000 256890.000 256940.000 267064.000
  1215: 274359.000 274432.000 274500.000 274560.000 281697.000
  1220: 281765.000 301162.000 301197.000 301294.000 301341.000
  1225: 301364.000 301673.000 301688.000 301733.000 301792.000
  1230: 301810.000 301850.000 302138.000 302171.000 302198.000
  1235: 302230.000 302268.000 302293.000 302388.000 302687.000
  1240: 302781.000 302822.000 302852.000 302878.000 302926.000
  1245: 302966.000 303311.000 303343.000 303385.000 303412.000
  1250: 303531.000 303543.000 303885.000 303912.000 303973.000
  1255: 304011.000 304021.000 304061.000 304104.000 304382.000
  1260: 304409.000 304428.000 304453.000 304476.000 304495.000
  1265: 304525.000 304584.000 304690.000 304830.000 305598.000
  1270: 305625.000 305667.000 305700.000 305864.000 305875.000
  1275: 306237.000 306257.000 306314.000 306334.000 306358.000
  1280: 306474.000 306595.000 306961.000 307006.000 307088.000
  1285: 307186.000 307224.000 307558.000 307577.000 307598.000
  1290: 307650.000 307683.000 307699.000 307725.000 307762.000
  1295: 307822.000 307858.000 308574.000 308595.000 308622.000
  1300: 308648.000 308681.000 308711.000 308804.000 309201.000
  1305: 309225.000 309248.000 309280.000 309294.000 309332.000
  1310: 309361.000 309372.000 309384.000 310236.000 310308.000
  1315: 310342.000 310368.000 310399.000 310436.000 310506.000
  1320: 310580.000 311906.000 311935.000 311960.000 312033.000
  1325: 312046.000 315989.000 316027.000 316070.000 316133.000
  1330: 316163.000 316704.000 316799.000 316908.000 319124.000
  1335: 319233.000 319547.000 319564.000 319713.000 320052.000
  1340: 320085.000 320125.000 320157.000 320204.000 320223.000
  1345: 320257.000 320309.000 320472.000 321015.000 321034.000
  1350: 321067.000 321088.000 321106.000 321161.000 321197.000
  1355: 321716.000 321763.000 321781.000 321835.000 321948.000
  1360: 321958.000 322616.000 322657.000 322705.000 322753.000
  1365: 322791.000 322832.000 322854.000 323003.000 323904.000
  1370: 323943.000 323972.000 323990.000 324029.000 324066.000
  1375: 324108.000 324123.000 324902.000 324955.000 324967.000
  1380: 325053.000 333351.000 333387.000 335234.000
D:
     0: 8547.000 17270.000 18657.000 26562.000 29429.000
     5: 31476.000 33221.000 34763.000 38174.000 40174.000
    10: 45537.000 47578.000 50239.000 58513.000 61892.000
    15: 63285.000 65427.000 66800.000 68805.000 70761.000
    20: 73541.000 74817.000 76839.000 78022.000 80467.000
    25: 81560.000 85750.000 91744.000 93009.000 94763.000
    30: 98150.000 99281.000 100478.000 103789.000 105062.000
    35: 106087.000 107278.000 112203.000 113717.000 116087.000
    40: 116997.000 125803.000 127202.000 129168.000 131249.000
    45: 132399.000 157429.000 158782.000 161935.000 163873.000
    50: 164912.000 166115.000 167872.000 197788.000 214577.000
    55: 215585.000 216825.000 219090.000 220053.000 223121.000
    60: 224586.000 225921.000 227178.000 228397.000 229472.000
    65: 231982.000 232955.000 233915.000 235601.000 244479.000
    70: 246433.000 250376.000 252181.000 304584.000 307762.000
    75: 309372.000 310580.000 320309.000 323003.000 324123.000
E:
     0: 1301.000 2969.000 6140.000 7448.000 8071.000
     5: 8081.000 8615.000 10801.000 11670.000 12386.000
    10: 12393.000 13842.000 13848.000 14811.000 15830.000
    15: 16621.000 17408.000 18783.000 21198.000 22449.000
    20: 23270.000 24360.000 25553.000 26627.000 28000.000
    25: 28566.000 29540.000 31032.000 31688.000 33402.000
    30: 34919.000 36182.000 36917.000 37618.000 38409.000
    35: 39562.000 40253.000 41488.000 42304.000 43071.000
    40: 43716.000 44628.000 45603.000 46815.000 47644.000
    45: 47652.000 48741.000 49630.000 50378.000 50384.000
    50: 51578.000 52377.000 52999.000 53820.000 55565.000
    55: 56680.000 57867.000 58703.000 60574.000 61988.000
    60: 63388.000 63395.000 64681.000 65801.000 66876.000
    65: 68130.000 68882.000 70102.000 70837.000 71965.000
    70: 72872.000 73661.000 74987.000 76201.000 77028.000
    75: 78196.000 79176.000 79914.000 80639.000 80644.000
    80: 81623.000 82742.000 82949.000 82966.000 83901.000
    85: 84391.000 85153.000 85840.000 86956.000 87682.000
    90: 87685.000 88415.000 89169.000 89881.000 91011.000
    95: 91823.000 93153.000 94169.000 94833.000 96164.000
   100: 97051.000 97664.000 98394.000 99350.000 100615.000
   105: 100619.000 101743.000 102887.000 103971.000 105190.000
   110: 106318.000 107527.000 107547.000 110478.000 111499.000
   115: 112497.000 113803.000 115356.000 115358.000 116190.000
   120: 117121.000 118276.000 119033.000 120532.000 121471.000
   125: 121484.000 123967.000 124694.000 125270.000 125284.000
   130: 125972.000 125980.000 127283.000 128512.000 129245.000
   135: 130568.000 131353.000 132456.000 132459.000 133639.000
   140: 134198.000 134805.000 135314.000 135985.000 137252.000
   145: 138006.000 138956.000 143148.000 147036.000 149208.000
   150: 150029.000 152931.000 153716.000 154456.000 155220.000
   155: 156053.000 156825.000 157585.000 158910.000 159968.000
   160: 161276.000 161279.000 162051.000 163227.000 163940.000
   165: 165135.000 166178.000 166187.000 167254.000 167964.000
   170: 169027.000 169705.000 171877.000 173180.000 175636.000
   175: 178298.000 180894.000 183687.000 188030.000 188720.000
   180: 190691.000 194368.000 196556.000 197287.000 197861.000
   185: 198792.000 199324.000 199329.000 201840.000 202956.000
   190: 204269.000 206150.000 209577.000 212799.000 213580.000
   195: 214100.000 214796.000 215979.000 215984.000 216948.000
   200: 217784.000 218508.000 218512.000 218524.000 219146.000
   205: 220365.000 220371.000 221457.000 222005.000 223239.000
   210: 224107.000 224114.000 224913.000 226026.000 227285.000
   215: 228476.000 229588.000 230580.000 231438.000 232050.000
   220: 233091.000 234098.000 235021.000 235733.000 237337.000
   225: 239468.000 240667.000 242637.000 243317.000 243859.000
   230: 243874.000 244871.000 245796.000 245812.000 246603.000
   235: 249058.000 249902.000 250482.000 251402.000 252299.000
   240: 252314.000 255820.000 258810.000 261504.000 264931.000
   245: 267832.000 272163.000 272658.000 272862.000 277313.000
   250: 280559.000 280563.000 283167.000 286720.000 290894.000
   255: 293921.000 300726.000 301464.000 301939.000 302453.000
   260: 303030.000 303633.000 304174.000 304982.000 305987.000
   265: 306680.000 307356.000 307928.000 308871.000 309573.000
   270: 310680.000 311581.000 312114.000 313875.000 314897.000
   275: 315696.000 316372.000 318369.000 318814.000 319806.000
   280: 320517.000 321369.000 322247.000 323130.000 324232.000
   285: 325319.000 326194.000 326934.000 328561.000 332883.000
   290: 335333.000 335337.000 336500.000 338589.000 342544.000
   295: 346922.000 352804.000 355495.000 355511.000 356743.000
   300: 357209.000 359704.000
O:
     0: 10447.000 18381.000 20781.000 29128.000 30827.000
     5: 33011.000 34536.000 36628.000 39958.000 41470.000
    10: 47291.000 49250.000 51167.000 59745.000 63034.000
    15: 65223.000 66538.000 67679.000 70513.000 72493.000
    20: 74522.000 75901.000 77748.000 78832.000 81232.000
    25: 82386.000 86557.000 92651.000 93854.000 97864.000
    30: 98934.000 100137.000 101285.000 104678.000 105819.000
    35: 107043.000 108169.000 113361.000 115755.000 116720.000
    40: 117819.000 126585.000 127998.000 129993.000 131980.000
    45: 133218.000 158407.000 160330.000 162814.000 164634.000
    50: 165802.000 166851.000 168635.000 198511.000 215338.000
    55: 216549.000 217466.000 219760.000 220949.000 223776.000
    60: 225624.000 226786.000 228016.000 229227.000 230213.000
    65: 232683.000 233663.000 234664.000 236126.000 245306.000
    70: 247125.000 250945.000 252876.000 305547.000 308472.000
    75: 310158.000 311222.000 321648.000 323760.000 324817.000
Q:
     0: 20781.000 29128.000 33011.000 34536.000 41470.000
     5: 49250.000 63034.000 65223.000 67679.000 72493.000
    10: 77748.000 81232.000 86557.000 92651.000 97864.000
    15: 98934.000 104678.000 105819.000 113361.000 117819.000
    20: 126585.000 129993.000 158407.000 160330.000 164634.000
    25: 165802.000 198511.000 215338.000 219760.000 220949.000
    30: 226786.000 229228.000 230213.000 233663.000 234664.000
    35: 247125.000 252876.000 310159.000 323760.000 324817.000
\roi5-2
