File: C:\MED-PC\Data\2019-09-27_13h52m_Subject 19010.txt


Start Date: 09/27/19
End Date: 09/27/19
Subject: 19010
Experiment: fr8
Group: 1
Box: 1
Start Time: 13:52:31
End Time: 14:53:22
MSN: FR8 8p TTLforROItoAnymaze
B:   8.000
F:   0.000
H: 307.000
L: 1323.000
R:  90.000
U:  42.000
V: 146.000
A:
     0:    0.000    1.000
C:
     0: 6273.000 6299.000 6326.000 6358.000 6372.000
     5: 6400.000 6413.000 6451.000 6470.000 6494.000
    10: 6530.000 7847.000 7873.000 7904.000 7927.000
    15: 7945.000 7964.000 7983.000 8014.000 9566.000
    20: 9597.000 9606.000 9647.000 10793.000 10842.000
    25: 10889.000 10907.000 12860.000 12897.000 12922.000
    30: 12950.000 12976.000 12994.000 13008.000 13755.000
    35: 13793.000 13840.000 13886.000 13949.000 13967.000
    40: 13985.000 14024.000 15765.000 16261.000 16412.000
    45: 16470.000 16506.000 16570.000 17773.000 17843.000
    50: 17923.000 18785.000 18827.000 18840.000 18881.000
    55: 18928.000 18943.000 18955.000 18977.000 19006.000
    60: 19022.000 19044.000 19146.000 21024.000 21062.000
    65: 21100.000 21171.000 21204.000 21233.000 21245.000
    70: 21306.000 21331.000 23076.000 23108.000 23145.000
    75: 23192.000 23273.000 23306.000 23332.000 24281.000
    80: 24319.000 24356.000 24392.000 24411.000 24456.000
    85: 24493.000 24520.000 24529.000 24553.000 24618.000
    90: 26547.000 26736.000 26773.000 26847.000 26909.000
    95: 28051.000 28108.000 28193.000 28234.000 28290.000
   100: 28312.000 28389.000 28443.000 30397.000 30988.000
   105: 31023.000 31057.000 32209.000 32320.000 32350.000
   110: 32383.000 32404.000 32441.000 32466.000 33322.000
   115: 33367.000 33383.000 33408.000 33512.000 33527.000
   120: 33568.000 33590.000 33628.000 33658.000 33715.000
   125: 33773.000 33794.000 35357.000 35399.000 35448.000
   130: 35497.000 35529.000 35541.000 35551.000 35596.000
   135: 37654.000 37829.000 37931.000 37965.000 38079.000
   140: 38128.000 38141.000 39106.000 39133.000 39150.000
   145: 39175.000 39226.000 39242.000 39254.000 39306.000
   150: 39332.000 39383.000 39419.000 41439.000 41460.000
   155: 41512.000 41597.000 41634.000 41661.000 42575.000
   160: 42607.000 42671.000 42718.000 42736.000 42752.000
   165: 42768.000 42891.000 42935.000 44762.000 44795.000
   170: 44823.000 44837.000 44942.000 44953.000 44995.000
   175: 45023.000 47084.000 47435.000 47491.000 47548.000
   180: 47563.000 47603.000 47650.000 47662.000 49776.000
   185: 49803.000 49858.000 49920.000 50029.000 50047.000
   190: 50218.000 50238.000 50266.000 50298.000 52282.000
   195: 52309.000 52339.000 52361.000 52388.000 52407.000
   200: 52447.000 53314.000 53348.000 53378.000 53404.000
   205: 53472.000 53535.000 53613.000 54517.000 54543.000
   210: 54601.000 54615.000 54666.000 54678.000 54689.000
   215: 54698.000 54725.000 54770.000 54810.000 54861.000
   220: 54926.000 54968.000 57200.000 57243.000 57268.000
   225: 57289.000 57300.000 57318.000 57331.000 57350.000
   230: 59564.000 59685.000 59714.000 60075.000 60147.000
   235: 60951.000 61003.000 61032.000 61051.000 61085.000
   240: 61144.000 61184.000 61201.000 61232.000 61294.000
   245: 63066.000 63222.000 63384.000 63436.000 63483.000
   250: 63539.000 64756.000 64787.000 64823.000 64870.000
   255: 64898.000 64926.000 64940.000 64964.000 65029.000
   260: 66963.000 67010.000 67042.000 67056.000 67081.000
   265: 67093.000 67115.000 67878.000 67942.000 67997.000
   270: 68047.000 68103.000 68137.000 68260.000 69065.000
   275: 69110.000 69168.000 69203.000 69214.000 69259.000
   280: 69290.000 69302.000 69343.000 69370.000 69424.000
   285: 69445.000 69457.000 69510.000 69581.000 71385.000
   290: 71402.000 71613.000 71786.000 71810.000 71828.000
   295: 71854.000 71923.000 73687.000 74000.000 74111.000
   300: 74143.000 74213.000 74237.000 74253.000 75355.000
   305: 75394.000 75419.000 75479.000 75512.000 75530.000
   310: 75584.000 75598.000 77110.000 77139.000 77151.000
   315: 77173.000 77218.000 77263.000 77320.000 77359.000
   320: 77381.000 79812.000 79881.000 79920.000 79938.000
   325: 80089.000 80114.000 80147.000 80173.000 82088.000
   330: 82130.000 82167.000 82197.000 82225.000 82249.000
   335: 82268.000 82294.000 82318.000 82358.000 83828.000
   340: 84085.000 84164.000 84222.000 84252.000 84303.000
   345: 84311.000 85330.000 85361.000 85388.000 85404.000
   350: 85430.000 85447.000 85469.000 85514.000 85539.000
   355: 85552.000 85599.000 87930.000 88031.000 88063.000
   360: 88275.000 89469.000 89510.000 89614.000 90331.000
   365: 90354.000 90394.000 90435.000 90451.000 90487.000
   370: 90540.000 91264.000 91282.000 91361.000 91435.000
   375: 91448.000 91460.000 91493.000 91541.000 91567.000
   380: 93938.000 93962.000 94670.000 94688.000 94720.000
   385: 94733.000 94758.000 94793.000 94806.000 94886.000
   390: 94927.000 96454.000 96813.000 96829.000 96868.000
   395: 96887.000 96898.000 98021.000 98049.000 98085.000
   400: 98130.000 98149.000 98170.000 98203.000 98227.000
   405: 99893.000 99916.000 99945.000 99994.000 100027.000
   410: 100066.000 100097.000 100123.000 100144.000 100156.000
   415: 102025.000 102077.000 102093.000 102115.000 102147.000
   420: 102165.000 102199.000 102232.000 102261.000 105866.000
   425: 105892.000 105968.000 105993.000 106007.000 106020.000
   430: 106032.000 108550.000 108566.000 108624.000 108644.000
   435: 108653.000 108689.000 108708.000 108740.000 108776.000
   440: 110376.000 110409.000 110429.000 110523.000 111287.000
   445: 111321.000 111341.000 111379.000 111393.000 111405.000
   450: 111426.000 111468.000 111523.000 111577.000 111590.000
   455: 111607.000 113030.000 113125.000 113158.000 113546.000
   460: 113592.000 113620.000 114514.000 114552.000 114588.000
   465: 114621.000 114662.000 114707.000 114735.000 114786.000
   470: 114814.000 116648.000 116756.000 117023.000 118153.000
   475: 118180.000 118270.000 118312.000 118331.000 118338.000
   480: 118372.000 118390.000 118424.000 120149.000 120174.000
   485: 120196.000 120255.000 120311.000 120335.000 120355.000
   490: 120383.000 124586.000 124611.000 124653.000 124725.000
   495: 124735.000 125422.000 125465.000 125496.000 125506.000
   500: 125518.000 125557.000 125576.000 125637.000 125665.000
   505: 127410.000 127499.000 127878.000 128974.000 130112.000
   510: 130154.000 130163.000 130222.000 130271.000 130286.000
   515: 130860.000 130901.000 130945.000 131034.000 131074.000
   520: 131096.000 131123.000 131128.000 133128.000 133153.000
   525: 133249.000 133484.000 133507.000 133555.000 133620.000
   530: 133659.000 133682.000 136064.000 136088.000 136106.000
   535: 136118.000 136197.000 136240.000 136262.000 136280.000
   540: 138085.000 138128.000 138178.000 138216.000 138263.000
   545: 138290.000 139161.000 139174.000 139209.000 139260.000
   550: 139288.000 139347.000 139362.000 139376.000 140819.000
   555: 141233.000 141286.000 141302.000 141342.000 141366.000
   560: 141393.000 142586.000 142617.000 142658.000 142685.000
   565: 142726.000 142753.000 142764.000 142810.000 144688.000
   570: 144752.000 144814.000 144837.000 144850.000 144904.000
   575: 145697.000 145724.000 145748.000 145869.000 145930.000
   580: 146629.000 146681.000 146708.000 146750.000 146879.000
   585: 146926.000 146946.000 147059.000 147082.000 147110.000
   590: 147137.000 149438.000 150712.000 150779.000 150798.000
   595: 150814.000 150843.000 150907.000 150933.000 150945.000
   600: 152887.000 152922.000 153010.000 153033.000 153073.000
   605: 153107.000 154017.000 154060.000 154070.000 154126.000
   610: 154163.000 155397.000 155431.000 155447.000 155488.000
   615: 155525.000 155553.000 157179.000 157203.000 157238.000
   620: 157287.000 157303.000 157314.000 157368.000 157936.000
   625: 157961.000 157974.000 158012.000 158032.000 158071.000
   630: 158084.000 158105.000 158129.000 158140.000 158161.000
   635: 158211.000 158248.000 159996.000 160060.000 160081.000
   640: 160104.000 160126.000 160139.000 160152.000 160173.000
   645: 160191.000 160241.000 163205.000 163221.000 163269.000
   650: 163348.000 164701.000 164725.000 164752.000 164762.000
   655: 164836.000 164853.000 164894.000 164905.000 164946.000
   660: 164978.000 164994.000 165015.000 167557.000 167657.000
   665: 167862.000 168044.000 168101.000 168148.000 169096.000
   670: 169144.000 169180.000 169266.000 169275.000 169293.000
   675: 169308.000 169323.000 171051.000 171080.000 171148.000
   680: 171160.000 171225.000 171241.000 171250.000 171312.000
   685: 171338.000 173303.000 173332.000 173374.000 173397.000
   690: 173428.000 173480.000 173493.000 173510.000 175486.000
   695: 175549.000 175992.000 176071.000 176123.000 176145.000
   700: 177332.000 177359.000 177371.000 177399.000 177430.000
   705: 177498.000 177516.000 178253.000 178281.000 178308.000
   710: 178333.000 178374.000 178392.000 178441.000 178464.000
   715: 178480.000 178492.000 180740.000 180808.000 180837.000
   720: 180909.000 182095.000 182117.000 182130.000 182164.000
   725: 182181.000 182195.000 182211.000 182232.000 182262.000
   730: 182290.000 182309.000 183808.000 183827.000 183878.000
   735: 183923.000 183987.000 184013.000 184030.000 184082.000
   740: 185737.000 185752.000 185790.000 185817.000 185830.000
   745: 185867.000 185885.000 185911.000 187610.000 187661.000
   750: 187749.000 187862.000 188027.000 188160.000 188197.000
   755: 188218.000 188248.000 188366.000 190009.000 190311.000
   760: 190449.000 190482.000 190495.000 190507.000 190522.000
   765: 190557.000 192743.000 192762.000 192785.000 192813.000
   770: 192827.000 192856.000 192897.000 192914.000 192934.000
   775: 195293.000 195340.000 195386.000 195431.000 196129.000
   780: 196153.000 196178.000 196206.000 196245.000 196301.000
   785: 196336.000 196351.000 198439.000 198476.000 198529.000
   790: 198541.000 199642.000 199676.000 199693.000 199733.000
   795: 199776.000 199793.000 199810.000 199823.000 199855.000
   800: 201467.000 201477.000 201510.000 201521.000 201621.000
   805: 201661.000 201702.000 202293.000 202324.000 202360.000
   810: 202411.000 202426.000 202436.000 202449.000 202487.000
   815: 202500.000 202573.000 204039.000 204094.000 204165.000
   820: 204178.000 204260.000 204275.000 204338.000 206985.000
   825: 207020.000 207050.000 208767.000 208809.000 208847.000
   830: 208872.000 208921.000 208934.000 208981.000 209558.000
   835: 209575.000 209597.000 209622.000 209649.000 209690.000
   840: 209714.000 209754.000 209775.000 209796.000 209884.000
   845: 209911.000 211661.000 211685.000 211825.000 212062.000
   850: 212109.000 212166.000 212220.000 213154.000 213208.000
   855: 213235.000 213298.000 213390.000 214133.000 214153.000
   860: 214179.000 214244.000 214276.000 214287.000 214297.000
   865: 214342.000 214361.000 217197.000 217229.000 217257.000
   870: 217282.000 217299.000 217339.000 217353.000 217984.000
   875: 218021.000 218095.000 218134.000 218165.000 218192.000
   880: 220832.000 220850.000 220874.000 220904.000 220913.000
   885: 220954.000 220974.000 221105.000 222583.000 222688.000
   890: 222701.000 222745.000 222778.000 223496.000 223523.000
   895: 223540.000 223607.000 223701.000 223729.000 225731.000
   900: 225758.000 225871.000 225904.000 225918.000 225983.000
   905: 226564.000 226606.000 226619.000 226658.000 226672.000
   910: 226713.000 226780.000 226814.000 228178.000 228244.000
   915: 228750.000 228810.000 228822.000 228841.000 228864.000
   920: 228906.000 230535.000 230569.000 230597.000 230637.000
   925: 230653.000 230745.000 230769.000 230785.000 230802.000
   930: 230832.000 232718.000 232752.000 233180.000 233341.000
   935: 233365.000 233381.000 233408.000 233426.000 233443.000
   940: 233498.000 233591.000 233710.000 233774.000 235285.000
   945: 235321.000 235454.000 235625.000 235884.000 235927.000
   950: 235946.000 236263.000 236418.000 236483.000 236510.000
   955: 236529.000 240168.000 240282.000 240332.000 240435.000
   960: 240481.000 240497.000 240519.000 240582.000 245074.000
   965: 245117.000 245201.000 245266.000 245725.000 245745.000
   970: 245782.000 245801.000 245817.000 245829.000 245919.000
   975: 245928.000 247334.000 247459.000 247486.000 247847.000
   980: 247913.000 247983.000 247997.000 248025.000 248040.000
   985: 248063.000 249775.000 249919.000 250036.000 250080.000
   990: 250090.000 250122.000 251245.000 251286.000 251315.000
   995: 251354.000 252308.000 252321.000 252350.000 252373.000
  1000: 252385.000 252455.000 252512.000 253038.000 253065.000
  1005: 253078.000 253135.000 253172.000 253201.000 253522.000
  1010: 253544.000 253659.000 253722.000 255309.000 255362.000
  1015: 255377.000 255429.000 255469.000 255508.000 255529.000
  1020: 255544.000 255577.000 255598.000 257156.000 257547.000
  1025: 257599.000 257628.000 257652.000 257712.000 258602.000
  1030: 258629.000 258677.000 258731.000 258778.000 258820.000
  1035: 258863.000 258929.000 260429.000 260542.000 260599.000
  1040: 260633.000 260707.000 260737.000 262225.000 262320.000
  1045: 262409.000 262422.000 262457.000 262548.000 262858.000
  1050: 262887.000 262902.000 262935.000 263014.000 263190.000
  1055: 263308.000 263337.000 263423.000 270241.000 270362.000
  1060: 270377.000 270436.000 270466.000 270490.000 270504.000
  1065: 270951.000 270984.000 271021.000 271030.000 271067.000
  1070: 271111.000 271173.000 271190.000 271206.000 272585.000
  1075: 272728.000 272841.000 273107.000 273141.000 273161.000
  1080: 273176.000 275158.000 275233.000 275299.000 275321.000
  1085: 275344.000 275386.000 275934.000 275975.000 275987.000
  1090: 276105.000 276119.000 276566.000 276587.000 276607.000
  1095: 276649.000 276687.000 276710.000 276724.000 276754.000
  1100: 276780.000 276793.000 276848.000 276872.000 278292.000
  1105: 278310.000 278383.000 278415.000 278468.000 278492.000
  1110: 278532.000 278588.000 278601.000 278639.000 278650.000
  1115: 285104.000 285134.000 285167.000 285176.000 285282.000
  1120: 285411.000 285910.000 285920.000 285934.000 285953.000
  1125: 285976.000 286106.000 286153.000 286182.000 286202.000
  1130: 290588.000 290611.000 290652.000 290665.000 290708.000
  1135: 290719.000 290752.000 290794.000 292306.000 292400.000
  1140: 292447.000 292469.000 292478.000 293999.000 294058.000
  1145: 294079.000 294085.000 294200.000 294223.000 294234.000
  1150: 294267.000 294292.000 296298.000 296350.000 296378.000
  1155: 296388.000 296412.000 296457.000 296470.000 296491.000
  1160: 296542.000 296561.000 296592.000 296603.000 298703.000
  1165: 298939.000 299198.000 299254.000 299302.000 300453.000
  1170: 303300.000 303376.000 303424.000 303441.000 303490.000
  1175: 303505.000 303534.000 303576.000 303625.000 312793.000
  1180: 312837.000 312898.000 312914.000 313038.000 313072.000
  1185: 315436.000 315472.000 315505.000 315549.000 315572.000
  1190: 315591.000 315626.000 315637.000 315667.000 323418.000
  1195: 323449.000 323473.000 323488.000 323552.000 323660.000
  1200: 324441.000 324464.000 324499.000 324519.000 324540.000
  1205: 324664.000 324965.000 324993.000 325094.000 325138.000
  1210: 325276.000 325846.000 325881.000 325896.000 325911.000
  1215: 325969.000 325979.000 326010.000 326023.000 326033.000
  1220: 331480.000 331552.000 331584.000 331621.000 331641.000
  1225: 331664.000 331691.000 332102.000 332125.000 332163.000
  1230: 332203.000 332235.000 332250.000 332270.000 337780.000
  1235: 337822.000 337868.000 337890.000 337944.000 337970.000
  1240: 337978.000 338021.000 341973.000 342038.000 342072.000
  1245: 342144.000 342159.000 342211.000 342239.000 342906.000
  1250: 342921.000 342935.000 342960.000 343065.000 343080.000
  1255: 343129.000 343758.000 343811.000 343866.000 343888.000
  1260: 343930.000 344241.000 344287.000 344319.000 344358.000
  1265: 344459.000 344554.000 344576.000 344590.000 344608.000
  1270: 344628.000 346376.000 346923.000 347066.000 347090.000
  1275: 347156.000 347225.000 347243.000 348232.000 348250.000
  1280: 348293.000 348322.000 348360.000 348384.000 348402.000
  1285: 348938.000 348963.000 349003.000 349016.000 349124.000
  1290: 349145.000 349439.000 349523.000 349533.000 349550.000
  1295: 349636.000 349670.000 349682.000 349728.000 351445.000
  1300: 351568.000 351620.000 351654.000 351687.000 351697.000
  1305: 351725.000 351796.000 357760.000 357786.000 357853.000
  1310: 357893.000 357907.000 357937.000 358076.000 358117.000
  1315: 358158.000 359826.000 359859.000 359900.000 359912.000
  1320: 359949.000 359969.000 359989.000
D:
     0: 6451.000 8014.000 14024.000 18977.000 21306.000
     5: 24520.000 28443.000 33590.000 35596.000 39306.000
    10: 42891.000 45023.000 47662.000 50238.000 54698.000
    15: 57350.000 61201.000 64964.000 69302.000 71923.000
    20: 75598.000 77359.000 80173.000 82294.000 85514.000
    25: 91541.000 94793.000 98227.000 100123.000 102232.000
    30: 108740.000 111468.000 114786.000 118390.000 120383.000
    35: 125637.000 131128.000 133659.000 136280.000 139376.000
    40: 142810.000 147059.000 150945.000 158105.000 160173.000
    45: 164905.000 169323.000 171312.000 173510.000 178464.000
    50: 182232.000 184082.000 185911.000 188218.000 190557.000
    55: 192914.000 196351.000 199823.000 202487.000 209754.000
    60: 214342.000 221105.000 226814.000 228906.000 230785.000
    65: 233426.000 236263.000 240582.000 245928.000 248025.000
    70: 253544.000 255544.000 258929.000 263337.000 271190.000
    75: 276754.000 278588.000 286182.000 290794.000 294267.000
    80: 296491.000 303576.000 315637.000 326023.000 332102.000
    85: 338021.000 344319.000 349523.000 351796.000 358117.000
E:
     0: 4033.000 6807.000 8280.000 9782.000 9795.000
     5: 9909.000 11005.000 11119.000 12185.000 13083.000
    10: 13105.000 13195.000 14099.000 14292.000 16740.000
    15: 16872.000 18221.000 19384.000 21595.000 23436.000
    20: 23593.000 24730.000 24867.000 27161.000 28852.000
    25: 29951.000 29954.000 31423.000 32588.000 32734.000
    30: 34002.000 35895.000 37274.000 38416.000 39550.000
    35: 40430.000 41819.000 41895.000 43118.000 45171.000
    40: 45177.000 45180.000 45277.000 47927.000 50536.000
    45: 52011.000 52536.000 52564.000 52759.000 53709.000
    50: 53732.000 53766.000 53947.000 55847.000 56921.000
    55: 57525.000 57537.000 58198.000 60424.000 61378.000
    60: 61478.000 63623.000 63719.000 63866.000 63869.000
    65: 65168.000 65865.000 67260.000 67349.000 68425.000
    70: 68523.000 68911.000 69694.000 70264.000 72065.000
    75: 72167.000 74410.000 74545.000 75901.000 77452.000
    80: 77468.000 77501.000 78399.000 80339.000 80925.000
    85: 81142.000 82646.000 84589.000 85690.000 86630.000
    90: 86888.000 88618.000 89685.000 89710.000 89845.000
    95: 90725.000 90813.000 91818.000 93463.000 95190.000
   100: 97226.000 98306.000 98308.000 98446.000 99054.000
   105: 100382.000 102558.000 105268.000 106224.000 108139.000
   110: 108874.000 109034.000 110800.000 111884.000 113867.000
   115: 114935.000 115187.000 117375.000 118548.000 118703.000
   120: 120492.000 120697.000 122481.000 124158.000 124835.000
   125: 124871.000 124932.000 125980.000 129303.000 130374.000
   130: 130414.000 130521.000 131246.000 131269.000 131921.000
   135: 133964.000 136406.000 136539.000 138421.000 138579.000
   140: 139619.000 141577.000 142071.000 143150.000 145049.000
   145: 145119.000 146090.000 146165.000 147268.000 147599.000
   150: 147758.000 147900.000 149927.000 151218.000 153384.000
   155: 154384.000 154452.000 156678.000 157509.000 157516.000
   160: 157545.000 157591.000 158412.000 158911.000 160379.000
   165: 161163.000 162282.000 163456.000 163577.000 164498.000
   170: 165186.000 165852.000 167138.000 168412.000 169670.000
   175: 171604.000 173810.000 175135.000 176381.000 177821.000
   180: 178729.000 181219.000 182411.000 182440.000 182847.000
   185: 184369.000 186190.000 188752.000 191665.000 193201.000
   190: 194688.000 195669.000 196614.000 198808.000 200165.000
   195: 201204.000 201950.000 202853.000 204631.000 206853.000
   200: 207319.000 209192.000 210031.000 210646.000 212515.000
   205: 213684.000 214621.000 216529.000 217580.000 218302.000
   210: 218384.000 221325.000 223029.000 225396.000 226193.000
   215: 227093.000 229143.000 230993.000 231464.000 234001.000
   220: 236775.000 237387.000 238324.000 239765.000 240739.000
   225: 241242.000 243675.000 245418.000 246157.000 248313.000
   230: 250449.000 251600.000 252119.000 252709.000 253903.000
   235: 254493.000 255680.000 255694.000 255744.000 255835.000
   240: 257939.000 259219.000 261008.000 262720.000 263621.000
   245: 264261.000 266321.000 268293.000 269848.000 270668.000
   250: 271495.000 274381.000 275597.000 276348.000 277046.000
   255: 278949.000 282002.000 283463.000 284773.000 285588.000
   260: 286496.000 289926.000 291065.000 292784.000 294532.000
   265: 296730.000 297292.000 299484.000 299579.000 302777.000
   270: 303884.000 306241.000 308467.000 309927.000 312670.000
   275: 313211.000 313450.000 315068.000 315911.000 318187.000
   280: 321054.000 323875.000 324811.000 325360.000 325395.000
   285: 325495.000 326396.000 327332.000 330745.000 332492.000
   290: 335080.000 338234.000 339499.000 341622.000 342449.000
   295: 343402.000 344751.000 345391.000 347469.000 348627.000
   300: 349860.000 350573.000 351941.000 352050.000 356237.000
   305: 357450.000 358371.000
O:
     0: 7838.000 9496.000 15737.000 21006.000 23049.000
     5: 26169.000 30347.000 35329.000 37505.000 41401.000
    10: 44717.000 46901.000 49629.000 52512.000 57136.000
    15: 59503.000 62839.000 66939.000 71208.000 73517.000
    20: 77058.000 79534.000 82045.000 83634.000 87734.000
    25: 92750.000 96255.000 99838.000 101972.000 103953.000
    30: 111257.000 112958.000 116399.000 120079.000 122109.000
    35: 127314.000 133045.000 136011.000 138034.000 140635.000
    40: 144632.000 148773.000 152824.000 159961.000 162543.000
    45: 167454.000 171003.000 173206.000 175319.000 180188.000
    50: 183764.000 185695.000 187508.000 189837.000 192698.000
    55: 195218.000 197931.000 201424.000 203999.000 211491.000
    60: 215913.000 222512.000 228096.000 230481.000 232616.000
    65: 235246.000 237772.000 241803.000 247231.000 249428.000
    70: 255271.000 256935.000 260372.000 265080.000 272496.000
    75: 278178.000 280403.000 288043.000 292221.000 296237.000
    80: 298601.000 304779.000 317465.000 327561.000 333949.000
    85: 339805.000 346250.000 351384.000 353427.000 359725.000
Q:
     0: 15737.000 26169.000 30347.000 37505.000 46901.000
     5: 49629.000 59503.000 62839.000 71208.000 73517.000
    10: 79534.000 83634.000 87734.000 96255.000 103953.000
    15: 112958.000 116399.000 127314.000 133045.000 140635.000
    20: 148773.000 162544.000 167454.000 175319.000 180188.000
    25: 187508.000 189837.000 197932.000 211491.000 228096.000
    30: 232616.000 235246.000 247231.000 249428.000 256935.000
    35: 272496.000 280403.000 288043.000 298601.000 327561.000
    40: 346250.000 353427.000
\ROI5 - 2
