File: C:\MED-PC\Data\2019-09-23_10h40m_Subject 19009.txt


Start Date: 09/23/19
End Date: 09/23/19
Subject: 19009
Experiment: fr8
Group: 1
Box: 1
Start Time: 10:40:21
End Time: 11:45:35
MSN: FR8 8p TTLforROItoAnymaze
B:   8.000
F:   0.000
H: 398.000
L: 1712.000
R: 105.000
U:  45.000
V: 161.000
A:
     0:    0.000    1.000
C:
     0: 7572.000 7629.000 7653.000 8300.000 8313.000
     5: 8331.000 8340.000 8364.000 8394.000 8421.000
    10: 8809.000 8828.000 8857.000 8904.000 8915.000
    15: 8947.000 8973.000 9002.000 9026.000 9049.000
    20: 9074.000 9096.000 9966.000 10102.000 10138.000
    25: 10168.000 10190.000 10326.000 10459.000 11330.000
    30: 11357.000 11381.000 11470.000 11491.000 11531.000
    35: 11550.000 11570.000 12224.000 12237.000 12262.000
    40: 12326.000 12350.000 12387.000 12408.000 12425.000
    45: 13711.000 13729.000 13845.000 14105.000 15027.000
    50: 15046.000 15134.000 15192.000 15212.000 15258.000
    55: 15298.000 15848.000 15871.000 15920.000 15935.000
    60: 15991.000 16011.000 16033.000 16489.000 16510.000
    65: 16554.000 16562.000 16622.000 16654.000 16673.000
    70: 16690.000 16746.000 17415.000 17429.000 17588.000
    75: 17666.000 18034.000 18111.000 18139.000 18173.000
    80: 18199.000 19748.000 19777.000 19799.000 19854.000
    85: 19867.000 20437.000 20459.000 20481.000 20579.000
    90: 20621.000 20665.000 21097.000 21111.000 21140.000
    95: 21218.000 21250.000 21276.000 22633.000 22707.000
   100: 23384.000 23408.000 23434.000 23455.000 23476.000
   105: 23506.000 23533.000 23549.000 23624.000 24651.000
   110: 24749.000 25017.000 25076.000 25141.000 26415.000
   115: 26432.000 26453.000 26538.000 26595.000 26617.000
   120: 27157.000 27173.000 27192.000 27264.000 27310.000
   125: 28022.000 28046.000 28497.000 28511.000 28600.000
   130: 28643.000 28710.000 29227.000 29258.000 29318.000
   135: 29367.000 29387.000 29768.000 29784.000 29832.000
   140: 29870.000 29933.000 29955.000 30054.000 30081.000
   145: 31347.000 31364.000 31500.000 31524.000 31561.000
   150: 32357.000 32387.000 32468.000 32540.000 32668.000
   155: 33230.000 33246.000 33275.000 33357.000 33423.000
   160: 33502.000 33520.000 33537.000 34368.000 34439.000
   165: 34454.000 34476.000 34496.000 34525.000 34562.000
   170: 34607.000 34651.000 35629.000 35645.000 35668.000
   175: 35690.000 35715.000 35785.000 35828.000 35850.000
   180: 35903.000 39478.000 39550.000 39577.000 39603.000
   185: 39617.000 40324.000 40344.000 40370.000 40465.000
   190: 40516.000 40537.000 40562.000 40964.000 40985.000
   195: 41009.000 41057.000 41122.000 41139.000 41198.000
   200: 41216.000 41269.000 41298.000 41329.000 42181.000
   205: 42193.000 42321.000 42360.000 42367.000 42399.000
   210: 42477.000 44931.000 44996.000 45014.000 45035.000
   215: 45079.000 45093.000 45112.000 45119.000 45137.000
   220: 45179.000 45997.000 46015.000 46056.000 46091.000
   225: 46106.000 46128.000 46179.000 46830.000 46843.000
   230: 46871.000 46900.000 46947.000 46971.000 47430.000
   235: 47456.000 47477.000 47507.000 47553.000 47587.000
   240: 47604.000 47626.000 48417.000 48439.000 48492.000
   245: 48513.000 48587.000 48600.000 48616.000 48641.000
   250: 49706.000 49759.000 49775.000 49793.000 49860.000
   255: 51128.000 51142.000 51200.000 51211.000 51219.000
   260: 51246.000 51266.000 51297.000 52157.000 52182.000
   265: 52207.000 52252.000 52289.000 52825.000 52840.000
   270: 52861.000 52885.000 52956.000 53405.000 53424.000
   275: 53457.000 53486.000 53513.000 53557.000 53580.000
   280: 54005.000 54019.000 54043.000 54061.000 54084.000
   285: 54141.000 54163.000 54232.000 55086.000 55237.000
   290: 55243.000 56204.000 56218.000 56235.000 56257.000
   295: 56307.000 56328.000 56355.000 56377.000 57073.000
   300: 57098.000 57117.000 57184.000 57212.000 57876.000
   305: 58717.000 60273.000 60305.000 60326.000 60348.000
   310: 60413.000 60433.000 60824.000 60845.000 60866.000
   315: 60887.000 60931.000 60945.000 60984.000 61016.000
   320: 61063.000 61086.000 61101.000 61683.000 61715.000
   325: 61733.000 61794.000 61862.000 61873.000 61886.000
   330: 61946.000 62686.000 62708.000 62726.000 62748.000
   335: 62809.000 62823.000 63545.000 63554.000 63570.000
   340: 63591.000 63615.000 63652.000 63668.000 63726.000
   345: 63767.000 65787.000 65811.000 65827.000 65875.000
   350: 65892.000 65915.000 65932.000 65963.000 65982.000
   355: 66003.000 66034.000 66721.000 66744.000 66759.000
   360: 66783.000 66854.000 67697.000 67715.000 71814.000
   365: 71834.000 71862.000 71884.000 71917.000 71944.000
   370: 71994.000 72035.000 72613.000 72650.000 72671.000
   375: 72721.000 72737.000 72756.000 72827.000 73406.000
   380: 73423.000 73449.000 73471.000 73506.000 73547.000
   385: 73969.000 73984.000 74043.000 74056.000 74078.000
   390: 74115.000 74144.000 74544.000 74568.000 74707.000
   395: 74725.000 74745.000 74765.000 74787.000 74805.000
   400: 77723.000 77738.000 77756.000 77779.000 77805.000
   405: 77836.000 77851.000 77856.000 77873.000 79577.000
   410: 79594.000 79616.000 79643.000 79668.000 79700.000
   415: 79746.000 80136.000 80161.000 80185.000 80206.000
   420: 80229.000 80283.000 80310.000 80358.000 80409.000
   425: 81111.000 81122.000 81143.000 81174.000 81214.000
   430: 81224.000 81242.000 81262.000 81285.000 81313.000
   435: 82257.000 82268.000 82287.000 82308.000 82361.000
   440: 82394.000 82892.000 82906.000 82922.000 82942.000
   445: 82963.000 83032.000 83100.000 83112.000 84933.000
   450: 84991.000 85504.000 85516.000 85537.000 85602.000
   455: 85716.000 85728.000 85776.000 85808.000 86425.000
   460: 86436.000 86454.000 86476.000 86556.000 87024.000
   465: 87039.000 87071.000 87095.000 87599.000 87653.000
   470: 87679.000 89918.000 89933.000 89955.000 89977.000
   475: 90002.000 90084.000 90112.000 90125.000 90168.000
   480: 90785.000 90853.000 90957.000 91461.000 91544.000
   485: 91563.000 91580.000 91608.000 92176.000 92719.000
   490: 92734.000 92756.000 92776.000 92796.000 92821.000
   495: 92844.000 92885.000 92904.000 92924.000 95045.000
   500: 95072.000 95108.000 95152.000 95173.000 95209.000
   505: 95265.000 95290.000 95334.000 95343.000 95358.000
   510: 95371.000 95387.000 99604.000 99628.000 99653.000
   515: 99691.000 99735.000 100143.000 100166.000 100190.000
   520: 100210.000 100260.000 100275.000 100300.000 100310.000
   525: 100379.000 101034.000 101055.000 101074.000 101106.000
   530: 101167.000 101180.000 101198.000 101256.000 102394.000
   535: 102408.000 102434.000 102474.000 102490.000 102509.000
   540: 102539.000 102554.000 104338.000 104377.000 104402.000
   545: 104442.000 104459.000 104484.000 104505.000 104536.000
   550: 104555.000 105421.000 105441.000 105460.000 105994.000
   555: 106013.000 106036.000 106091.000 106137.000 106154.000
   560: 106215.000 106710.000 106724.000 106741.000 106759.000
   565: 106782.000 106809.000 106839.000 106873.000 106889.000
   570: 106943.000 108989.000 109006.000 109030.000 109051.000
   575: 109076.000 109100.000 109127.000 109152.000 109831.000
   580: 109847.000 109865.000 109913.000 109938.000 109974.000
   585: 110615.000 110652.000 110694.000 110707.000 110724.000
   590: 110753.000 110765.000 110784.000 110818.000 110836.000
   595: 111627.000 111640.000 111657.000 111676.000 111696.000
   600: 111762.000 111813.000 111867.000 112706.000 112720.000
   605: 112750.000 112769.000 112838.000 112855.000 112910.000
   610: 113492.000 113506.000 113528.000 113556.000 113569.000
   615: 113592.000 113609.000 113645.000 113661.000 113684.000
   620: 113709.000 113728.000 113787.000 114508.000 114523.000
   625: 114548.000 114568.000 114587.000 114630.000 114641.000
   630: 114681.000 114710.000 114740.000 116852.000 116875.000
   635: 116896.000 116980.000 117005.000 117039.000 117081.000
   640: 117449.000 117475.000 117496.000 117521.000 117552.000
   645: 117568.000 117589.000 117629.000 117644.000 117676.000
   650: 118328.000 118428.000 118480.000 119568.000 119579.000
   655: 119601.000 119621.000 119669.000 119690.000 119711.000
   660: 120134.000 120157.000 120183.000 120206.000 120286.000
   665: 120302.000 120738.000 120750.000 120809.000 120841.000
   670: 120862.000 120908.000 121384.000 121399.000 121485.000
   675: 121507.000 121943.000 121969.000 121996.000 122041.000
   680: 122063.000 122111.000 122137.000 122150.000 122175.000
   685: 122226.000 122236.000 122271.000 123136.000 123197.000
   690: 123209.000 123797.000 123815.000 123891.000 123908.000
   695: 123928.000 124030.000 124042.000 124453.000 124463.000
   700: 124508.000 124533.000 124554.000 124573.000 124592.000
   705: 124639.000 124664.000 125295.000 125314.000 125330.000
   710: 125358.000 125377.000 125397.000 125421.000 125439.000
   715: 125490.000 125506.000 125536.000 125559.000 125585.000
   720: 128263.000 128289.000 128335.000 128353.000 128375.000
   725: 128391.000 128414.000 128435.000 128473.000 128490.000
   730: 128531.000 128550.000 131085.000 131100.000 131121.000
   735: 131146.000 131169.000 131201.000 131220.000 131250.000
   740: 131273.000 133866.000 133904.000 133938.000 133953.000
   745: 133980.000 134011.000 134056.000 134070.000 137335.000
   750: 137356.000 137460.000 137481.000 137509.000 143783.000
   755: 143806.000 143830.000 143851.000 143899.000 143939.000
   760: 144054.000 144371.000 144390.000 144412.000 144431.000
   765: 144535.000 144611.000 146175.000 146200.000 146229.000
   770: 146259.000 146274.000 146320.000 146335.000 146459.000
   775: 147230.000 147248.000 147267.000 147310.000 147323.000
   780: 147350.000 147379.000 147418.000 148514.000 148532.000
   785: 148552.000 148601.000 148617.000 148640.000 148650.000
   790: 148684.000 148691.000 151540.000 151551.000 151570.000
   795: 151591.000 151664.000 151757.000 152141.000 152161.000
   800: 152193.000 152264.000 152290.000 152303.000 152348.000
   805: 152397.000 154397.000 154413.000 154496.000 154514.000
   810: 154624.000 155028.000 155045.000 155067.000 155091.000
   815: 155145.000 155161.000 155187.000 155203.000 155233.000
   820: 155249.000 156174.000 156191.000 156213.000 156281.000
   825: 156336.000 156779.000 156805.000 156836.000 156851.000
   830: 156887.000 156919.000 156979.000 156981.000 157004.000
   835: 158932.000 158953.000 158976.000 158999.000 159044.000
   840: 159087.000 159137.000 159171.000 159186.000 160085.000
   845: 160103.000 160150.000 160166.000 160218.000 160233.000
   850: 160254.000 160281.000 160319.000 160331.000 161139.000
   855: 161157.000 161172.000 161192.000 161256.000 161321.000
   860: 161936.000 161956.000 161969.000 162019.000 162041.000
   865: 162053.000 162065.000 162090.000 162139.000 162153.000
   870: 162191.000 164483.000 164536.000 164553.000 164649.000
   875: 164705.000 164724.000 165405.000 165421.000 165481.000
   880: 165520.000 165597.000 165612.000 165627.000 165960.000
   885: 166026.000 166048.000 166085.000 166102.000 166146.000
   890: 166166.000 166180.000 166199.000 166926.000 166948.000
   895: 166969.000 167020.000 167038.000 167110.000 167168.000
   900: 167826.000 167857.000 167887.000 167902.000 167913.000
   905: 167936.000 167959.000 167976.000 168023.000 168036.000
   910: 168046.000 170073.000 170089.000 170109.000 170137.000
   915: 170166.000 170184.000 170201.000 170219.000 170273.000
   920: 172171.000 172189.000 172256.000 172277.000 172301.000
   925: 172360.000 172954.000 172967.000 172986.000 173010.000
   930: 173041.000 173091.000 173108.000 173121.000 173141.000
   935: 173157.000 173836.000 173862.000 173875.000 173930.000
   940: 173978.000 174007.000 174070.000 174819.000 174834.000
   945: 174855.000 174876.000 174894.000 174924.000 174961.000
   950: 175447.000 175463.000 175480.000 175503.000 175517.000
   955: 175564.000 175636.000 176122.000 176136.000 176221.000
   960: 176251.000 176337.000 176743.000 176759.000 176845.000
   965: 179264.000 179287.000 179394.000 179415.000 179443.000
   970: 179480.000 179525.000 179977.000 179990.000 180005.000
   975: 180025.000 180062.000 180097.000 180125.000 180165.000
   980: 180778.000 180799.000 180819.000 180878.000 180900.000
   985: 180996.000 181532.000 181540.000 181556.000 181581.000
   990: 181604.000 181648.000 181676.000 181730.000 182613.000
   995: 182625.000 182676.000 182693.000 182710.000 182729.000
  1000: 182768.000 183448.000 183484.000 183503.000 183532.000
  1005: 183548.000 183585.000 183623.000 184063.000 184087.000
  1010: 184110.000 184199.000 184239.000 184749.000 184764.000
  1015: 184787.000 184809.000 184827.000 184846.000 184881.000
  1020: 184902.000 184952.000 187073.000 187095.000 187126.000
  1025: 187202.000 187247.000 187259.000 187315.000 187791.000
  1030: 187838.000 188752.000 188773.000 188795.000 188818.000
  1035: 188841.000 188857.000 189276.000 189288.000 189312.000
  1040: 189319.000 189328.000 189332.000 189342.000 189377.000
  1045: 189393.000 189414.000 189601.000 189615.000 189633.000
  1050: 189662.000 189702.000 190788.000 190812.000 193889.000
  1055: 193915.000 193953.000 196358.000 196389.000 196417.000
  1060: 196435.000 196948.000 196965.000 197006.000 197068.000
  1065: 197107.000 197167.000 197255.000 197744.000 197757.000
  1070: 197801.000 197820.000 197846.000 197858.000 197875.000
  1075: 197929.000 197944.000 197981.000 198775.000 199991.000
  1080: 200013.000 200040.000 200066.000 200131.000 200166.000
  1085: 200221.000 200762.000 200775.000 200797.000 200821.000
  1090: 200851.000 200881.000 200907.000 200923.000 200966.000
  1095: 201718.000 201811.000 202989.000 203000.000 203050.000
  1100: 203066.000 203158.000 203230.000 203247.000 203765.000
  1105: 203805.000 203835.000 203864.000 203881.000 203903.000
  1110: 203919.000 203961.000 204818.000 204835.000 204854.000
  1115: 204882.000 204908.000 204984.000 205567.000 205648.000
  1120: 205677.000 205698.000 205733.000 206132.000 206148.000
  1125: 206165.000 206207.000 206219.000 206231.000 206252.000
  1130: 206264.000 206286.000 206298.000 206313.000 206338.000
  1135: 206351.000 207945.000 207960.000 207983.000 208011.000
  1140: 208046.000 208113.000 208124.000 208160.000 208177.000
  1145: 208195.000 208214.000 208244.000 208270.000 208286.000
  1150: 210106.000 212629.000 212690.000 212724.000 212769.000
  1155: 212809.000 215103.000 215118.000 215141.000 215209.000
  1160: 215225.000 215238.000 215263.000 215275.000 215332.000
  1165: 216021.000 216056.000 216071.000 216093.000 216117.000
  1170: 216150.000 216192.000 216868.000 216883.000 216904.000
  1175: 216928.000 216943.000 216961.000 216981.000 217017.000
  1180: 217059.000 217078.000 218912.000 218950.000 218961.000
  1185: 218981.000 219004.000 219017.000 219057.000 219078.000
  1190: 219132.000 219143.000 219884.000 219915.000 219966.000
  1195: 219999.000 220020.000 220036.000 220054.000 220096.000
  1200: 220152.000 222269.000 222293.000 222311.000 222333.000
  1205: 222369.000 222396.000 223074.000 223105.000 226745.000
  1210: 226765.000 226841.000 226860.000 226878.000 226913.000
  1215: 226933.000 226959.000 227620.000 227638.000 227666.000
  1220: 227677.000 227691.000 227723.000 227732.000 227749.000
  1225: 227779.000 227813.000 228771.000 228785.000 228837.000
  1230: 228849.000 228864.000 228903.000 229483.000 229577.000
  1235: 229636.000 230085.000 235224.000 235246.000 235306.000
  1240: 235330.000 235396.000 235499.000 235986.000 236003.000
  1245: 236052.000 236071.000 236105.000 236136.000 236629.000
  1250: 236645.000 236684.000 236699.000 236721.000 236760.000
  1255: 236780.000 236800.000 236831.000 236844.000 237549.000
  1260: 237567.000 237577.000 237620.000 238221.000 238240.000
  1265: 238256.000 238272.000 238301.000 238321.000 238340.000
  1270: 238878.000 238899.000 238920.000 238942.000 238960.000
  1275: 238976.000 238991.000 239005.000 239016.000 241000.000
  1280: 241015.000 241033.000 241060.000 241091.000 241111.000
  1285: 243376.000 243390.000 243404.000 243413.000 243461.000
  1290: 243536.000 243555.000 247299.000 249954.000 250016.000
  1295: 250052.000 250080.000 250096.000 250107.000 250124.000
  1300: 250142.000 250157.000 250225.000 250238.000 250249.000
  1305: 250927.000 250944.000 250963.000 251013.000 251031.000
  1310: 251042.000 251095.000 251547.000 251587.000 251615.000
  1315: 251634.000 251643.000 251663.000 251682.000 251728.000
  1320: 252561.000 253946.000 253963.000 253983.000 254033.000
  1325: 254050.000 254070.000 254092.000 254121.000 254140.000
  1330: 254158.000 254175.000 254198.000 254214.000 254265.000
  1335: 254325.000 256601.000 256618.000 256627.000 256643.000
  1340: 256703.000 257306.000 257324.000 257342.000 257404.000
  1345: 257423.000 257446.000 257487.000 257532.000 261611.000
  1350: 261649.000 261682.000 261700.000 261733.000 261784.000
  1355: 261821.000 261838.000 261856.000 262444.000 262476.000
  1360: 262499.000 262522.000 262543.000 262575.000 262617.000
  1365: 263238.000 263286.000 263309.000 263343.000 263358.000
  1370: 263378.000 263429.000 263436.000 263448.000 264388.000
  1375: 264406.000 264423.000 264444.000 264459.000 264509.000
  1380: 265370.000 265395.000 265418.000 265447.000 265461.000
  1385: 265485.000 265525.000 265567.000 265596.000 265617.000
  1390: 267475.000 267509.000 267531.000 267597.000 267621.000
  1395: 267653.000 267670.000 267702.000 267720.000 267743.000
  1400: 267767.000 267806.000 267815.000 269625.000 269646.000
  1405: 269666.000 269687.000 269730.000 269752.000 269783.000
  1410: 269809.000 269828.000 269856.000 270522.000 270569.000
  1415: 270604.000 270620.000 270642.000 270667.000 272133.000
  1420: 272173.000 272205.000 272223.000 272251.000 272293.000
  1425: 272322.000 277089.000 277106.000 279934.000 279961.000
  1430: 279980.000 280031.000 280111.000 280571.000 280588.000
  1435: 280645.000 280675.000 280791.000 281256.000 281270.000
  1440: 281390.000 281422.000 281442.000 281461.000 281811.000
  1445: 281829.000 281847.000 281898.000 281952.000 281971.000
  1450: 281990.000 282002.000 282018.000 282054.000 282105.000
  1455: 282877.000 282888.000 282904.000 282952.000 282968.000
  1460: 282991.000 283531.000 283548.000 283611.000 283628.000
  1465: 283654.000 283666.000 283720.000 283728.000 283744.000
  1470: 283788.000 285934.000 285958.000 286028.000 286048.000
  1475: 286116.000 286134.000 298727.000 298757.000 298836.000
  1480: 298850.000 298884.000 298937.000 299002.000 299029.000
  1485: 299044.000 299831.000 299853.000 299873.000 299916.000
  1490: 299926.000 299965.000 299985.000 300005.000 300022.000
  1495: 300079.000 300852.000 300876.000 300915.000 300954.000
  1500: 301009.000 301032.000 301069.000 301136.000 303312.000
  1505: 303389.000 303409.000 303466.000 303483.000 303500.000
  1510: 303537.000 303954.000 303974.000 303993.000 304018.000
  1515: 304062.000 304082.000 304104.000 304123.000 304165.000
  1520: 304194.000 304821.000 304838.000 304851.000 304890.000
  1525: 304912.000 304933.000 304944.000 304967.000 304979.000
  1530: 305015.000 305926.000 306003.000 306042.000 312766.000
  1535: 312790.000 312812.000 312854.000 312875.000 312895.000
  1540: 312931.000 312950.000 312978.000 313017.000 313768.000
  1545: 313785.000 313808.000 313822.000 313846.000 313862.000
  1550: 313882.000 313910.000 313954.000 314968.000 315002.000
  1555: 315025.000 315046.000 315063.000 315093.000 315108.000
  1560: 315578.000 315598.000 315615.000 315655.000 315669.000
  1565: 315677.000 315682.000 315728.000 315760.000 317456.000
  1570: 317469.000 317505.000 317516.000 317567.000 317636.000
  1575: 317651.000 318028.000 318069.000 318098.000 318117.000
  1580: 318131.000 318191.000 318267.000 320631.000 320641.000
  1585: 320696.000 320716.000 320758.000 320769.000 320814.000
  1590: 321289.000 321306.000 321324.000 321353.000 321365.000
  1595: 321384.000 321395.000 321439.000 321461.000 322290.000
  1600: 322302.000 322322.000 322358.000 322372.000 322403.000
  1605: 322470.000 323014.000 324195.000 324226.000 324272.000
  1610: 324287.000 324333.000 324427.000 324887.000 324909.000
  1615: 324984.000 325006.000 325039.000 325055.000 325103.000
  1620: 325139.000 325779.000 325800.000 325819.000 325845.000
  1625: 325860.000 325886.000 325922.000 325955.000 325980.000
  1630: 345734.000 345752.000 345773.000 345868.000 345926.000
  1635: 346432.000 346482.000 346517.000 346602.000 346627.000
  1640: 346670.000 346732.000 346808.000 348702.000 348721.000
  1645: 348789.000 348802.000 348835.000 348863.000 349253.000
  1650: 349277.000 349317.000 349347.000 349388.000 349402.000
  1655: 349417.000 349438.000 349455.000 351515.000 351533.000
  1660: 351554.000 351593.000 351610.000 351631.000 351673.000
  1665: 351693.000 351709.000 351735.000 351752.000 351769.000
  1670: 351781.000 351800.000 353010.000 353023.000 353040.000
  1675: 353147.000 353175.000 353195.000 355100.000 355116.000
  1680: 355131.000 355175.000 355189.000 355228.000 355260.000
  1685: 355291.000 355309.000 356194.000 356210.000 356256.000
  1690: 356259.000 356271.000 356289.000 356318.000 356372.000
  1695: 358186.000 358201.000 358220.000 358288.000 358327.000
  1700: 358390.000 358955.000 358973.000 358998.000 359012.000
  1705: 359065.000 359108.000 359149.000 359517.000 359536.000
  1710: 359572.000 359639.000
D:
     0: 9002.000 11570.000 12425.000 16690.000 18173.000
     5: 23549.000 30081.000 33537.000 34607.000 35850.000
    10: 41216.000 45119.000 47626.000 48641.000 51297.000
    15: 54232.000 56377.000 61016.000 61946.000 63726.000
    20: 65963.000 72035.000 74805.000 77856.000 80358.000
    25: 81262.000 83112.000 85808.000 90125.000 92885.000
    30: 95290.000 100310.000 101256.000 102554.000 104536.000
    35: 106873.000 109152.000 110784.000 111867.000 113645.000
    40: 114681.000 117629.000 122150.000 124639.000 125439.000
    45: 128435.000 131250.000 134070.000 146459.000 147418.000
    50: 148684.000 152397.000 155203.000 156981.000 159171.000
    55: 160281.000 162090.000 166180.000 167976.000 170219.000
    60: 173121.000 180165.000 181730.000 184902.000 189377.000
    65: 197929.000 200923.000 203961.000 206264.000 208160.000
    70: 215275.000 217017.000 219078.000 220096.000 226959.000
    75: 227749.000 236800.000 239005.000 250142.000 251728.000
    80: 254121.000 257532.000 261838.000 263436.000 265567.000
    85: 267702.000 269809.000 282002.000 283728.000 299029.000
    90: 300005.000 301136.000 304123.000 304967.000 312950.000
    95: 313910.000 315728.000 321439.000 325139.000 325955.000
   100: 346808.000 349438.000 351693.000 355291.000 356372.000
E:
     0:  754.000 1147.000 1201.000 2346.000 3824.000
     5: 4579.000 5972.000 6713.000 7745.000 8504.000
    10: 9174.000 10587.000 10595.000 11673.000 12571.000
    15: 14339.000 15397.000 16160.000 16830.000 18306.000
    20: 19298.000 19973.000 20759.000 21392.000 22794.000
    25: 23706.000 25263.000 25942.000 26761.000 27423.000
    30: 28126.000 28822.000 29476.000 30180.000 30846.000
    35: 31740.000 32757.000 33631.000 34755.000 35990.000
    40: 36681.000 36889.000 37991.000 39787.000 40664.000
    45: 41415.000 43682.000 44494.000 44511.000 45262.000
    50: 45767.000 46254.000 47086.000 47703.000 48739.000
    55: 49418.000 49950.000 51377.000 51900.000 52367.000
    60: 53064.000 53699.000 54344.000 54690.000 55693.000
    65: 56453.000 57311.000 58836.000 59376.000 59765.000
    70: 60523.000 61172.000 62025.000 62908.000 63845.000
    75: 64901.000 66118.000 67056.000 67825.000 69526.000
    80: 70843.000 72103.000 72919.000 73628.000 74230.000
    85: 74880.000 76990.000 77943.000 78767.000 79310.000
    90: 79824.000 80501.000 80895.000 81406.000 82471.000
    95: 83186.000 84265.000 85090.000 85892.000 86636.000
   100: 87226.000 87782.000 88298.000 88720.000 89375.000
   105: 90251.000 91099.000 91682.000 92290.000 92997.000
   110: 93246.000 95466.000 95917.000 98948.000 99857.000
   115: 100454.000 101355.000 102668.000 103705.000 103999.000
   120: 104634.000 105095.000 105593.000 106353.000 107063.000
   125: 108182.000 108739.000 109250.000 110056.000 110918.000
   130: 111980.000 112994.000 113876.000 114896.000 116280.000
   135: 117157.000 117762.000 118942.000 119320.000 119862.000
   140: 120460.000 121010.000 121628.000 122340.000 123367.000
   145: 124128.000 124745.000 125666.000 126623.000 127692.000
   150: 128618.000 128760.000 130579.000 131449.000 132344.000
   155: 133408.000 134139.000 136463.000 137612.000 140212.000
   160: 141084.000 143032.000 143042.000 144144.000 144749.000
   165: 145231.000 145877.000 146060.000 146539.000 147506.000
   170: 148290.000 148759.000 149486.000 150506.000 150528.000
   175: 150971.000 151838.000 152011.000 152475.000 153813.000
   180: 154708.000 155350.000 155915.000 156416.000 157113.000
   185: 158472.000 159318.000 159729.000 159804.000 160411.000
   190: 161429.000 162288.000 163953.000 164801.000 165715.000
   195: 166285.000 167283.000 167601.000 168110.000 169492.000
   200: 170353.000 170861.000 171574.000 172443.000 173245.000
   205: 174157.000 175052.000 175779.000 176425.000 177172.000
   210: 178885.000 179620.000 180241.000 181088.000 181841.000
   215: 182861.000 183710.000 184328.000 185040.000 186431.000
   220: 187388.000 188110.000 188935.000 189815.000 191077.000
   225: 193475.000 194258.000 195213.000 196520.000 197332.000
   230: 198055.000 199308.000 200298.000 200513.000 200559.000
   235: 201037.000 202292.000 203326.000 204034.000 205066.000
   240: 205820.000 206456.000 207291.000 208366.000 209536.000
   245: 210422.000 212262.000 212882.000 214436.000 215407.000
   250: 216269.000 217158.000 218075.000 218619.000 219208.000
   255: 220231.000 221233.000 221711.000 221888.000 222512.000
   260: 223227.000 225048.000 226338.000 227034.000 227903.000
   265: 229039.000 229773.000 231875.000 232684.000 234608.000
   270: 235592.000 236266.000 236912.000 237699.000 238433.000
   275: 239164.000 239712.000 240285.000 241222.000 242916.000
   280: 243722.000 245640.000 247449.000 249459.000 250332.000
   285: 251169.000 251829.000 253109.000 254400.000 254625.000
   290: 255963.000 256840.000 257611.000 258821.000 259304.000
   295: 261140.000 261935.000 262692.000 263536.000 264600.000
   300: 265073.000 265713.000 266646.000 267909.000 268866.000
   305: 269342.000 269941.000 270820.000 271702.000 272423.000
   310: 273063.000 276505.000 276555.000 276563.000 276575.000
   315: 276674.000 277267.000 279470.000 280184.000 280932.000
   320: 281549.000 282179.000 283094.000 283866.000 285174.000
   325: 285702.000 286203.000 286843.000 287954.000 288246.000
   330: 290629.000 295420.000 296829.000 298181.000 298199.000
   335: 299151.000 299573.000 300168.000 301237.000 302647.000
   340: 303098.000 303635.000 304273.000 305092.000 306126.000
   345: 307625.000 309841.000 310816.000 312485.000 313120.000
   350: 314029.000 314590.000 315181.000 315838.000 316789.000
   355: 317730.000 318415.000 320121.000 320894.000 321584.000
   360: 321995.000 322584.000 323455.000 323966.000 324509.000
   365: 325230.000 326130.000 326551.000 326978.000 328522.000
   370: 330877.000 331786.000 333975.000 333997.000 335558.000
   375: 341236.000 344236.000 344306.000 345997.000 346945.000
   380: 347439.000 348056.000 348940.000 349532.000 350552.000
   385: 351063.000 351865.000 352096.000 353342.000 353590.000
   390: 354677.000 355393.000 356447.000 357032.000 357629.000
   395: 358479.000 359244.000 359964.000
O:
     0: 9920.000 12202.000 13685.000 17379.000 19729.000
     5: 24432.000 31302.000 35585.000 38594.000 42113.000
    10: 45976.000 48367.000 50425.000 52804.000 54833.000
    15: 57828.000 61640.000 62613.000 64292.000 68183.000
    20: 73354.000 78376.000 82218.000 83798.000 88970.000
    25: 91419.000 94910.000 96624.000 104593.000 105357.000
    30: 107728.000 109800.000 114467.000 115803.000 118266.000
    35: 125241.000 128180.000 129901.000 132812.000 134812.000
    40: 147189.000 149757.000 152947.000 156733.000 157797.000
    45: 160043.000 161099.000 162974.000 167753.000 168963.000
    50: 171014.000 174729.000 180739.000 185791.000 190751.000
    55: 198721.000 201673.000 204759.000 206885.000 209090.000
    60: 216738.000 217717.000 219837.000 220866.000 228724.000
    65: 237531.000 239869.000 250902.000 252526.000 256339.000
    70: 258207.000 262406.000 264202.000 266295.000 268542.000
    75: 270485.000 282836.000 284543.000 300830.000 302146.000
    80: 305813.000 314853.000 316357.000 322996.000 325739.000
    85: 326720.000 347618.000 350145.000 352957.000 356119.000
    90: 357260.000
Q:
     0: 9920.000 13685.000 17379.000 24432.000 38594.000
     5: 42113.000 50425.000 54833.000 57828.000 64292.000
    10: 68183.000 78376.000 83799.000 88970.000 96624.000
    15: 107728.000 115803.000 118266.000 129902.000 132812.000
    20: 149757.000 152947.000 157797.000 162974.000 168963.000
    25: 171014.000 185791.000 198721.000 201673.000 206885.000
    30: 209090.000 217717.000 220866.000 239869.000 252526.000
    35: 258208.000 266295.000 268542.000 284543.000 302146.000
    40: 316357.000 322996.000 347618.000 350145.000 357260.000
\ROI5 - 1
