File: C:\MED-PC\Data\2019-09-27_15h03m_Subject 19005.txt


Start Date: 09/27/19
End Date: 09/27/19
Subject: 19005
Experiment: fr8
Group: 1
Box: 1
Start Time: 15:03:21
End Time: 16:04:44
MSN: FR8 8p TTLforROItoAnymaze
B:   8.000
F:   0.000
H: 477.000
L: 1156.000
R:  49.000
U:  21.000
V:  74.000
A:
     0:    0.000    1.000
C:
     0: 6962.000 7040.000 7052.000 7096.000 7777.000
     5: 7818.000 7845.000 7864.000 7889.000 7916.000
    10: 7921.000 8511.000 8545.000 9702.000 9759.000
    15: 10301.000 10351.000 10368.000 10387.000 10396.000
    20: 10414.000 10425.000 10442.000 10480.000 10515.000
    25: 12191.000 12262.000 12276.000 12332.000 12353.000
    30: 12384.000 12420.000 12964.000 13023.000 13066.000
    35: 13099.000 13120.000 13134.000 13163.000 13195.000
    40: 16446.000 16502.000 16574.000 17875.000 19677.000
    45: 19744.000 19820.000 19891.000 19918.000 20809.000
    50: 20893.000 20919.000 20941.000 20959.000 20973.000
    55: 21496.000 21571.000 21597.000 21621.000 21633.000
    60: 21653.000 21706.000 22164.000 22258.000 22282.000
    65: 22294.000 22315.000 22357.000 22391.000 22786.000
    70: 22827.000 22850.000 22913.000 22923.000 22942.000
    75: 22966.000 22989.000 23167.000 25572.000 25610.000
    80: 25707.000 25749.000 25823.000 25857.000 25936.000
    85: 27005.000 27096.000 27116.000 27124.000 27171.000
    90: 27194.000 27481.000 27505.000 27820.000 27857.000
    95: 28162.000 28247.000 28289.000 28301.000 28315.000
   100: 28323.000 28336.000 28362.000 28377.000 28395.000
   105: 30900.000 30974.000 31085.000 31158.000 31729.000
   110: 31802.000 31892.000 31924.000 31961.000 32001.000
   115: 32014.000 32039.000 32067.000 32086.000 32107.000
   120: 32150.000 34705.000 34822.000 34843.000 34857.000
   125: 34866.000 34892.000 34949.000 34965.000 37251.000
   130: 37384.000 37421.000 37516.000 37729.000 38396.000
   135: 38489.000 38499.000 38535.000 39337.000 39425.000
   140: 40037.000 40659.000 40696.000 40728.000 40739.000
   145: 40780.000 40796.000 40829.000 40837.000 40875.000
   150: 40890.000 40928.000 43151.000 43914.000 43954.000
   155: 43962.000 43974.000 44056.000 44105.000 44114.000
   160: 44332.000 44378.000 44442.000 44469.000 44503.000
   165: 45219.000 45269.000 45280.000 45292.000 45313.000
   170: 45343.000 45400.000 45422.000 45451.000 45479.000
   175: 47100.000 47154.000 47164.000 47205.000 47217.000
   180: 47228.000 47250.000 47296.000 51405.000 52701.000
   185: 52754.000 52766.000 52784.000 52801.000 52837.000
   190: 52857.000 52912.000 52928.000 54123.000 54267.000
   195: 54347.000 54360.000 54449.000 55107.000 56332.000
   200: 56410.000 56431.000 56748.000 56839.000 56849.000
   205: 56859.000 56929.000 56964.000 56983.000 57193.000
   210: 57257.000 57296.000 57307.000 57327.000 57338.000
   215: 57412.000 57613.000 57672.000 57684.000 57701.000
   220: 57719.000 57748.000 57779.000 58026.000 58075.000
   225: 58084.000 58094.000 58156.000 58166.000 58176.000
   230: 58190.000 59666.000 59713.000 59746.000 59760.000
   235: 59794.000 59812.000 59826.000 59831.000 59852.000
   240: 59866.000 59906.000 61419.000 61463.000 61496.000
   245: 61516.000 61536.000 61549.000 61585.000 62148.000
   250: 62202.000 62264.000 62327.000 62356.000 62637.000
   255: 62670.000 62693.000 62743.000 62786.000 63011.000
   260: 63061.000 63115.000 64198.000 64912.000 64960.000
   265: 65007.000 65055.000 65070.000 65087.000 65092.000
   270: 65130.000 65193.000 65244.000 66943.000 67086.000
   275: 67126.000 67245.000 67843.000 67908.000 67927.000
   280: 68041.000 68780.000 68831.000 68838.000 68858.000
   285: 68887.000 68943.000 68958.000 68980.000 70814.000
   290: 70868.000 70878.000 70930.000 71527.000 71565.000
   295: 71613.000 71638.000 71703.000 71721.000 71790.000
   300: 72334.000 72360.000 72408.000 72430.000 72447.000
   305: 72477.000 72498.000 72511.000 72532.000 72549.000
   310: 72570.000 72591.000 72615.000 74272.000 74342.000
   315: 74404.000 74442.000 74450.000 74711.000 74751.000
   320: 74818.000 74862.000 74904.000 74948.000 75118.000
   325: 75169.000 75191.000 75201.000 75212.000 75233.000
   330: 75258.000 75299.000 76957.000 77020.000 77049.000
   335: 77062.000 77151.000 77172.000 77216.000 77289.000
   340: 77324.000 78925.000 79045.000 79083.000 79104.000
   345: 79135.000 79149.000 79296.000 79358.000 79366.000
   350: 79438.000 79804.000 79817.000 79965.000 80445.000
   355: 80520.000 80569.000 80583.000 80639.000 80661.000
   360: 80719.000 81213.000 81278.000 81288.000 81323.000
   365: 81342.000 81353.000 81374.000 81387.000 81412.000
   370: 82898.000 83008.000 83049.000 83071.000 83274.000
   375: 83358.000 83369.000 83416.000 83453.000 83632.000
   380: 83683.000 83696.000 83715.000 83744.000 83772.000
   385: 83785.000 83797.000 83811.000 85363.000 85444.000
   390: 85499.000 85529.000 85760.000 85806.000 85862.000
   395: 85890.000 85927.000 85969.000 85987.000 86486.000
   400: 86540.000 86570.000 86601.000 86606.000 86705.000
   405: 86863.000 86913.000 86954.000 86963.000 86984.000
   410: 87026.000 87078.000 87290.000 87371.000 87382.000
   415: 87419.000 87447.000 87477.000 87861.000 87937.000
   420: 87996.000 88008.000 88018.000 88428.000 88477.000
   425: 88543.000 88569.000 88603.000 88618.000 88626.000
   430: 88798.000 88829.000 88841.000 88897.000 88920.000
   435: 88959.000 88969.000 88979.000 89034.000 90423.000
   440: 91314.000 92400.000 92420.000 101033.000 101395.000
   445: 112099.000 112166.000 116190.000 116302.000 116338.000
   450: 124513.000 124660.000 128150.000 132203.000 132256.000
   455: 132963.000 133096.000 133577.000 133737.000 141734.000
   460: 145536.000 146131.000 146195.000 146239.000 150465.000
   465: 157168.000 159991.000 160054.000 160072.000 160083.000
   470: 160128.000 160137.000 160151.000 160178.000 160257.000
   475: 160321.000 160330.000 162692.000 162937.000 164080.000
   480: 164144.000 164170.000 164188.000 164210.000 164252.000
   485: 164285.000 164312.000 166248.000 166317.000 167251.000
   490: 167311.000 167331.000 167356.000 167388.000 167448.000
   495: 167721.000 167782.000 167827.000 167858.000 167869.000
   500: 167880.000 168406.000 168450.000 168473.000 168504.000
   505: 168545.000 168739.000 168767.000 168792.000 168830.000
   510: 168851.000 168860.000 168884.000 168905.000 168972.000
   515: 170805.000 170846.000 170934.000 170963.000 171056.000
   520: 171239.000 171308.000 171318.000 171330.000 171516.000
   525: 171562.000 171634.000 171682.000 171993.000 172068.000
   530: 172103.000 172129.000 172200.000 172219.000 172826.000
   535: 172868.000 172876.000 172921.000 172975.000 173050.000
   540: 173409.000 173478.000 173488.000 173564.000 173800.000
   545: 173851.000 173867.000 173891.000 173905.000 173935.000
   550: 173960.000 173977.000 173988.000 174014.000 175904.000
   555: 176063.000 176164.000 176212.000 176245.000 176270.000
   560: 177210.000 177289.000 177333.000 177403.000 177435.000
   565: 177451.000 177738.000 177769.000 177801.000 177811.000
   570: 177822.000 177848.000 177865.000 178022.000 178098.000
   575: 178108.000 178140.000 178166.000 178178.000 178525.000
   580: 178565.000 178577.000 178586.000 178606.000 178619.000
   585: 178646.000 178680.000 178715.000 178729.000 180684.000
   590: 180773.000 180912.000 180943.000 180995.000 181262.000
   595: 181277.000 181285.000 181313.000 181331.000 181352.000
   600: 181392.000 181406.000 183015.000 183076.000 183115.000
   605: 183137.000 183145.000 183194.000 183211.000 184007.000
   610: 184053.000 184073.000 184080.000 184162.000 184179.000
   615: 184204.000 184238.000 184251.000 184280.000 184297.000
   620: 184334.000 185767.000 185901.000 185935.000 185986.000
   625: 186045.000 186128.000 186186.000 187139.000 187171.000
   630: 187195.000 187238.000 187327.000 187368.000 187625.000
   635: 187662.000 187701.000 187734.000 187769.000 188032.000
   640: 188070.000 188087.000 188126.000 188138.000 188349.000
   645: 188402.000 188415.000 188440.000 188499.000 188545.000
   650: 188761.000 188824.000 188837.000 188868.000 188894.000
   655: 188921.000 189007.000 189211.000 189283.000 189298.000
   660: 189308.000 189316.000 189340.000 189373.000 189398.000
   665: 189452.000 189470.000 189484.000 189569.000 191210.000
   670: 191312.000 191396.000 191470.000 191501.000 191587.000
   675: 192135.000 193591.000 194405.000 194498.000 194507.000
   680: 194522.000 194537.000 194554.000 194567.000 194611.000
   685: 194672.000 196281.000 196322.000 196363.000 196420.000
   690: 196431.000 196442.000 196453.000 196476.000 196503.000
   695: 196523.000 197824.000 197867.000 197936.000 197993.000
   700: 198007.000 198017.000 198028.000 198238.000 198292.000
   705: 198300.000 198310.000 198361.000 198373.000 198571.000
   710: 198620.000 198627.000 198638.000 198654.000 198715.000
   715: 198731.000 198747.000 200341.000 200390.000 200427.000
   720: 200454.000 200481.000 200540.000 200879.000 200930.000
   725: 200954.000 200974.000 201005.000 201093.000 201433.000
   730: 201506.000 201515.000 201553.000 201575.000 201592.000
   735: 201628.000 201712.000 203171.000 203312.000 203551.000
   740: 203566.000 204393.000 204455.000 204479.000 204534.000
   745: 204544.000 204555.000 204586.000 204845.000 204894.000
   750: 204905.000 204926.000 204963.000 204998.000 205051.000
   755: 205133.000 206799.000 206867.000 206885.000 206954.000
   760: 206967.000 207008.000 207063.000 207137.000 208949.000
   765: 209038.000 209055.000 209110.000 209174.000 209273.000
   770: 209292.000 210122.000 210158.000 210179.000 210188.000
   775: 210228.000 210282.000 210331.000 210342.000 210350.000
   780: 211844.000 211893.000 211941.000 211962.000 211969.000
   785: 212016.000 212033.000 212063.000 213507.000 213546.000
   790: 213612.000 213669.000 214289.000 214318.000 214340.000
   795: 214350.000 214375.000 214385.000 214448.000 214764.000
   800: 214824.000 214859.000 214881.000 215150.000 215214.000
   805: 215224.000 215238.000 215261.000 215287.000 215297.000
   810: 215334.000 215375.000 215384.000 215403.000 216649.000
   815: 216663.000 216724.000 216816.000 216919.000 216973.000
   820: 217471.000 217542.000 217763.000 217818.000 217844.000
   825: 217868.000 217884.000 218352.000 218403.000 218453.000
   830: 218492.000 218523.000 218534.000 218646.000 218892.000
   835: 218991.000 219075.000 219099.000 219111.000 219380.000
   840: 219417.000 219448.000 219538.000 219611.000 219863.000
   845: 219919.000 220015.000 220042.000 220350.000 222097.000
   850: 222107.000 222172.000 222281.000 222296.000 222683.000
   855: 222713.000 222744.000 222751.000 222769.000 222792.000
   860: 222872.000 222882.000 222926.000 224199.000 224346.000
   865: 224383.000 224393.000 224431.000 224471.000 224534.000
   870: 225248.000 225288.000 225305.000 225316.000 225368.000
   875: 225389.000 225426.000 225444.000 226725.000 226769.000
   880: 226811.000 226825.000 226923.000 226964.000 226977.000
   885: 227183.000 227236.000 227261.000 227321.000 227332.000
   890: 227380.000 227564.000 227619.000 227629.000 227695.000
   895: 227704.000 227742.000 227791.000 228005.000 228053.000
   900: 228062.000 228164.000 229384.000 229427.000 229448.000
   905: 229468.000 229479.000 229501.000 229512.000 229536.000
   910: 229548.000 229566.000 229618.000 229632.000 229652.000
   915: 229665.000 229679.000 229694.000 230910.000 230957.000
   920: 230983.000 231000.000 231010.000 231029.000 231039.000
   925: 231056.000 231096.000 232272.000 232397.000 232526.000
   930: 232579.000 232777.000 233686.000 233733.000 233751.000
   935: 233817.000 233829.000 233851.000 233862.000 233938.000
   940: 235330.000 235387.000 235416.000 235454.000 235493.000
   945: 235530.000 235613.000 235849.000 236075.000 236133.000
   950: 236149.000 236173.000 236185.000 236201.000 236271.000
   955: 236303.000 238068.000 238134.000 238168.000 238190.000
   960: 238213.000 238609.000 238674.000 238681.000 238692.000
   965: 238704.000 238785.000 239066.000 239118.000 239121.000
   970: 239155.000 239193.000 239213.000 239220.000 239269.000
   975: 239281.000 239296.000 240668.000 240708.000 240756.000
   980: 240763.000 240786.000 241073.000 241129.000 241233.000
   985: 241260.000 241272.000 241500.000 241542.000 241553.000
   990: 241562.000 241583.000 241610.000 241625.000 241635.000
   995: 241649.000 241679.000 243018.000 243237.000 243315.000
  1000: 243365.000 243702.000 243746.000 243768.000 243776.000
  1005: 243799.000 243834.000 244088.000 244166.000 244180.000
  1010: 244190.000 244213.000 244294.000 244372.000 244719.000
  1015: 244784.000 244826.000 244846.000 244875.000 244995.000
  1020: 245156.000 245202.000 245269.000 245303.000 245379.000
  1025: 246566.000 246639.000 246671.000 246685.000 246710.000
  1030: 246733.000 246769.000 246791.000 246812.000 246897.000
  1035: 248230.000 248264.000 248297.000 248308.000 248341.000
  1040: 248422.000 248522.000 248776.000 248824.000 248863.000
  1045: 248901.000 248977.000 249201.000 249361.000 249379.000
  1050: 249458.000 249479.000 249726.000 249771.000 249820.000
  1055: 249830.000 249893.000 250443.000 250498.000 250553.000
  1060: 250968.000 250997.000 251030.000 251064.000 251076.000
  1065: 251086.000 251108.000 251142.000 251190.000 252505.000
  1070: 252558.000 252587.000 252608.000 252683.000 253063.000
  1075: 253128.000 253183.000 253240.000 253253.000 253273.000
  1080: 253389.000 253618.000 253668.000 253679.000 253719.000
  1085: 253796.000 253829.000 254082.000 254126.000 254154.000
  1090: 254160.000 254189.000 254248.000 254296.000 254326.000
  1095: 254340.000 254348.000 261274.000 276139.000 277035.000
  1100: 277536.000 288078.000 294589.000 294659.000 295030.000
  1105: 295088.000 295153.000 296553.000 305717.000 308611.000
  1110: 312299.000 313889.000 314063.000 315617.000 316519.000
  1115: 316797.000 316843.000 317841.000 329863.000 330302.000
  1120: 338266.000 341770.000 342137.000 352969.000 354144.000
  1125: 354580.000 354681.000 354692.000 355416.000 355456.000
  1130: 355491.000 355520.000 355578.000 355666.000 356001.000
  1135: 356055.000 356152.000 356214.000 356224.000 356235.000
  1140: 356780.000 356915.000 356988.000 357057.000 357078.000
  1145: 357277.000 357329.000 357338.000 357374.000 357385.000
  1150: 357470.000 357556.000 357600.000 357620.000 357627.000
  1155: 357637.000
D:
     0: 10442.000 13195.000 22989.000 28362.000 32039.000
     5: 34965.000 40837.000 45422.000 47296.000 52912.000
    10: 58190.000 59831.000 65130.000 68980.000 72511.000
    15: 75299.000 77289.000 81387.000 83797.000 88979.000
    20: 160178.000 164312.000 168905.000 173977.000 178680.000
    25: 181406.000 184238.000 189398.000 194611.000 196476.000
    30: 198747.000 201712.000 205133.000 207137.000 210342.000
    35: 212063.000 215334.000 222882.000 225444.000 229536.000
    40: 231056.000 233938.000 236303.000 239269.000 241635.000
    45: 246791.000 251142.000 254326.000 357600.000
E:
     0: 1671.000 2141.000 3386.000 3717.000 6296.000
     5: 7303.000 8263.000 9447.000 10133.000 10817.000
    10: 12042.000 12469.000 12614.000 13267.000 13281.000
    15: 13305.000 13322.000 13772.000 15941.000 18133.000
    20: 19986.000 20144.000 21078.000 21122.000 21228.000
    25: 21801.000 21841.000 21878.000 21966.000 22469.000
    30: 22479.000 22484.000 22502.000 22510.000 22611.000
    35: 23242.000 23882.000 25331.000 26033.000 26446.000
    40: 27307.000 27319.000 28023.000 28606.000 29278.000
    45: 31257.000 31359.000 32303.000 32817.000 34132.000
    50: 34349.000 35026.000 35050.000 35839.000 37027.000
    55: 37843.000 37972.000 38632.000 38834.000 38962.000
    60: 39530.000 39536.000 39555.000 39581.000 40209.000
    65: 40350.000 41014.000 41750.000 42911.000 42925.000
    70: 43262.000 43277.000 43490.000 44199.000 44255.000
    75: 44573.000 44581.000 44972.000 45658.000 45674.000
    80: 46216.000 46406.000 47414.000 47670.000 47912.000
    85: 51022.000 51628.000 52234.000 52981.000 52991.000
    90: 53090.000 53471.000 55238.000 55597.000 56569.000
    95: 56601.000 57056.000 57130.000 57483.000 57511.000
   100: 57538.000 57876.000 58368.000 58386.000 58951.000
   105: 59055.000 60014.000 60539.000 61677.000 61796.000
   110: 62503.000 62885.000 63425.000 64340.000 64422.000
   115: 65342.000 65548.000 65897.000 66737.000 67422.000
   120: 67430.000 67681.000 68225.000 68389.000 69119.000
   125: 69490.000 69719.000 71060.000 71099.000 71205.000
   130: 71927.000 71955.000 72069.000 72824.000 73360.000
   135: 73476.000 74602.000 74622.000 74998.000 75017.000
   140: 75402.000 76072.000 76368.000 77559.000 78076.000
   145: 78230.000 79199.000 79234.000 79615.000 80141.000
   150: 80193.000 80794.000 81533.000 81562.000 81996.000
   155: 83169.000 83514.000 83534.000 83880.000 84566.000
   160: 85655.000 86056.000 86070.000 86771.000 87200.000
   165: 87221.000 87605.000 88165.000 88716.000 88738.000
   170: 88747.000 89163.000 89760.000 90898.000 91686.000
   175: 92686.000 93515.000 95111.000 95123.000 97082.000
   180: 99550.000 100630.000 101647.000 102724.000 103216.000
   185: 104506.000 106610.000 110516.000 111690.000 114508.000
   190: 115679.000 116411.000 117048.000 118131.000 119017.000
   195: 123880.000 125702.000 128048.000 128420.000 129679.000
   200: 131864.000 131901.000 131970.000 131974.000 132390.000
   205: 133867.000 135979.000 139486.000 140691.000 144998.000
   210: 145405.000 145801.000 147068.000 147354.000 150098.000
   215: 150568.000 150767.000 155135.000 156512.000 159782.000
   220: 160510.000 161275.000 163065.000 163555.000 164378.000
   225: 164407.000 164416.000 164440.000 165094.000 166420.000
   230: 166892.000 167509.000 167976.000 167997.000 168006.000
   235: 168014.000 168064.000 168129.000 168633.000 168669.000
   240: 169038.000 169886.000 171124.000 171145.000 171401.000
   245: 171426.000 171429.000 171446.000 171726.000 171751.000
   250: 172288.000 172309.000 172335.000 172512.000 173142.000
   255: 173667.000 174098.000 174539.000 176406.000 176423.000
   260: 176548.000 177571.000 177626.000 177916.000 177929.000
   265: 178267.000 178284.000 178823.000 179218.000 179476.000
   270: 180416.000 181149.000 181173.000 181561.000 181581.000
   275: 181963.000 183318.000 183519.000 184480.000 184739.000
   280: 184937.000 186505.000 187460.000 187830.000 188267.000
   285: 188636.000 188664.000 189119.000 189142.000 189708.000
   290: 190418.000 192275.000 192279.000 192387.000 193858.000
   295: 194768.000 195126.000 196624.000 196851.000 196990.000
   300: 198120.000 198142.000 198479.000 198502.000 198823.000
   305: 199200.000 199463.000 200677.000 201206.000 201228.000
   310: 201249.000 201790.000 202203.000 203690.000 203751.000
   315: 203762.000 203872.000 204726.000 204760.000 204777.000
   320: 205214.000 205752.000 205878.000 207195.000 207901.000
   325: 208761.000 209399.000 209666.000 210451.000 210816.000
   330: 212211.000 212629.000 213753.000 214000.000 214616.000
   335: 215019.000 215508.000 215968.000 217143.000 217621.000
   340: 218058.000 218710.000 219218.000 219723.000 220193.000
   345: 221672.000 221856.000 222457.000 223060.000 223078.000
   350: 223386.000 224634.000 224865.000 225550.000 225825.000
   355: 226032.000 227059.000 227083.000 227443.000 227488.000
   360: 227903.000 228281.000 228727.000 229783.000 230218.000
   365: 231190.000 231718.000 232890.000 232913.000 233047.000
   370: 234099.000 234408.000 235731.000 235951.000 236357.000
   375: 236381.000 236665.000 236879.000 237031.000 237822.000
   380: 238321.000 238920.000 239429.000 239888.000 240928.000
   385: 241383.000 241792.000 242308.000 243460.000 243947.000
   390: 243955.000 243964.000 243995.000 244441.000 244488.000
   395: 245053.000 245562.000 246105.000 247043.000 247407.000
   400: 247632.000 248607.000 249101.000 249130.000 249594.000
   405: 250077.000 250823.000 251385.000 251395.000 251816.000
   410: 252841.000 253460.000 253981.000 254020.000 254478.000
   415: 254908.000 255393.000 259148.000 260711.000 262873.000
   420: 265137.000 265145.000 265198.000 266393.000 268368.000
   425: 271471.000 275900.000 276822.000 277157.000 277631.000
   430: 277687.000 277864.000 277890.000 280458.000 282621.000
   435: 285991.000 287636.000 287728.000 293463.000 294455.000
   440: 296764.000 297991.000 301429.000 302841.000 306556.000
   445: 308426.000 312034.000 315526.000 316352.000 317529.000
   450: 328086.000 330074.000 330157.000 330411.000 333252.000
   455: 335553.000 337310.000 340452.000 341362.000 341932.000
   460: 350415.000 351067.000 354952.000 355732.000 355759.000
   465: 355866.000 356370.000 356375.000 356396.000 356438.000
   470: 356651.000 357157.000 357183.000 357752.000 358507.000
   475: 358722.000 359885.000
O:
     0: 16313.000 25506.000 30879.000 34665.000 37232.000
     5: 43117.000 45643.000 48958.000 54115.000 59657.000
    10: 61406.000 66934.000 70782.000 74246.000 76939.000
    15: 82880.000 85350.000 90394.000 162663.000 166225.000
    20: 170793.000 175831.000 180652.000 182989.000 185759.000
    25: 191189.000 196248.000 197808.000 203147.000 206792.000
    30: 208932.000 211828.000 213494.000 216566.000 224185.000
    35: 226711.000 232239.000 235317.000 238039.000 240655.000
    40: 242986.000 255579.000
Q:
     0: 16313.000 25506.000 37232.000 48958.000 54115.000
     5: 66934.000 76939.000 90394.000 162663.000 175831.000
    10: 180652.000 185759.000 191189.000 203147.000 208932.000
    15: 216566.000 224185.000 232239.000 235317.000 242986.000
    20: 255579.000
\ROI5 -2
