File: C:\MED-PC\Data\2019-09-30_09h44m_Subject 19008.txt


Start Date: 09/30/19
End Date: 09/30/19
Subject: 19008
Experiment: fr8
Group: 1
Box: 1
Start Time: 09:44:09
End Time: 10:46:49
MSN: FR8 8p TTLforROItoAnymaze
B:   8.000
F:   0.000
H: 264.000
L: 1405.000
R:  92.000
U:  46.000
V: 463.000
A:
     0:    0.000    1.000
C:
     0: 6201.000 6235.000 6670.000 6682.000 7528.000
     5: 7562.000 7587.000 7609.000 7627.000 8252.000
    10: 8273.000 8302.000 8329.000 8704.000 8725.000
    15: 8747.000 8780.000 8800.000 8844.000 8882.000
    20: 9256.000 9294.000 9320.000 9338.000 9362.000
    25: 9380.000 9401.000 9422.000 11732.000 11760.000
    30: 11785.000 11809.000 11831.000 11853.000 11883.000
    35: 11909.000 11935.000 11959.000 12008.000 12030.000
    40: 12053.000 12159.000 12182.000 12207.000 12227.000
    45: 12282.000 12309.000 12339.000 13986.000 14033.000
    50: 14055.000 14083.000 14109.000 14127.000 14863.000
    55: 14885.000 14909.000 14926.000 14972.000 15003.000
    60: 15038.000 15708.000 15739.000 15770.000 15783.000
    65: 15806.000 15825.000 15840.000 15877.000 17655.000
    70: 17675.000 17695.000 17721.000 17746.000 17769.000
    75: 17831.000 17851.000 17880.000 17918.000 17937.000
    80: 17962.000 17987.000 18029.000 18095.000 18113.000
    85: 18133.000 18199.000 18220.000 18246.000 18274.000
    90: 18297.000 19968.000 19987.000 20013.000 20035.000
    95: 20067.000 20118.000 20146.000 20166.000 20199.000
   100: 20220.000 20243.000 20564.000 20584.000 20639.000
   105: 21809.000 21890.000 21954.000 21982.000 22004.000
   110: 22468.000 22489.000 22514.000 22536.000 22562.000
   115: 22586.000 22625.000 23197.000 23207.000 23226.000
   120: 23247.000 23268.000 23294.000 23313.000 23328.000
   125: 24763.000 24784.000 24819.000 24841.000 24862.000
   130: 24886.000 24911.000 24936.000 24963.000 25012.000
   135: 25032.000 25051.000 25073.000 25100.000 25142.000
   140: 25163.000 25188.000 25286.000 25300.000 27032.000
   145: 27046.000 27063.000 27084.000 27113.000 27139.000
   150: 27179.000 27197.000 27220.000 27250.000 27274.000
   155: 27340.000 27467.000 27496.000 28886.000 28934.000
   160: 28955.000 28975.000 29003.000 29023.000 29666.000
   165: 29702.000 29725.000 29747.000 29769.000 29788.000
   170: 29816.000 29834.000 29860.000 31410.000 31432.000
   175: 31451.000 31474.000 31495.000 31533.000 31564.000
   180: 31592.000 31626.000 31670.000 31690.000 31712.000
   185: 31739.000 31785.000 31801.000 31822.000 31867.000
   190: 31885.000 31919.000 31940.000 33783.000 33825.000
   195: 33846.000 33889.000 33929.000 34430.000 34455.000
   200: 34532.000 34554.000 34575.000 34603.000 34609.000
   205: 35248.000 35306.000 35319.000 35356.000 35379.000
   210: 35408.000 35426.000 35450.000 36813.000 36885.000
   215: 36906.000 36932.000 36960.000 36981.000 37006.000
   220: 37034.000 37071.000 37090.000 37111.000 37138.000
   225: 37156.000 37180.000 37210.000 37226.000 37250.000
   230: 37278.000 37347.000 37373.000 37391.000 38849.000
   235: 38901.000 38928.000 38952.000 38979.000 39000.000
   240: 39019.000 39036.000 39064.000 39079.000 40228.000
   245: 40248.000 40272.000 40299.000 40328.000 40348.000
   250: 40387.000 40412.000 40445.000 40481.000 40508.000
   255: 40566.000 40582.000 40606.000 40627.000 40647.000
   260: 40745.000 40767.000 41997.000 42019.000 42045.000
   265: 42086.000 42118.000 42582.000 42606.000 42629.000
   270: 42649.000 42669.000 42695.000 42712.000 43221.000
   275: 43251.000 43274.000 43297.000 43318.000 43341.000
   280: 43363.000 43384.000 44433.000 44446.000 44459.000
   285: 44481.000 44508.000 44518.000 44541.000 44600.000
   290: 44623.000 44645.000 44674.000 44689.000 44716.000
   295: 44822.000 44839.000 44859.000 44885.000 44899.000
   300: 44921.000 44951.000 44968.000 44987.000 46216.000
   305: 46237.000 46266.000 46279.000 46305.000 46329.000
   310: 46355.000 46379.000 46400.000 47704.000 47731.000
   315: 47748.000 47767.000 47787.000 47803.000 47822.000
   320: 47846.000 47860.000 47877.000 49287.000 49353.000
   325: 49373.000 49411.000 49478.000 49535.000 49552.000
   330: 49572.000 49591.000 49618.000 49636.000 49706.000
   335: 49722.000 49745.000 49763.000 49804.000 51142.000
   340: 51215.000 51231.000 51249.000 51275.000 51304.000
   345: 51347.000 51936.000 51946.000 51967.000 51991.000
   350: 52009.000 52047.000 52077.000 52093.000 52111.000
   355: 53057.000 53076.000 53104.000 53132.000 53159.000
   360: 53202.000 53224.000 53245.000 53267.000 53303.000
   365: 53336.000 53383.000 53400.000 53423.000 53451.000
   370: 53509.000 53530.000 53549.000 53582.000 53601.000
   375: 54859.000 54879.000 54906.000 54927.000 54951.000
   380: 54990.000 55010.000 55396.000 55439.000 55454.000
   385: 55485.000 55498.000 55528.000 55543.000 55568.000
   390: 55614.000 56485.000 56535.000 56554.000 56582.000
   395: 56610.000 56634.000 56675.000 56696.000 56727.000
   400: 56752.000 56778.000 56858.000 56875.000 56899.000
   405: 56998.000 57013.000 57032.000 57053.000 57084.000
   410: 57101.000 57141.000 57161.000 58525.000 58543.000
   415: 58554.000 58576.000 58600.000 58626.000 58655.000
   420: 58661.000 58683.000 58716.000 58726.000 59848.000
   425: 59889.000 59909.000 59936.000 59948.000 59961.000
   430: 59985.000 60000.000 60023.000 60032.000 61017.000
   435: 61090.000 61108.000 61133.000 61160.000 61180.000
   440: 61200.000 61229.000 61301.000 61317.000 61337.000
   445: 61362.000 61391.000 61409.000 61467.000 61486.000
   450: 61565.000 61581.000 61602.000 61629.000 61643.000
   455: 61665.000 62931.000 62986.000 63012.000 63048.000
   460: 63077.000 63114.000 63138.000 63702.000 63734.000
   465: 63753.000 63779.000 63796.000 63817.000 63840.000
   470: 63861.000 63876.000 63914.000 63970.000 64033.000
   475: 65061.000 65107.000 65128.000 65144.000 65166.000
   480: 65184.000 65206.000 65220.000 65242.000 66634.000
   485: 66736.000 66753.000 66778.000 66806.000 66848.000
   490: 66867.000 66914.000 66935.000 66956.000 66979.000
   495: 67017.000 67036.000 67054.000 67136.000 67154.000
   500: 67177.000 67208.000 68503.000 68532.000 68557.000
   505: 68631.000 68650.000 68667.000 68690.000 68757.000
   510: 68774.000 68795.000 68815.000 68882.000 68902.000
   515: 68923.000 68939.000 69029.000 69047.000 69072.000
   520: 69096.000 71697.000 71723.000 71753.000 71773.000
   525: 71800.000 71815.000 71834.000 71846.000 71864.000
   530: 71892.000 73303.000 73332.000 73357.000 73391.000
   535: 73439.000 73458.000 73489.000 73532.000 73549.000
   540: 73569.000 73616.000 73633.000 73712.000 73725.000
   545: 73744.000 73794.000 73814.000 73835.000 73857.000
   550: 73917.000 75163.000 75209.000 75231.000 75259.000
   555: 75293.000 75341.000 75361.000 75392.000 75418.000
   560: 75466.000 75488.000 75560.000 75580.000 75718.000
   565: 75740.000 75775.000 75788.000 75814.000 77452.000
   570: 77488.000 77506.000 77544.000 77563.000 77595.000
   575: 77613.000 77639.000 77664.000 78885.000 78941.000
   580: 78962.000 78996.000 79045.000 79060.000 79107.000
   585: 79125.000 79145.000 79195.000 79238.000 79307.000
   590: 79321.000 79342.000 79358.000 79419.000 79438.000
   595: 79463.000 79486.000 80570.000 80630.000 80669.000
   600: 80684.000 80702.000 80723.000 80750.000 81419.000
   605: 81461.000 81503.000 81524.000 81549.000 81581.000
   610: 82097.000 82130.000 82151.000 82171.000 82185.000
   615: 82206.000 82231.000 82255.000 82268.000 82295.000
   620: 82312.000 83573.000 83619.000 83638.000 83662.000
   625: 83671.000 83686.000 83709.000 83729.000 83757.000
   630: 83809.000 85134.000 85200.000 85226.000 85269.000
   635: 85323.000 85337.000 85364.000 85430.000 85442.000
   640: 85458.000 85477.000 85562.000 85578.000 85591.000
   645: 85608.000 85627.000 85705.000 85720.000 85739.000
   650: 85764.000 85788.000 85796.000 85830.000 86915.000
   655: 86967.000 86983.000 87008.000 87027.000 87055.000
   660: 87064.000 87076.000 87096.000 87112.000 88663.000
   665: 88712.000 88730.000 88755.000 88786.000 88799.000
   670: 88811.000 88824.000 88852.000 88867.000 88894.000
   675: 89048.000 90334.000 90430.000 90447.000 90466.000
   680: 90485.000 90593.000 90683.000 90702.000 90720.000
   685: 90889.000 90903.000 90918.000 90936.000 90952.000
   690: 90974.000 90999.000 91014.000 91042.000 91061.000
   695: 92391.000 92433.000 92455.000 92476.000 92622.000
   700: 92634.000 92656.000 92822.000 92836.000 92905.000
   705: 92925.000 92954.000 92993.000 93017.000 93039.000
   710: 94273.000 94392.000 94404.000 94443.000 94464.000
   715: 94486.000 94499.000 94540.000 94610.000 95998.000
   720: 96086.000 96105.000 96162.000 96223.000 96240.000
   725: 96255.000 96267.000 96293.000 96307.000 96329.000
   730: 97471.000 97513.000 97533.000 97564.000 97577.000
   735: 97727.000 97779.000 97947.000 97962.000 97983.000
   740: 98007.000 98034.000 98055.000 98084.000 98096.000
   745: 98116.000 98149.000 98169.000 99430.000 99469.000
   750: 99490.000 99690.000 99708.000 99725.000 99748.000
   755: 99766.000 99921.000 99937.000 99960.000 99985.000
   760: 100033.000 100046.000 100082.000 100103.000 101331.000
   765: 101396.000 101434.000 101509.000 101528.000 101549.000
   770: 101577.000 101592.000 103203.000 103351.000 103427.000
   775: 103446.000 103788.000 103806.000 103825.000 103847.000
   780: 103875.000 103934.000 113676.000 113691.000 113709.000
   785: 113736.000 113798.000 113819.000 113951.000 113963.000
   790: 115343.000 115358.000 115379.000 115411.000 115429.000
   795: 115467.000 115487.000 115511.000 115535.000 115547.000
   800: 115569.000 115603.000 116909.000 116955.000 116972.000
   805: 116997.000 117107.000 117121.000 117139.000 117157.000
   810: 117226.000 117362.000 117381.000 117398.000 117498.000
   815: 117518.000 117537.000 117561.000 117579.000 119259.000
   820: 119278.000 119305.000 119396.000 119427.000 119506.000
   825: 120252.000 120265.000 120281.000 120307.000 120332.000
   830: 120354.000 120373.000 120391.000 125664.000 125691.000
   835: 126942.000 131213.000 131234.000 131258.000 131274.000
   840: 131297.000 131324.000 131346.000 131368.000 131397.000
   845: 131426.000 131442.000 133397.000 133529.000 133547.000
   850: 133946.000 133967.000 133985.000 134008.000 134013.000
   855: 134099.000 134147.000 136036.000 136218.000 136564.000
   860: 136598.000 136653.000 137937.000 137985.000 138001.000
   865: 138020.000 138040.000 138072.000 138089.000 138108.000
   870: 138127.000 138149.000 138175.000 138195.000 139742.000
   875: 139756.000 139781.000 139815.000 139829.000 139855.000
   880: 139887.000 139920.000 139936.000 139952.000 139976.000
   885: 139990.000 142470.000 142658.000 142743.000 142900.000
   890: 142917.000 142935.000 142956.000 143055.000 143074.000
   895: 143097.000 143108.000 143128.000 144909.000 144929.000
   900: 144953.000 144978.000 144996.000 145018.000 145040.000
   905: 145062.000 145076.000 145114.000 145146.000 146956.000
   910: 146968.000 146982.000 147001.000 147489.000 147503.000
   915: 147519.000 147539.000 147559.000 147585.000 147601.000
   920: 147622.000 147642.000 147665.000 147697.000 147711.000
   925: 147737.000 147803.000 149529.000 149576.000 149592.000
   930: 149611.000 149632.000 149761.000 149776.000 149791.000
   935: 149812.000 150102.000 150120.000 150143.000 150182.000
   940: 150218.000 150240.000 150255.000 150279.000 151859.000
   945: 151909.000 151929.000 151959.000 151994.000 152005.000
   950: 152054.000 152085.000 153693.000 153723.000 153741.000
   955: 153761.000 153798.000 153814.000 153947.000 154128.000
   960: 154142.000 154158.000 154173.000 154208.000 154233.000
   965: 154275.000 154290.000 154316.000 154341.000 154366.000
   970: 154384.000 154431.000 154449.000 154474.000 156399.000
   975: 156421.000 156442.000 156497.000 156518.000 156538.000
   980: 156558.000 156574.000 156611.000 156625.000 156645.000
   985: 158041.000 158065.000 158108.000 158125.000 158146.000
   990: 158189.000 158207.000 158233.000 158278.000 162880.000
   995: 163000.000 163679.000 163707.000 163723.000 163753.000
  1000: 163774.000 164711.000 164736.000 164750.000 164833.000
  1005: 164874.000 164891.000 164917.000 164940.000 164969.000
  1010: 164982.000 165001.000 167022.000 167049.000 167082.000
  1015: 167102.000 167312.000 167630.000 167645.000 167669.000
  1020: 167689.000 167714.000 167749.000 167763.000 167806.000
  1025: 167988.000 168019.000 208440.000 208474.000 208518.000
  1030: 208543.000 208598.000 208612.000 208633.000 208665.000
  1035: 208689.000 208722.000 208740.000 208772.000 210389.000
  1040: 210420.000 210438.000 210457.000 210953.000 211033.000
  1045: 211267.000 211319.000 220232.000 227937.000 227983.000
  1050: 228067.000 228084.000 228129.000 228175.000 228834.000
  1055: 228857.000 228876.000 228902.000 228950.000 228969.000
  1060: 228995.000 229021.000 229060.000 229076.000 230671.000
  1065: 230703.000 230721.000 230806.000 230825.000 230848.000
  1070: 230868.000 230888.000 230907.000 230933.000 230954.000
  1075: 233071.000 233134.000 233153.000 233197.000 233208.000
  1080: 233243.000 233257.000 233284.000 233302.000 233332.000
  1085: 235266.000 235291.000 235310.000 235335.000 235431.000
  1090: 235446.000 235460.000 235477.000 235499.000 235528.000
  1095: 235917.000 235933.000 235958.000 235982.000 236042.000
  1100: 236061.000 236084.000 236111.000 236134.000 238324.000
  1105: 238374.000 238393.000 238422.000 238444.000 238462.000
  1110: 238479.000 238500.000 238532.000 238571.000 238595.000
  1115: 238621.000 240601.000 240667.000 240686.000 240714.000
  1120: 240734.000 240749.000 240781.000 240803.000 240826.000
  1125: 240847.000 243063.000 243159.000 243256.000 244443.000
  1130: 244491.000 244509.000 244534.000 244580.000 244601.000
  1135: 244616.000 244631.000 244653.000 244683.000 246474.000
  1140: 246529.000 246568.000 246587.000 246602.000 246622.000
  1145: 246645.000 246834.000 246847.000 246863.000 246880.000
  1150: 246899.000 247070.000 247084.000 247106.000 247153.000
  1155: 247164.000 247182.000 247204.000 248795.000 248841.000
  1160: 248919.000 248932.000 248956.000 248968.000 249548.000
  1165: 249576.000 249591.000 249619.000 249650.000 249672.000
  1170: 249695.000 249702.000 249722.000 249745.000 249764.000
  1175: 249790.000 249811.000 251241.000 251328.000 251345.000
  1180: 251365.000 251385.000 251616.000 251877.000 251897.000
  1185: 251922.000 251947.000 253637.000 253652.000 253680.000
  1190: 253702.000 253721.000 253744.000 253760.000 254190.000
  1195: 254226.000 254244.000 254278.000 254333.000 255621.000
  1200: 255661.000 255680.000 255702.000 255710.000 255736.000
  1205: 255758.000 255786.000 257752.000 257915.000 257930.000
  1210: 257949.000 257966.000 258508.000 258526.000 260075.000
  1215: 260127.000 260447.000 260468.000 260612.000 261306.000
  1220: 261335.000 261359.000 261382.000 261414.000 261439.000
  1225: 261468.000 262134.000 262150.000 262171.000 262200.000
  1230: 262221.000 262244.000 262259.000 262299.000 264191.000
  1235: 264215.000 264974.000 265000.000 265021.000 266077.000
  1240: 266084.000 266100.000 266119.000 266136.000 266153.000
  1245: 266168.000 266189.000 266206.000 266225.000 266245.000
  1250: 266262.000 266290.000 268915.000 268968.000 269023.000
  1255: 270237.000 276063.000 300311.000 329011.000 329042.000
  1260: 329064.000 329082.000 329111.000 329132.000 329557.000
  1265: 329571.000 329588.000 329611.000 329633.000 329660.000
  1270: 329681.000 329710.000 331673.000 331685.000 331702.000
  1275: 331723.000 331770.000 331956.000 331975.000 331998.000
  1280: 332017.000 332039.000 332228.000 332246.000 332269.000
  1285: 332319.000 332342.000 332373.000 332388.000 332406.000
  1290: 334152.000 334185.000 334204.000 334225.000 334260.000
  1295: 334283.000 334302.000 334322.000 334348.000 336007.000
  1300: 336024.000 336038.000 336054.000 336079.000 336100.000
  1305: 336117.000 336705.000 336723.000 336743.000 336777.000
  1310: 336802.000 336831.000 336851.000 336880.000 336922.000
  1315: 338934.000 338953.000 338969.000 338987.000 339009.000
  1320: 339031.000 339386.000 339406.000 339443.000 339471.000
  1325: 339527.000 341876.000 342092.000 342106.000 342121.000
  1330: 342137.000 342185.000 342213.000 342243.000 342263.000
  1335: 342331.000 342351.000 342375.000 342402.000 344251.000
  1340: 344279.000 344295.000 344337.000 344397.000 344416.000
  1345: 345141.000 345183.000 345203.000 345245.000 345270.000
  1350: 345274.000 345285.000 345312.000 345343.000 345363.000
  1355: 347339.000 347422.000 347457.000 347474.000 347492.000
  1360: 347507.000 348439.000 348474.000 348494.000 348517.000
  1365: 348538.000 348562.000 348590.000 348607.000 350690.000
  1370: 350764.000 350778.000 350791.000 350806.000 350824.000
  1375: 350842.000 350862.000 350882.000 350901.000 351083.000
  1380: 351106.000 351125.000 351142.000 351157.000 351239.000
  1385: 351260.000 351288.000 351313.000 351341.000 351368.000
  1390: 351398.000 353277.000 353292.000 353311.000 353331.000
  1395: 353352.000 353376.000 353417.000 353450.000 353474.000
  1400: 354989.000 355066.000 356892.000 356985.000 357032.000
D:
     0: 9422.000 11909.000 15877.000 17851.000 20166.000
     5: 23328.000 24936.000 27197.000 29834.000 31592.000
    10: 35450.000 37034.000 39036.000 40412.000 43384.000
    15: 44600.000 46379.000 47846.000 49572.000 52093.000
    20: 53245.000 55568.000 56696.000 58661.000 60000.000
    25: 61229.000 63861.000 65220.000 66914.000 68757.000
    30: 71846.000 73532.000 75392.000 77639.000 79125.000
    35: 82255.000 83729.000 85430.000 87076.000 88824.000
    40: 90702.000 92822.000 94540.000 96267.000 97947.000
    45: 99766.000 101592.000 103847.000 113963.000 115511.000
    50: 117157.000 120391.000 131368.000 134013.000 138108.000
    55: 139920.000 143055.000 145062.000 147539.000 149791.000
    60: 152085.000 154128.000 156574.000 158233.000 164940.000
    65: 167669.000 208665.000 211319.000 229021.000 230888.000
    70: 233284.000 235477.000 238500.000 240803.000 244631.000
    75: 246834.000 249702.000 251897.000 254190.000 255786.000
    80: 262299.000 266189.000 329710.000 331998.000 334322.000
    85: 336880.000 339406.000 342243.000 345312.000 348607.000
    90: 350862.000 353450.000
E:
     0:  531.000 2166.000 2892.000 2927.000 2940.000
     5: 3104.000 4937.000 6810.000 7766.000 8455.000
    10: 9058.000 9605.000 11414.000 12608.000 12613.000
    15: 13733.000 13738.000 14297.000 14653.000 15212.000
    20: 16032.000 17414.000 18512.000 20747.000 21608.000
    25: 22115.000 22790.000 23515.000 24562.000 25412.000
    30: 26832.000 27700.000 28637.000 29163.000 29480.000
    35: 30069.000 31178.000 32118.000 33471.000 34053.000
    40: 34756.000 35077.000 35652.000 35655.000 36596.000
    45: 37599.000 38399.000 38597.000 39212.000 40920.000
    50: 41763.000 42229.000 42880.000 43574.000 45150.000
    55: 45995.000 46536.000 47505.000 48061.000 48975.000
    60: 49083.000 50015.000 50826.000 50942.000 51539.000
    65: 52289.000 53839.000 54651.000 55135.000 55707.000
    70: 57378.000 58310.000 58878.000 59679.000 60171.000
    75: 61816.000 62749.000 63303.000 63537.000 64214.000
    80: 64877.000 65422.000 66388.000 67437.000 68207.000
    85: 68302.000 69339.000 70295.000 71129.000 72053.000
    90: 73039.000 74032.000 76010.000 77243.000 77765.000
    95: 78688.000 79668.000 80361.000 80926.000 81232.000
   100: 81771.000 82522.000 83375.000 83970.000 84815.000
   105: 84933.000 85958.000 87287.000 88259.000 88343.000
   110: 88444.000 89255.000 90027.000 90151.000 91384.000
   115: 93252.000 94061.000 94840.000 95547.000 95738.000
   120: 96446.000 97247.000 98370.000 99156.000 100233.000
   125: 100237.000 101076.000 101842.000 104044.000 108755.000
   130: 112639.000 113437.000 114219.000 115090.000 115918.000
   135: 117858.000 118935.000 119795.000 120713.000 125809.000
   140: 126686.000 129872.000 129936.000 130311.000 130913.000
   145: 131871.000 132893.000 133103.000 134692.000 135760.000
   150: 137160.000 137734.000 138599.000 140532.000 142063.000
   155: 143435.000 144627.000 145425.000 146652.000 148089.000
   160: 150532.000 151534.000 151628.000 152460.000 155019.000
   165: 156150.000 156918.000 158657.000 161598.000 163902.000
   170: 164424.000 165583.000 166710.000 168305.000 197584.000
   175: 207792.000 208972.000 210096.000 214023.000 226787.000
   180: 228308.000 228614.000 229180.000 230377.000 231153.000
   185: 232289.000 232497.000 232640.000 232792.000 233494.000
   190: 234753.000 236336.000 237419.000 237613.000 237732.000
   195: 237863.000 237995.000 238808.000 240055.000 240196.000
   200: 240344.000 240957.000 242206.000 243649.000 244776.000
   205: 247398.000 248503.000 249103.000 250081.000 250959.000
   210: 252172.000 254456.000 255359.000 255364.000 256081.000
   215: 257262.000 257403.000 259453.000 260892.000 261742.000
   220: 262662.000 263775.000 265328.000 265803.000 266656.000
   225: 269372.000 269961.000 275573.000 298718.000 323542.000
   230: 328466.000 329238.000 329245.000 330184.000 331404.000
   235: 332584.000 333742.000 333865.000 334421.000 335776.000
   240: 336307.000 337341.000 338599.000 339817.000 339821.000
   245: 341216.000 341342.000 341500.000 342513.000 343999.000
   250: 344647.000 344956.000 345632.000 346888.000 347015.000
   255: 347719.000 348134.000 348956.000 350110.000 350382.000
   260: 351645.000 353047.000 353767.000 356377.000
O:
     0: 11715.000 13960.000 17633.000 19936.000 21796.000
     5: 24750.000 27023.000 28863.000 31361.000 33761.000
    10: 36812.000 38847.000 40191.000 41948.000 44396.000
    15: 46180.000 47684.000 49287.000 51133.000 53002.000
    20: 54827.000 56487.000 58495.000 59845.000 61013.000
    25: 62930.000 65050.000 66597.000 68464.000 71634.000
    30: 73216.000 75161.000 77427.000 78848.000 80555.000
    35: 83563.000 85131.000 86909.000 88622.000 90323.000
    40: 92324.000 94256.000 95983.000 97425.000 99363.000
    45: 101286.000 103140.000 113622.000 115301.000 116897.000
    50: 119226.000 121584.000 133311.000 135970.000 139677.000
    55: 142301.000 144827.000 146877.000 149501.000 151824.000
    60: 153629.000 156344.000 158024.000 162004.000 166952.000
    65: 170044.000 210338.000 215494.000 230635.000 233021.000
    70: 235232.000 238283.000 240592.000 242467.000 246427.000
    75: 248729.000 251212.000 253564.000 255593.000 257719.000
    80: 264128.000 268690.000 331626.000 334109.000 335957.000
    85: 338868.000 341730.000 344220.000 347291.000 350664.000
    90: 353239.000 354967.000
Q:
     0: 11715.000 17633.000 19936.000 24750.000 27023.000
     5: 31361.000 36812.000 40191.000 44396.000 49287.000
    10: 53002.000 56487.000 61013.000 66597.000 68464.000
    15: 73216.000 75161.000 78848.000 85131.000 90323.000
    20: 92324.000 97425.000 99363.000 103140.000 116897.000
    25: 133311.000 135970.000 142301.000 146877.000 149501.000
    30: 153629.000 162004.000 166952.000 210338.000 215495.000
    35: 235232.000 242467.000 246427.000 251212.000 253564.000
    40: 257719.000 264128.000 331626.000 338868.000 341730.000
    45: 350664.000
\ROI5 - 2
