File: C:\MED-PC\Data\2019-09-26_15h35m_Subject 19004.txt


Start Date: 09/26/19
End Date: 09/26/19
Subject: 19004
Experiment: fr8
Group: 1
Box: 1
Start Time: 15:35:04
End Time: 16:36:21
MSN: FR8 8p TTLforROItoAnymaze
B:   8.000
F:   0.000
H: 354.000
L: 1330.000
R:  91.000
U:  43.000
V: 108.000
A:
     0:    0.000    1.000
C:
     0: 6126.000 6149.000 7058.000 7086.000 7181.000
     5: 7227.000 7868.000 7893.000 7905.000 7931.000
    10: 7960.000 7984.000 8014.000 8450.000 8474.000
    15: 8495.000 8545.000 8575.000 8588.000 9105.000
    20: 9124.000 9151.000 9194.000 9205.000 9234.000
    25: 9259.000 9279.000 9292.000 10900.000 10960.000
    30: 11022.000 11045.000 11098.000 12358.000 12385.000
    35: 12395.000 12413.000 13098.000 13114.000 13136.000
    40: 13168.000 13177.000 13716.000 13758.000 13779.000
    45: 13795.000 13823.000 14423.000 14438.000 14457.000
    50: 14462.000 14492.000 14518.000 15190.000 15221.000
    55: 15237.000 15255.000 15308.000 15351.000 16146.000
    60: 16167.000 16187.000 16201.000 16216.000 16248.000
    65: 16259.000 16293.000 17871.000 17918.000 17953.000
    70: 17973.000 17996.000 19031.000 19054.000 19078.000
    75: 19103.000 19130.000 19864.000 19889.000 19911.000
    80: 19941.000 19963.000 19994.000 20001.000 20548.000
    85: 20586.000 20607.000 20619.000 20625.000 20651.000
    90: 20663.000 21367.000 21415.000 21439.000 21494.000
    95: 21505.000 21529.000 21545.000 21559.000 21572.000
   100: 21600.000 23409.000 23447.000 23463.000 23482.000
   105: 23494.000 23518.000 24196.000 24236.000 24253.000
   110: 24273.000 24323.000 24332.000 24898.000 24925.000
   115: 24929.000 24949.000 24972.000 24991.000 25018.000
   120: 25029.000 25050.000 25064.000 25092.000 25112.000
   125: 26346.000 26384.000 26400.000 26427.000 26449.000
   130: 26456.000 26481.000 26546.000 28139.000 28206.000
   135: 28276.000 28302.000 29244.000 29279.000 29310.000
   140: 29332.000 29355.000 29816.000 29839.000 29846.000
   145: 29868.000 29886.000 29897.000 29923.000 29947.000
   150: 31596.000 31638.000 31658.000 31678.000 31685.000
   155: 32278.000 32301.000 32326.000 32347.000 32363.000
   160: 32373.000 32425.000 32817.000 32836.000 32854.000
   165: 32893.000 33284.000 33313.000 33330.000 33343.000
   170: 33371.000 33413.000 33439.000 33456.000 33469.000
   175: 34667.000 34692.000 34713.000 34765.000 35122.000
   180: 35145.000 35169.000 35180.000 35201.000 35233.000
   185: 35521.000 35548.000 35557.000 35575.000 35589.000
   190: 35601.000 35615.000 35628.000 35654.000 36907.000
   195: 36923.000 36948.000 36976.000 36999.000 37032.000
   200: 37083.000 37439.000 37465.000 37481.000 37489.000
   205: 37517.000 37540.000 37570.000 37594.000 37609.000
   210: 38835.000 38897.000 38953.000 38981.000 38999.000
   215: 39353.000 39372.000 39395.000 39439.000 39467.000
   220: 39494.000 39518.000 40149.000 40173.000 40189.000
   225: 40232.000 40259.000 40274.000 40314.000 40528.000
   230: 40543.000 40555.000 40570.000 40578.000 40597.000
   235: 40627.000 40649.000 41685.000 41707.000 41714.000
   240: 41742.000 41753.000 41780.000 41798.000 42049.000
   245: 42065.000 42094.000 42111.000 42133.000 42155.000
   250: 42178.000 42188.000 43476.000 43522.000 43656.000
   255: 43674.000 43689.000 43715.000 43725.000 44530.000
   260: 44553.000 44575.000 44595.000 44619.000 44636.000
   265: 44656.000 44684.000 45960.000 45982.000 46024.000
   270: 46052.000 46084.000 46105.000 46132.000 46537.000
   275: 46556.000 46587.000 46608.000 46625.000 46645.000
   280: 46693.000 46725.000 47822.000 47847.000 47891.000
   285: 47908.000 47934.000 47950.000 48186.000 48202.000
   290: 48229.000 48237.000 48255.000 48283.000 48322.000
   295: 48338.000 48361.000 49609.000 49637.000 49672.000
   300: 49711.000 49720.000 49737.000 49756.000 49994.000
   305: 50008.000 50026.000 50054.000 50073.000 50101.000
   310: 50129.000 50153.000 51314.000 51342.000 51390.000
   315: 51418.000 51445.000 51457.000 51483.000 51979.000
   320: 52018.000 52029.000 52053.000 52062.000 52087.000
   325: 52733.000 52765.000 52784.000 52820.000 52828.000
   330: 52842.000 52866.000 52893.000 55760.000 55785.000
   335: 55794.000 55819.000 55850.000 55862.000 56500.000
   340: 56525.000 56537.000 56568.000 56588.000 56609.000
   345: 56620.000 56645.000 57191.000 57213.000 57243.000
   350: 57259.000 57278.000 57296.000 57320.000 57777.000
   355: 57797.000 57811.000 57840.000 57864.000 57883.000
   360: 57911.000 57931.000 58983.000 59044.000 59055.000
   365: 59087.000 59115.000 59128.000 59165.000 59202.000
   370: 60304.000 60339.000 60359.000 60396.000 60412.000
   375: 60441.000 60474.000 60512.000 61612.000 61631.000
   380: 61656.000 61684.000 61708.000 61731.000 62963.000
   385: 63023.000 63040.000 63058.000 63082.000 63095.000
   390: 63115.000 63344.000 63363.000 63379.000 63393.000
   395: 63415.000 63437.000 63457.000 63484.000 65291.000
   400: 65326.000 65342.000 65355.000 65392.000 65408.000
   405: 65421.000 65459.000 65482.000 66458.000 66521.000
   410: 66542.000 66551.000 66577.000 66594.000 66909.000
   415: 66936.000 66972.000 66995.000 67027.000 67046.000
   420: 67300.000 67336.000 67354.000 67365.000 67393.000
   425: 67412.000 67440.000 67469.000 67496.000 68463.000
   430: 68512.000 68526.000 68554.000 68789.000 68811.000
   435: 68829.000 68846.000 68853.000 68878.000 68899.000
   440: 68911.000 68945.000 70059.000 70101.000 70135.000
   445: 70154.000 70189.000 70201.000 70232.000 70255.000
   450: 71338.000 71390.000 71458.000 71483.000 71500.000
   455: 71511.000 71529.000 71556.000 71574.000 72354.000
   460: 72386.000 72414.000 72428.000 72466.000 72498.000
   465: 72540.000 72787.000 72833.000 72863.000 72874.000
   470: 72915.000 72943.000 73211.000 73259.000 73279.000
   475: 73299.000 73314.000 73345.000 73370.000 73388.000
   480: 73406.000 74483.000 74505.000 74533.000 74551.000
   485: 74568.000 74584.000 74605.000 74628.000 75731.000
   490: 75749.000 75784.000 75815.000 75824.000 75846.000
   495: 75860.000 76089.000 76116.000 76137.000 76159.000
   500: 76173.000 76211.000 76527.000 76537.000 76548.000
   505: 76565.000 76586.000 76604.000 76625.000 76642.000
   510: 76672.000 77602.000 77641.000 77741.000 77774.000
   515: 77794.000 77803.000 77868.000 78142.000 78161.000
   520: 78191.000 78217.000 78239.000 78260.000 78288.000
   525: 78310.000 78344.000 79259.000 79277.000 79302.000
   530: 79327.000 79376.000 79406.000 79423.000 79463.000
   535: 79511.000 80472.000 80499.000 80530.000 80544.000
   540: 80565.000 80578.000 80600.000 80859.000 80876.000
   545: 80927.000 80964.000 80979.000 80992.000 81014.000
   550: 81034.000 82097.000 82127.000 82236.000 82241.000
   555: 82267.000 82316.000 82338.000 82348.000 83643.000
   560: 83694.000 83743.000 83763.000 83785.000 83990.000
   565: 84032.000 84044.000 84069.000 84093.000 84105.000
   570: 84117.000 84427.000 84486.000 84506.000 84518.000
   575: 84540.000 84555.000 84571.000 84589.000 84607.000
   580: 85314.000 85344.000 85371.000 85393.000 85419.000
   585: 85443.000 85463.000 85488.000 85505.000 86635.000
   590: 86655.000 86770.000 86787.000 86849.000 86877.000
   595: 87214.000 87243.000 87255.000 87278.000 87291.000
   600: 87307.000 87329.000 87347.000 87366.000 87388.000
   605: 87408.000 88320.000 88350.000 88364.000 88386.000
   610: 88398.000 88430.000 88447.000 88498.000 89402.000
   615: 89436.000 89497.000 89525.000 89537.000 89549.000
   620: 89575.000 89607.000 89644.000 90784.000 90827.000
   625: 90874.000 90901.000 90923.000 90942.000 91228.000
   630: 91259.000 91274.000 91307.000 91334.000 91349.000
   635: 91367.000 91824.000 91854.000 91869.000 91914.000
   640: 91922.000 91938.000 91965.000 91998.000 92806.000
   645: 92832.000 92861.000 92877.000 92910.000 92927.000
   650: 92953.000 92979.000 92989.000 93005.000 93018.000
   655: 108379.000 108435.000 108679.000 113063.000 113088.000
   660: 113100.000 116060.000 117672.000 117941.000 118000.000
   665: 118017.000 118055.000 118071.000 118084.000 118112.000
   670: 122495.000 122579.000 122610.000 122631.000 122669.000
   675: 123622.000 123657.000 123667.000 123688.000 123709.000
   680: 123727.000 123740.000 124212.000 124232.000 124250.000
   685: 124267.000 124287.000 124312.000 124337.000 124363.000
   690: 124390.000 124403.000 125399.000 125452.000 125466.000
   695: 125492.000 125500.000 125523.000 125789.000 125806.000
   700: 125834.000 125847.000 125868.000 125895.000 125919.000
   705: 125950.000 127094.000 127131.000 127138.000 127156.000
   710: 127172.000 127190.000 127223.000 127805.000 127842.000
   715: 127860.000 127881.000 127899.000 127907.000 127931.000
   720: 127963.000 127991.000 128011.000 129099.000 129130.000
   725: 129142.000 129210.000 129242.000 129570.000 129595.000
   730: 129613.000 129624.000 129647.000 129674.000 129696.000
   735: 129727.000 129757.000 131004.000 131041.000 131099.000
   740: 131110.000 131126.000 131156.000 131185.000 131223.000
   745: 131263.000 131307.000 132375.000 132397.000 132417.000
   750: 132428.000 132439.000 132459.000 132485.000 132495.000
   755: 132504.000 132530.000 132540.000 133569.000 133599.000
   760: 133639.000 133665.000 133699.000 133727.000 133817.000
   765: 133859.000 134799.000 134839.000 134856.000 134889.000
   770: 134907.000 134920.000 134941.000 134969.000 134985.000
   775: 135970.000 135985.000 136012.000 136028.000 136047.000
   780: 136089.000 136112.000 136128.000 137069.000 137132.000
   785: 137162.000 137175.000 137194.000 137236.000 137254.000
   790: 137311.000 137316.000 137341.000 137361.000 138384.000
   795: 138419.000 138449.000 138488.000 138502.000 138538.000
   800: 138593.000 138961.000 138998.000 139029.000 139043.000
   805: 139080.000 139105.000 139121.000 139154.000 139167.000
   810: 139691.000 139714.000 139735.000 139755.000 139764.000
   815: 139790.000 139820.000 139852.000 139863.000 139888.000
   820: 139912.000 139924.000 141191.000 141216.000 141223.000
   825: 141247.000 141270.000 141281.000 141295.000 141313.000
   830: 141325.000 141344.000 141357.000 141965.000 142002.000
   835: 142020.000 142042.000 142083.000 142099.000 142122.000
   840: 142158.000 143190.000 143240.000 143260.000 143276.000
   845: 143288.000 143327.000 143362.000 143375.000 144342.000
   850: 144370.000 144397.000 144414.000 144434.000 144447.000
   855: 144455.000 144482.000 144497.000 144506.000 145567.000
   860: 145632.000 145651.000 145686.000 145717.000 145739.000
   865: 145774.000 145808.000 146734.000 146763.000 146794.000
   870: 146861.000 146887.000 146919.000 146974.000 147347.000
   875: 147354.000 147373.000 147393.000 147414.000 147437.000
   880: 147445.000 147471.000 147486.000 147500.000 148016.000
   885: 148048.000 148066.000 148079.000 148102.000 148114.000
   890: 148124.000 148150.000 148168.000 148183.000 148197.000
   895: 149183.000 149254.000 149312.000 149352.000 149386.000
   900: 149457.000 149827.000 149862.000 149893.000 149925.000
   905: 149941.000 149951.000 149974.000 149991.000 150004.000
   910: 150032.000 150740.000 150784.000 150857.000 150904.000
   915: 150930.000 150958.000 150989.000 151069.000 151821.000
   920: 151853.000 151875.000 151920.000 151949.000 151969.000
   925: 151980.000 152013.000 153254.000 153306.000 153315.000
   930: 153332.000 153345.000 153358.000 153381.000 153398.000
   935: 153410.000 153418.000 154137.000 154192.000 154228.000
   940: 154257.000 154270.000 154299.000 154327.000 154662.000
   945: 154682.000 154718.000 154732.000 154756.000 154768.000
   950: 154789.000 154803.000 154832.000 154842.000 155707.000
   955: 174672.000 197467.000 208630.000 208853.000 213362.000
   960: 213810.000 234371.000 234795.000 242798.000 242810.000
   965: 242875.000 242895.000 242910.000 242924.000 242962.000
   970: 243305.000 243325.000 243345.000 243366.000 243392.000
   975: 243408.000 243444.000 243458.000 243480.000 243493.000
   980: 243524.000 244678.000 244699.000 244735.000 244752.000
   985: 244778.000 244817.000 244886.000 244926.000 244944.000
   990: 246308.000 246326.000 246346.000 246393.000 246432.000
   995: 246460.000 246751.000 246795.000 246811.000 246835.000
  1000: 246859.000 246884.000 246894.000 247315.000 247331.000
  1005: 247345.000 247363.000 247380.000 247402.000 247414.000
  1010: 247435.000 247459.000 247473.000 247496.000 247551.000
  1015: 248560.000 248588.000 248668.000 248687.000 248705.000
  1020: 248729.000 248750.000 248769.000 248800.000 248810.000
  1025: 248839.000 248878.000 248898.000 248910.000 250105.000
  1030: 250264.000 250289.000 250322.000 250382.000 250395.000
  1035: 250698.000 250718.000 250734.000 250753.000 250775.000
  1040: 250790.000 250799.000 250810.000 250823.000 250838.000
  1045: 250849.000 251695.000 251726.000 251749.000 251770.000
  1050: 251788.000 251803.000 251815.000 251837.000 252949.000
  1055: 252973.000 253001.000 253027.000 253076.000 253125.000
  1060: 253156.000 253191.000 254146.000 254228.000 254270.000
  1065: 254294.000 254335.000 254371.000 254403.000 254427.000
  1070: 255666.000 255700.000 255728.000 255744.000 255765.000
  1075: 255803.000 255827.000 255838.000 255850.000 256964.000
  1080: 256998.000 257021.000 257046.000 257074.000 257084.000
  1085: 257107.000 257122.000 257922.000 258017.000 258068.000
  1090: 258090.000 258118.000 258189.000 258636.000 258674.000
  1095: 258703.000 258725.000 258734.000 258752.000 258777.000
  1100: 258801.000 258822.000 260203.000 260305.000 260322.000
  1105: 260333.000 260605.000 260662.000 260681.000 260697.000
  1110: 260723.000 260735.000 260769.000 261019.000 261051.000
  1115: 261062.000 261088.000 261101.000 261129.000 261143.000
  1120: 261166.000 261181.000 261768.000 261786.000 261844.000
  1125: 261867.000 261884.000 261912.000 262369.000 262433.000
  1130: 262454.000 262476.000 262493.000 262512.000 262546.000
  1135: 262864.000 262913.000 262943.000 262959.000 262979.000
  1140: 262995.000 263010.000 263025.000 263067.000 264108.000
  1145: 264168.000 264264.000 264313.000 264357.000 264475.000
  1150: 264981.000 265011.000 265026.000 265042.000 265059.000
  1155: 265093.000 265123.000 265141.000 265154.000 265162.000
  1160: 265198.000 265787.000 265844.000 265872.000 265884.000
  1165: 265910.000 265925.000 265935.000 265971.000 265986.000
  1170: 266017.000 266935.000 266962.000 266991.000 267018.000
  1175: 267036.000 267048.000 267072.000 267093.000 267119.000
  1180: 267136.000 267151.000 267823.000 267858.000 267895.000
  1185: 267906.000 267919.000 267932.000 267949.000 267986.000
  1190: 267998.000 287280.000 300925.000 333805.000 333861.000
  1195: 333878.000 333911.000 333919.000 333941.000 334241.000
  1200: 334264.000 334284.000 334298.000 334341.000 334369.000
  1205: 334388.000 334425.000 334433.000 334446.000 335294.000
  1210: 335310.000 335327.000 335345.000 335380.000 335394.000
  1215: 335434.000 335460.000 335486.000 336467.000 336580.000
  1220: 336656.000 336687.000 336726.000 337059.000 337102.000
  1225: 337127.000 337159.000 337180.000 337204.000 337246.000
  1230: 337621.000 337654.000 337671.000 337693.000 337719.000
  1235: 337738.000 337750.000 338114.000 338151.000 338174.000
  1240: 338197.000 338226.000 338250.000 338264.000 338297.000
  1245: 339348.000 339402.000 339439.000 339496.000 339578.000
  1250: 339646.000 339692.000 339723.000 340838.000 340889.000
  1255: 340903.000 340921.000 340946.000 340965.000 340988.000
  1260: 341008.000 342113.000 342159.000 342236.000 342264.000
  1265: 342316.000 342441.000 343077.000 343113.000 343123.000
  1270: 343143.000 343163.000 343177.000 343199.000 343211.000
  1275: 343242.000 343265.000 343282.000 343301.000 343842.000
  1280: 343878.000 344049.000 344088.000 344121.000 344669.000
  1285: 344721.000 344748.000 344769.000 344780.000 344809.000
  1290: 344820.000 344851.000 344888.000 344905.000 346209.000
  1295: 346236.000 346258.000 346264.000 346311.000 346344.000
  1300: 346370.000 346742.000 346766.000 346788.000 346808.000
  1305: 346847.000 346866.000 346880.000 346896.000 346921.000
  1310: 346954.000 346966.000 347647.000 347676.000 347722.000
  1315: 347835.000 347848.000 347934.000 348011.000 348474.000
  1320: 348496.000 348514.000 348533.000 348554.000 348566.000
  1325: 348582.000 348605.000 348622.000 348637.000 348667.000
D:
     0: 9279.000 16293.000 21559.000 25029.000 26546.000
     5: 29947.000 33456.000 35628.000 37594.000 40649.000
    10: 42188.000 44684.000 46725.000 48338.000 50153.000
    15: 52893.000 56645.000 57931.000 59202.000 60512.000
    20: 63484.000 65459.000 67469.000 68911.000 70255.000
    25: 71556.000 73388.000 74628.000 76642.000 78310.000
    30: 79463.000 81034.000 82348.000 84589.000 85488.000
    35: 87347.000 88498.000 89607.000 91998.000 92979.000
    40: 118112.000 124363.000 125950.000 127963.000 129727.000
    45: 131223.000 132495.000 133859.000 134969.000 136128.000
    50: 137311.000 139154.000 139852.000 141313.000 142158.000
    55: 143375.000 144482.000 145808.000 147471.000 148150.000
    60: 149991.000 151069.000 152013.000 153398.000 154803.000
    65: 243458.000 244926.000 247435.000 248769.000 250810.000
    70: 251837.000 253191.000 254427.000 255838.000 257122.000
    75: 258801.000 261166.000 263025.000 265141.000 265971.000
    80: 267093.000 267986.000 334425.000 335460.000 338297.000
    85: 339723.000 341008.000 343211.000 344851.000 346896.000
    90: 348605.000
E:
     0:  423.000  434.000 5576.000 5838.000 6634.000
     5: 7508.000 7734.000 8251.000 8784.000 8977.000
    10: 9495.000 11321.000 12476.000 12571.000 13345.000
    15: 13597.000 13976.000 14140.000 14710.000 15444.000
    20: 15572.000 15692.000 16487.000 18206.000 19275.000
    25: 20175.000 20828.000 21707.000 22342.000 23133.000
    30: 23586.000 23600.000 23612.000 23716.000 24479.000
    35: 25175.000 25645.000 26639.000 27388.000 28396.000
    40: 28829.000 29429.000 30037.000 30044.000 31173.000
    45: 31789.000 31990.000 32493.000 32981.000 33545.000
    50: 34255.000 34845.000 35289.000 35752.000 36198.000
    55: 37156.000 37679.000 38262.000 39104.000 39582.000
    60: 39776.000 39880.000 40366.000 40728.000 41140.000
    65: 41279.000 41880.000 42275.000 43196.000 43838.000
    70: 44225.000 44742.000 45288.000 46239.000 46781.000
    75: 47282.000 48025.000 48419.000 48943.000 49831.000
    80: 50214.000 50631.000 51579.000 52168.000 52300.000
    85: 52954.000 53369.000 55049.000 55325.000 56055.000
    90: 56285.000 56719.000 57401.000 57671.000 58000.000
    95: 58542.000 59253.000 59692.000 60660.000 61022.000
   100: 62593.000 63174.000 63562.000 64025.000 65048.000
   105: 65531.000 66002.000 66685.000 67108.000 67546.000
   110: 68037.000 68642.000 69003.000 69691.000 70327.000
   115: 70981.000 71649.000 71976.000 72601.000 73022.000
   120: 73463.000 74154.000 74688.000 75294.000 75950.000
   125: 76305.000 76756.000 77125.000 77963.000 78420.000
   130: 78855.000 79595.000 80046.000 80672.000 81094.000
   135: 81765.000 82443.000 83063.000 83839.000 84183.000
   140: 84302.000 84327.000 84664.000 84978.000 85561.000
   145: 86253.000 86965.000 87475.000 87966.000 88556.000
   150: 89009.000 89726.000 90364.000 91008.000 91434.000
   155: 91617.000 92059.000 92489.000 93079.000 93584.000
   160: 99877.000 102227.000 103301.000 103308.000 105027.000
   165: 105047.000 105493.000 108066.000 108516.000 110042.000
   170: 112811.000 114110.000 115795.000 117354.000 117442.000
   175: 118204.000 118212.000 118617.000 120826.000 122194.000
   180: 122299.000 122843.000 123427.000 123860.000 124018.000
   185: 124472.000 124908.000 125617.000 126014.000 126017.000
   190: 126541.000 127320.000 127607.000 128075.000 128530.000
   195: 129322.000 129818.000 130336.000 130568.000 131380.000
   200: 131872.000 132624.000 133087.000 133954.000 134367.000
   205: 135043.000 135558.000 136225.000 136624.000 137440.000
   210: 138009.000 138726.000 139259.000 139985.000 140787.000
   215: 141443.000 142302.000 142901.000 143436.000 144041.000
   220: 144587.000 145150.000 145943.000 146476.000 147059.000
   225: 147589.000 148267.000 148795.000 149574.000 150100.000
   230: 150509.000 151178.000 152075.000 153512.000 154409.000
   235: 154892.000 156459.000 157568.000 159464.000 161577.000
   240: 163139.000 164503.000 165998.000 170682.000 172278.000
   245: 174482.000 174905.000 179956.000 186955.000 190000.000
   250: 194220.000 197612.000 197939.000 197954.000 204220.000
   255: 209073.000 210921.000 213641.000 216361.000 224884.000
   260: 224920.000 227878.000 234637.000 240315.000 241989.000
   265: 243127.000 243595.000 243603.000 244277.000 245033.000
   270: 245807.000 246516.000 246983.000 247658.000 248180.000
   275: 249012.000 249023.000 249716.000 250471.000 250910.000
   280: 251927.000 253286.000 253796.000 254507.000 255157.000
   285: 255905.000 256593.000 257203.000 258313.000 258896.000
   290: 259702.000 260414.000 260417.000 260831.000 261247.000
   295: 262001.000 262614.000 263136.000 263649.000 264668.000
   300: 265285.000 266103.000 266719.000 267217.000 268058.000
   305: 268884.000 270419.000 273542.000 276142.000 278243.000
   310: 281181.000 286970.000 289879.000 293204.000 296272.000
   315: 300630.000 312024.000 321019.000 325112.000 325116.000
   320: 333561.000 334111.000 334540.000 334546.000 334965.000
   325: 335560.000 335979.000 336829.000 337315.000 337849.000
   330: 338397.000 338866.000 339842.000 340438.000 341102.000
   335: 341779.000 342656.000 343390.000 344239.000 344242.000
   340: 344249.000 344465.000 344979.000 345638.000 345885.000
   345: 346483.000 347032.000 348113.000 348758.000 349417.000
   350: 351590.000 355075.000 356730.000 359980.000
O:
     0: 10864.000 17622.000 23395.000 26326.000 28054.000
     5: 31568.000 34652.000 36857.000 38780.000 41649.000
    10: 43474.000 45862.000 47806.000 49591.000 51255.000
    15: 53746.000 58959.000 60247.000 61541.000 64507.000
    20: 66397.000 68440.000 70042.000 71301.000 72301.000
    25: 74456.000 75688.000 77584.000 79214.000 80447.000
    30: 82083.000 83616.000 85288.000 86597.000 89381.000
    35: 90773.000 92795.000 93894.000 122399.000 125357.000
    40: 127052.000 128969.000 130962.000 132341.000 133524.000
    45: 134748.000 135944.000 137015.000 138344.000 141164.000
    50: 141919.000 144312.000 145467.000 146691.000 147986.000
    55: 149119.000 150701.000 151778.000 157633.000 244632.000
    60: 246283.000 248529.000 250048.000 251664.000 252852.000
    65: 254084.000 255638.000 256938.000 257855.000 260137.000
    70: 261732.000 264047.000 276097.000 335274.000 336401.000
    75: 339305.000 340802.000 342047.000 343789.000 346154.000
    80: 347575.000 356698.000
Q:
     0: 10864.000 17622.000 28054.000 36857.000 38780.000
     5: 43475.000 45862.000 51255.000 60247.000 61541.000
    10: 66397.000 71301.000 72301.000 77584.000 79214.000
    15: 82083.000 86597.000 89381.000 93894.000 122399.000
    20: 128969.000 130962.000 133524.000 137015.000 138344.000
    25: 141919.000 145468.000 146691.000 149119.000 150701.000
    30: 157633.000 244632.000 248529.000 250048.000 252852.000
    35: 254084.000 257855.000 264047.000 336401.000 339305.000
    40: 342047.000 343789.000 347575.000
\roi5-2
