File: C:\MED-PC\Data\2019-08-02_12h24m_Subject 19008.txt


Start Date: 08/02/19
End Date: 08/02/19
Subject: 19008
Experiment: 
Group: 1
Box: 4
Start Time: 12:24:54
End Time: 13:27:12
MSN: FR8 8p First Lever Laser 50
B:   8.000
F:   2.000
H: 811.000
L: 1925.000
R: 123.000
U:  81.000
V: 740.000
A:
     0:    0.000    1.000
C:
     0: 7513.000 11407.000 11437.000 13380.000 13411.000
     5: 13433.000 13461.000 13500.000 13690.000 13711.000
    10: 13738.000 13775.000 13790.000 24536.000 24562.000
    15: 24579.000 24602.000 24640.000 24658.000 24786.000
    20: 25195.000 25219.000 25237.000 25253.000 25275.000
    25: 25301.000 25336.000 25351.000 25371.000 25394.000
    30: 25750.000 25770.000 25786.000 25821.000 25839.000
    35: 26980.000 26992.000 27019.000 27056.000 27648.000
    40: 27667.000 27706.000 27732.000 27759.000 27790.000
    45: 27811.000 27832.000 27859.000 27936.000 28012.000
    50: 28029.000 28051.000 28081.000 28105.000 28256.000
    55: 28274.000 28297.000 29477.000 29506.000 29522.000
    60: 29537.000 29554.000 29582.000 29596.000 29612.000
    65: 30863.000 30988.000 31008.000 31094.000 31112.000
    70: 31142.000 31244.000 31285.000 31429.000 31453.000
    75: 31474.000 31488.000 31519.000 32652.000 32673.000
    80: 32691.000 32708.000 32724.000 32750.000 32776.000
    85: 32786.000 32813.000 33789.000 33808.000 33821.000
    90: 33850.000 33877.000 33921.000 33951.000 34009.000
    95: 34104.000 34137.000 34157.000 34183.000 34208.000
   100: 34356.000 34377.000 34398.000 34437.000 34453.000
   105: 35593.000 35606.000 35621.000 35640.000 35662.000
   110: 35690.000 35714.000 35732.000 35753.000 35781.000
   115: 35825.000 35852.000 35878.000 35898.000 35941.000
   120: 35957.000 35999.000 36007.000 36028.000 36050.000
   125: 36144.000 36161.000 36188.000 36213.000 37137.000
   130: 37160.000 37179.000 37195.000 37213.000 37229.000
   135: 37244.000 37259.000 37271.000 38174.000 38259.000
   140: 38273.000 38298.000 38324.000 38730.000 38747.000
   145: 38770.000 38784.000 38809.000 38817.000 38837.000
   150: 38854.000 38879.000 38931.000 38968.000 38990.000
   155: 39078.000 39093.000 39141.000 39422.000 39432.000
   160: 39453.000 40308.000 40350.000 40374.000 40438.000
   165: 40450.000 40467.000 40488.000 40583.000 40599.000
   170: 40619.000 40841.000 40857.000 40873.000 40890.000
   175: 40931.000 41794.000 41805.000 41818.000 41834.000
   180: 41850.000 41862.000 41896.000 41936.000 42853.000
   185: 42893.000 42911.000 42994.000 43016.000 43074.000
   190: 43285.000 43307.000 43329.000 43431.000 43446.000
   195: 43489.000 43504.000 44835.000 44863.000 44889.000
   200: 44920.000 44937.000 44972.000 44992.000 45011.000
   205: 45857.000 45871.000 45886.000 45906.000 45921.000
   210: 45942.000 45957.000 46000.000 46023.000 46918.000
   215: 47096.000 47440.000 47462.000 47478.000 47497.000
   220: 47527.000 47545.000 47605.000 47652.000 47680.000
   225: 48439.000 48457.000 48474.000 48491.000 48533.000
   230: 48568.000 48582.000 48598.000 48612.000 54149.000
   235: 54179.000 54191.000 54207.000 54222.000 54244.000
   240: 54267.000 54292.000 54394.000 54407.000 54425.000
   245: 54448.000 54541.000 54559.000 54581.000 54602.000
   250: 54624.000 54646.000 54706.000 54725.000 55637.000
   255: 55663.000 55680.000 55700.000 55715.000 55743.000
   260: 55763.000 55808.000 55882.000 55898.000 56044.000
   265: 56078.000 56231.000 56325.000 56388.000 57228.000
   270: 57258.000 57268.000 57290.000 57321.000 57336.000
   275: 57358.000 57371.000 57388.000 57409.000 62548.000
   280: 62579.000 62593.000 62617.000 62634.000 62659.000
   285: 62675.000 62696.000 62712.000 62719.000 62785.000
   290: 62834.000 62850.000 62870.000 62894.000 63003.000
   295: 63044.000 63061.000 63078.000 63103.000 64065.000
   300: 64077.000 64092.000 64108.000 64132.000 64145.000
   305: 64185.000 64206.000 65218.000 65244.000 65298.000
   310: 65313.000 65329.000 65782.000 65794.000 65810.000
   315: 65832.000 66010.000 66066.000 66229.000 66322.000
   320: 66342.000 66356.000 66394.000 67307.000 67327.000
   325: 67343.000 67364.000 67381.000 67409.000 67423.000
   330: 67445.000 68267.000 68279.000 68314.000 68350.000
   335: 68591.000 68632.000 68698.000 68930.000 68943.000
   340: 68986.000 69016.000 69036.000 69994.000 70010.000
   345: 70030.000 70046.000 70072.000 70114.000 70131.000
   350: 70162.000 71232.000 71252.000 71268.000 71286.000
   355: 71311.000 71410.000 71488.000 71504.000 71526.000
   360: 71587.000 71783.000 71801.000 71835.000 72636.000
   365: 72650.000 72667.000 72732.000 73127.000 73145.000
   370: 73159.000 73177.000 73223.000 73255.000 73275.000
   375: 73295.000 73314.000 73336.000 73400.000 73545.000
   380: 73562.000 73589.000 73661.000 73675.000 73695.000
   385: 74554.000 74607.000 74623.000 74643.000 74667.000
   390: 74854.000 74871.000 74890.000 74913.000 74946.000
   395: 74955.000 74968.000 75123.000 75138.000 75155.000
   400: 75211.000 75231.000 75247.000 76281.000 76299.000
   405: 76321.000 76335.000 76371.000 76391.000 79758.000
   410: 79783.000 79799.000 79819.000 79839.000 79864.000
   415: 79889.000 79911.000 79930.000 80041.000 80060.000
   420: 80079.000 80097.000 80115.000 80133.000 80181.000
   425: 80198.000 80259.000 80337.000 80353.000 82846.000
   430: 82861.000 82876.000 82892.000 82914.000 82928.000
   435: 82953.000 82975.000 82994.000 83018.000 84107.000
   440: 84127.000 84150.000 84168.000 84189.000 84216.000
   445: 84254.000 84272.000 84303.000 84347.000 84400.000
   450: 84442.000 84463.000 84482.000 84623.000 84637.000
   455: 84653.000 84668.000 84689.000 84705.000 85699.000
   460: 85709.000 85751.000 85767.000 85793.000 86124.000
   465: 86156.000 86176.000 86197.000 86220.000 86248.000
   470: 86302.000 86323.000 86346.000 86367.000 86484.000
   475: 86500.000 86520.000 86681.000 86698.000 86716.000
   480: 86747.000 86783.000 87709.000 87727.000 87744.000
   485: 87761.000 87810.000 87823.000 87843.000 88220.000
   490: 88238.000 88279.000 88297.000 88323.000 88386.000
   495: 88732.000 88749.000 88762.000 88783.000 88839.000
   500: 88855.000 88925.000 89023.000 89039.000 89059.000
   505: 89084.000 89112.000 89304.000 89319.000 89374.000
   510: 90331.000 90346.000 90375.000 90386.000 90416.000
   515: 90434.000 90495.000 90851.000 90881.000 90964.000
   520: 91039.000 91112.000 91129.000 91148.000 91172.000
   525: 91216.000 91320.000 91341.000 91360.000 91367.000
   530: 91420.000 91435.000 91460.000 91490.000 93554.000
   535: 93579.000 93598.000 93614.000 93626.000 93657.000
   540: 93673.000 93685.000 93706.000 93717.000 93730.000
   545: 93745.000 94710.000 94734.000 94748.000 94765.000
   550: 94793.000 94815.000 95072.000 95089.000 95104.000
   555: 95125.000 95150.000 95172.000 95196.000 95336.000
   560: 95350.000 95370.000 95385.000 96417.000 96434.000
   565: 96448.000 96466.000 96500.000 96539.000 96900.000
   570: 96922.000 96939.000 96961.000 96986.000 97016.000
   575: 97201.000 97218.000 97239.000 97262.000 97280.000
   580: 97511.000 97529.000 97546.000 97576.000 97597.000
   585: 97619.000 98468.000 98503.000 98544.000 101629.000
   590: 102255.000 102278.000 102291.000 102315.000 102336.000
   595: 102356.000 102396.000 102596.000 102780.000 102816.000
   600: 102833.000 102860.000 103697.000 103722.000 103741.000
   605: 103762.000 103785.000 103811.000 103962.000 103978.000
   610: 103996.000 104027.000 104047.000 104069.000 104099.000
   615: 104107.000 104236.000 104246.000 104263.000 104287.000
   620: 104302.000 104349.000 105209.000 105219.000 105236.000
   625: 105404.000 105419.000 105439.000 105466.000 105825.000
   630: 105837.000 105870.000 105886.000 105934.000 105944.000
   635: 106029.000 106045.000 106064.000 106106.000 106341.000
   640: 106354.000 106371.000 106388.000 106421.000 107164.000
   645: 107182.000 107221.000 107238.000 107254.000 107276.000
   650: 107306.000 107646.000 107694.000 107711.000 107728.000
   655: 107763.000 107785.000 107804.000 108105.000 108119.000
   660: 108135.000 108154.000 108175.000 108201.000 108226.000
   665: 108330.000 108346.000 108365.000 108726.000 108744.000
   670: 108760.000 108795.000 109639.000 109655.000 109670.000
   675: 109682.000 109700.000 109736.000 109803.000 109823.000
   680: 109845.000 109874.000 110004.000 110020.000 110039.000
   685: 110060.000 110101.000 110208.000 110223.000 110235.000
   690: 110252.000 111115.000 111201.000 111218.000 111228.000
   695: 111244.000 111277.000 111288.000 111641.000 111658.000
   700: 111679.000 111692.000 111880.000 111898.000 111907.000
   705: 111923.000 111942.000 111967.000 112224.000 112236.000
   710: 112255.000 112295.000 113078.000 113090.000 113119.000
   715: 113139.000 113156.000 113194.000 113214.000 113255.000
   720: 113270.000 114053.000 114071.000 114082.000 114095.000
   725: 114116.000 114158.000 114177.000 114194.000 121307.000
   730: 121332.000 121343.000 121360.000 121383.000 121408.000
   735: 121426.000 121446.000 121467.000 121480.000 121552.000
   740: 121571.000 121593.000 121614.000 121634.000 121783.000
   745: 121801.000 121822.000 121847.000 121869.000 121908.000
   750: 121944.000 122895.000 122927.000 122942.000 122961.000
   755: 122981.000 123004.000 123035.000 123089.000 123160.000
   760: 123176.000 123197.000 123219.000 123442.000 123457.000
   765: 123473.000 123498.000 123541.000 124372.000 124382.000
   770: 124398.000 124418.000 124429.000 124446.000 124483.000
   775: 124505.000 125407.000 125421.000 125440.000 125459.000
   780: 125543.000 125952.000 125968.000 125998.000 126047.000
   785: 126064.000 126082.000 126102.000 126124.000 126150.000
   790: 126288.000 126304.000 126322.000 126527.000 126543.000
   795: 126560.000 126579.000 126594.000 126615.000 126632.000
   800: 127499.000 127514.000 127532.000 127554.000 127595.000
   805: 127622.000 127672.000 127694.000 128377.000 128394.000
   810: 128521.000 128539.000 128555.000 128573.000 128596.000
   815: 128619.000 128631.000 128660.000 128830.000 128850.000
   820: 128865.000 128904.000 128954.000 128971.000 128991.000
   825: 129008.000 129038.000 129933.000 129975.000 129991.000
   830: 130010.000 130025.000 130345.000 130369.000 130385.000
   835: 130402.000 130426.000 130448.000 130473.000 130498.000
   840: 130525.000 130686.000 130705.000 130727.000 130952.000
   845: 130967.000 131007.000 131033.000 131751.000 131767.000
   850: 131783.000 131805.000 131870.000 131886.000 131904.000
   855: 131928.000 131958.000 132088.000 132142.000 132158.000
   860: 132176.000 132232.000 132340.000 132356.000 132374.000
   865: 132393.000 133499.000 133539.000 135490.000 135500.000
   870: 135513.000 135530.000 135550.000 135670.000 135682.000
   875: 135992.000 136003.000 136031.000 136047.000 136065.000
   880: 136091.000 136214.000 136228.000 136245.000 136262.000
   885: 136282.000 136303.000 136348.000 136547.000 136561.000
   890: 136579.000 136598.000 136635.000 136651.000 137606.000
   895: 137622.000 137640.000 137656.000 137676.000 137706.000
   900: 137775.000 137793.000 137813.000 137836.000 137980.000
   905: 137996.000 138017.000 138039.000 138094.000 138267.000
   910: 138281.000 138298.000 138316.000 138334.000 138351.000
   915: 139496.000 139511.000 139548.000 139560.000 139646.000
   920: 139749.000 139761.000 139779.000 139900.000 140002.000
   925: 140040.000 147167.000 147186.000 147204.000 147224.000
   930: 147269.000 147535.000 147552.000 147568.000 147586.000
   935: 147608.000 147770.000 147787.000 147842.000 147868.000
   940: 148743.000 148757.000 148766.000 148782.000 148799.000
   945: 148820.000 148847.000 148871.000 148886.000 149881.000
   950: 149898.000 149916.000 149933.000 149962.000 150043.000
   955: 150062.000 150083.000 150109.000 150466.000 150480.000
   960: 150565.000 152011.000 152026.000 152042.000 152062.000
   965: 152090.000 152111.000 152145.000 152188.000 153055.000
   970: 153074.000 153089.000 153106.000 153141.000 153161.000
   975: 153182.000 153268.000 154667.000 154683.000 154700.000
   980: 154719.000 154739.000 154761.000 154783.000 154805.000
   985: 154838.000 154926.000 154940.000 154957.000 154978.000
   990: 155002.000 155009.000 155278.000 155307.000 155342.000
   995: 155360.000 156109.000 156127.000 156140.000 156158.000
  1000: 156180.000 156209.000 156223.000 156600.000 156616.000
  1005: 156634.000 156652.000 156675.000 156746.000 156966.000
  1010: 156983.000 156999.000 157022.000 157175.000 157208.000
  1015: 157240.000 158050.000 158058.000 158076.000 158094.000
  1020: 158119.000 158151.000 158177.000 158266.000 158283.000
  1025: 158304.000 158322.000 158344.000 158376.000 158605.000
  1030: 158619.000 158635.000 158679.000 159584.000 159601.000
  1035: 159616.000 159656.000 159676.000 159695.000 159725.000
  1040: 159742.000 159758.000 159780.000 159806.000 160685.000
  1045: 160701.000 160719.000 160739.000 160844.000 161257.000
  1050: 161278.000 161326.000 161381.000 161397.000 161416.000
  1055: 161435.000 161457.000 161702.000 161751.000 161768.000
  1060: 161788.000 161810.000 161854.000 161871.000 161896.000
  1065: 162599.000 162615.000 162629.000 162650.000 162669.000
  1070: 162692.000 162727.000 162744.000 162763.000 162786.000
  1075: 162918.000 162933.000 162953.000 162975.000 163016.000
  1080: 163207.000 163220.000 163238.000 163351.000 164126.000
  1085: 164141.000 164158.000 164176.000 164225.000 164246.000
  1090: 164304.000 164642.000 164657.000 164674.000 164696.000
  1095: 164718.000 164746.000 164765.000 164780.000 164838.000
  1100: 164880.000 164893.000 165572.000 165590.000 165607.000
  1105: 165621.000 165643.000 165686.000 165716.000 165736.000
  1110: 165764.000 165788.000 165801.000 166055.000 166073.000
  1115: 166093.000 166110.000 166284.000 166313.000 166330.000
  1120: 166370.000 167108.000 167123.000 167168.000 167184.000
  1125: 167224.000 167298.000 167707.000 167723.000 167738.000
  1130: 167757.000 167833.000 167848.000 167867.000 168281.000
  1135: 168293.000 168311.000 168329.000 169074.000 169082.000
  1140: 169095.000 169110.000 169163.000 169181.000 169200.000
  1145: 169237.000 169292.000 169308.000 169321.000 170255.000
  1150: 170272.000 170285.000 170308.000 170349.000 170604.000
  1155: 170622.000 170640.000 170964.000 170976.000 171009.000
  1160: 171044.000 171083.000 176018.000 176039.000 176056.000
  1165: 176079.000 176102.000 176122.000 176135.000 176146.000
  1170: 176439.000 176499.000 176513.000 176529.000 176546.000
  1175: 176601.000 176616.000 176737.000 177803.000 177826.000
  1180: 177841.000 177857.000 177900.000 177930.000 178029.000
  1185: 178046.000 178060.000 178076.000 178134.000 179045.000
  1190: 179066.000 179081.000 179096.000 179115.000 179135.000
  1195: 179158.000 179174.000 179209.000 180275.000 180319.000
  1200: 180368.000 180397.000 180415.000 180518.000 180534.000
  1205: 180557.000 180578.000 180584.000 180623.000 180638.000
  1210: 180692.000 180885.000 180899.000 180916.000 180935.000
  1215: 181000.000 181017.000 181038.000 181058.000 181813.000
  1220: 181851.000 181865.000 181880.000 181901.000 181925.000
  1225: 181946.000 181987.000 182017.000 182051.000 182177.000
  1230: 182199.000 182300.000 182321.000 182343.000 182382.000
  1235: 190549.000 190647.000 190663.000 190680.000 190712.000
  1240: 190734.000 190787.000 191044.000 191062.000 191080.000
  1245: 191099.000 191122.000 191145.000 191167.000 191244.000
  1250: 192221.000 192236.000 192253.000 192275.000 192296.000
  1255: 192310.000 192327.000 192403.000 192441.000 193695.000
  1260: 193762.000 194420.000 194433.000 194448.000 194474.000
  1265: 194527.000 194540.000 195694.000 195714.000 195736.000
  1270: 195798.000 195815.000 195837.000 195859.000 195961.000
  1275: 195977.000 196083.000 196103.000 197150.000 197190.000
  1280: 197205.000 197224.000 197242.000 197265.000 197622.000
  1285: 197639.000 197660.000 197906.000 197920.000 197935.000
  1290: 197952.000 198048.000 198065.000 199109.000 199327.000
  1295: 199346.000 199364.000 199386.000 199409.000 199455.000
  1300: 199846.000 199864.000 199885.000 199950.000 200003.000
  1305: 200135.000 200169.000 207318.000 207501.000 208866.000
  1310: 208890.000 208910.000 208986.000 209002.000 209021.000
  1315: 209037.000 209057.000 209074.000 209506.000 209520.000
  1320: 209535.000 209553.000 209576.000 209610.000 210603.000
  1325: 210617.000 210638.000 210683.000 210696.000 210711.000
  1330: 210732.000 210753.000 210802.000 212069.000 212082.000
  1335: 212103.000 212156.000 212275.000 212290.000 212308.000
  1340: 212325.000 212878.000 212905.000 212922.000 212943.000
  1345: 212964.000 212980.000 212995.000 217773.000 217789.000
  1350: 217825.000 217847.000 217873.000 217883.000 222145.000
  1355: 222161.000 222171.000 222195.000 222216.000 222236.000
  1360: 222257.000 222278.000 222300.000 222334.000 222355.000
  1365: 222442.000 222456.000 222473.000 222491.000 222510.000
  1370: 222537.000 222561.000 222591.000 222717.000 222731.000
  1375: 222827.000 222842.000 222868.000 222905.000 223905.000
  1380: 223922.000 223939.000 223959.000 223971.000 223987.000
  1385: 224008.000 224020.000 224037.000 224052.000 224070.000
  1390: 224093.000 225114.000 225131.000 225148.000 225163.000
  1395: 225182.000 225198.000 225212.000 225229.000 225253.000
  1400: 225293.000 225305.000 225360.000 226229.000 226248.000
  1405: 226268.000 226287.000 226313.000 226346.000 226570.000
  1410: 226585.000 226603.000 226623.000 226691.000 226947.000
  1415: 226967.000 226982.000 227000.000 228056.000 228085.000
  1420: 228104.000 228123.000 228177.000 228743.000 228768.000
  1425: 228787.000 228803.000 228830.000 228849.000 228878.000
  1430: 229779.000 229794.000 229879.000 229895.000 230034.000
  1435: 230049.000 230551.000 230570.000 230590.000 235061.000
  1440: 235095.000 235111.000 235132.000 235198.000 235233.000
  1445: 235277.000 235297.000 235318.000 235445.000 235462.000
  1450: 235481.000 235667.000 235762.000 236603.000 236617.000
  1455: 236635.000 236651.000 236671.000 237139.000 237152.000
  1460: 237168.000 237188.000 237214.000 237233.000 237255.000
  1465: 237277.000 237297.000 237318.000 237596.000 237612.000
  1470: 237629.000 237650.000 237674.000 237695.000 238584.000
  1475: 238604.000 238623.000 238646.000 238682.000 238700.000
  1480: 238719.000 239082.000 239099.000 239120.000 239137.000
  1485: 239162.000 239183.000 239203.000 239233.000 239269.000
  1490: 239412.000 239431.000 239448.000 239478.000 239498.000
  1495: 239708.000 239724.000 239805.000 240840.000 240867.000
  1500: 240876.000 240897.000 240916.000 240945.000 240961.000
  1505: 240984.000 241000.000 241045.000 241062.000 241087.000
  1510: 241123.000 242134.000 242149.000 242164.000 242203.000
  1515: 242228.000 242247.000 242273.000 242748.000 242762.000
  1520: 242778.000 243641.000 243676.000 243695.000 243745.000
  1525: 243760.000 243826.000 243895.000 244081.000 244187.000
  1530: 244203.000 244344.000 244375.000 244398.000 255429.000
  1535: 255445.000 255461.000 255606.000 255638.000 255657.000
  1540: 255678.000 255698.000 256009.000 256024.000 256040.000
  1545: 256062.000 256079.000 256094.000 256149.000 256163.000
  1550: 256179.000 258645.000 258662.000 258681.000 258703.000
  1555: 258729.000 258753.000 258772.000 258798.000 258819.000
  1560: 258834.000 258912.000 258929.000 258948.000 258966.000
  1565: 258984.000 259147.000 259165.000 259258.000 259272.000
  1570: 259289.000 259310.000 259368.000 260397.000 260436.000
  1575: 260453.000 260468.000 260487.000 260554.000 260569.000
  1580: 260589.000 260606.000 260652.000 260668.000 260681.000
  1585: 260705.000 261677.000 261696.000 261715.000 261737.000
  1590: 261756.000 261921.000 261938.000 261957.000 261974.000
  1595: 261996.000 262359.000 262374.000 262391.000 262440.000
  1600: 262492.000 262535.000 263367.000 263446.000 263457.000
  1605: 263471.000 263491.000 263533.000 263547.000 263974.000
  1610: 263989.000 264008.000 264029.000 264045.000 264059.000
  1615: 264078.000 264110.000 264141.000 264163.000 265015.000
  1620: 265663.000 265685.000 265792.000 265808.000 265825.000
  1625: 265845.000 265890.000 265907.000 265928.000 265974.000
  1630: 266903.000 266915.000 266979.000 267013.000 267030.000
  1635: 267053.000 267085.000 267134.000 267147.000 273613.000
  1640: 273636.000 273653.000 273673.000 273696.000 273717.000
  1645: 273813.000 273832.000 273849.000 273866.000 273886.000
  1650: 274029.000 274045.000 274062.000 274082.000 274101.000
  1655: 274217.000 274249.000 274264.000 274281.000 274302.000
  1660: 274336.000 274344.000 274361.000 274385.000 274401.000
  1665: 275787.000 275802.000 275820.000 275841.000 275864.000
  1670: 275921.000 275933.000 275951.000 276005.000 276076.000
  1675: 276895.000 276911.000 276928.000 276958.000 276981.000
  1680: 277000.000 277807.000 277822.000 277841.000 277862.000
  1685: 277878.000 277895.000 277931.000 277948.000 277986.000
  1690: 278126.000 278237.000 278313.000 279595.000 279631.000
  1695: 279650.000 279666.000 279685.000 279855.000 279873.000
  1700: 279889.000 279914.000 279937.000 280204.000 280218.000
  1705: 280236.000 280254.000 280273.000 280291.000 280342.000
  1710: 280371.000 281419.000 281480.000 281498.000 281775.000
  1715: 281867.000 281880.000 281953.000 281971.000 281987.000
  1720: 282007.000 282035.000 282059.000 282075.000 288620.000
  1725: 288639.000 288655.000 288673.000 288696.000 288787.000
  1730: 289043.000 289067.000 289082.000 289100.000 289120.000
  1735: 289140.000 289227.000 289339.000 289355.000 289374.000
  1740: 289388.000 289441.000 289487.000 297566.000 313758.000
  1745: 313887.000 313903.000 313917.000 313965.000 314396.000
  1750: 314409.000 314589.000 314681.000 317616.000 325650.000
  1755: 325677.000 325691.000 325709.000 325731.000 325945.000
  1760: 325987.000 326003.000 326019.000 326037.000 326059.000
  1765: 326100.000 326112.000 326124.000 326277.000 326291.000
  1770: 326314.000 327906.000 328021.000 328039.000 328055.000
  1775: 328071.000 328117.000 328133.000 328216.000 328237.000
  1780: 329763.000 329780.000 329799.000 329818.000 329843.000
  1785: 329876.000 329895.000 329990.000 331609.000 334637.000
  1790: 334653.000 334673.000 334690.000 334713.000 334754.000
  1795: 334771.000 335113.000 335124.000 335141.000 335158.000
  1800: 335176.000 335197.000 335220.000 335241.000 335262.000
  1805: 335288.000 335736.000 335981.000 335995.000 336013.000
  1810: 336030.000 342770.000 342790.000 342804.000 342824.000
  1815: 342845.000 342874.000 342891.000 343129.000 343146.000
  1820: 343169.000 343236.000 343822.000 343865.000 343930.000
  1825: 343945.000 343968.000 345334.000 345352.000 345607.000
  1830: 345729.000 346029.000 346044.000 346059.000 346075.000
  1835: 346107.000 346130.000 347461.000 347472.000 347490.000
  1840: 347573.000 347588.000 347608.000 347628.000 347666.000
  1845: 348784.000 348802.000 348820.000 348838.000 348864.000
  1850: 348887.000 348999.000 349014.000 349035.000 349056.000
  1855: 349313.000 349329.000 349348.000 349366.000 349386.000
  1860: 349406.000 349420.000 349514.000 349527.000 349548.000
  1865: 349612.000 350743.000 350786.000 350799.000 351253.000
  1870: 351347.000 351403.000 351803.000 352057.000 352075.000
  1875: 352562.000 352574.000 352593.000 352611.000 352632.000
  1880: 352648.000 352659.000 352675.000 352689.000 352702.000
  1885: 352776.000 353760.000 353784.000 353805.000 353820.000
  1890: 353837.000 353860.000 353878.000 353898.000 353928.000
  1895: 353954.000 354057.000 354073.000 354090.000 354102.000
  1900: 354124.000 354146.000 354368.000 354384.000 354402.000
  1905: 354427.000 355934.000 356003.000 356020.000 356041.000
  1910: 356129.000 356271.000 356287.000 356304.000 356352.000
  1915: 356367.000 356784.000 356800.000 356820.000 356853.000
  1920: 356911.000 357172.000 357200.000 357226.000 357250.000
D:
     0: 13690.000 25351.000 27832.000 29612.000 31285.000
     5: 32786.000 34009.000 35732.000 37259.000 38854.000
    10: 40583.000 41936.000 43307.000 45011.000 46000.000
    15: 47545.000 48598.000 54292.000 55808.000 57371.000
    20: 62696.000 64206.000 66322.000 67445.000 68930.000
    25: 70162.000 71504.000 73295.000 74890.000 79911.000
    30: 82975.000 84272.000 86323.000 89023.000 91172.000
    35: 93685.000 95089.000 97218.000 102596.000 103978.000
    40: 106045.000 108330.000 109823.000 111923.000 113255.000
    45: 114194.000 121446.000 123089.000 124505.000 126124.000
    50: 127694.000 128619.000 130498.000 131928.000 136228.000
    55: 137793.000 139779.000 147568.000 148871.000 150083.000
    60: 152188.000 153268.000 154805.000 156983.000 158266.000
    65: 159742.000 161457.000 162744.000 164780.000 165736.000
    70: 168281.000 169237.000 170640.000 176146.000 178046.000
    75: 179174.000 180557.000 181987.000 191044.000 192403.000
    80: 194540.000 195961.000 197639.000 199846.000 209057.000
    85: 210753.000 212325.000 222278.000 224020.000 225229.000
    90: 226585.000 228787.000 235297.000 237277.000 239233.000
    95: 240984.000 242748.000 244081.000 255698.000 258798.000
   100: 260589.000 261957.000 264110.000 265890.000 267134.000
   105: 273832.000 275951.000 277822.000 279889.000 281971.000
   110: 289067.000 314589.000 326003.000 328216.000 329990.000
   115: 335241.000 343945.000 346075.000 347666.000 349014.000
   120: 352675.000 353898.000 356304.000
E:
     0: 8645.000 8655.000 8691.000 14043.000 22287.000
     5: 22296.000 23754.000 24893.000 25979.000 27109.000
    10: 27122.000 28366.000 29688.000 31589.000 32381.000
    15: 32878.000 34537.000 34669.000 34682.000 34695.000
    20: 34832.000 34848.000 34855.000 34861.000 36291.000
    25: 36329.000 36340.000 36347.000 36352.000 36364.000
    30: 36370.000 36377.000 36383.000 36389.000 36402.000
    35: 36416.000 36422.000 36429.000 36436.000 36443.000
    40: 36450.000 36456.000 36483.000 36509.000 36524.000
    45: 36539.000 36552.000 36624.000 36639.000 36685.000
    50: 37353.000 37366.000 37389.000 37395.000 38391.000
    55: 39545.000 39571.000 39576.000 41004.000 41053.000
    60: 41114.000 41126.000 41168.000 42012.000 42470.000
    65: 43619.000 43641.000 43645.000 43656.000 43667.000
    70: 43673.000 43679.000 43691.000 43902.000 43943.000
    75: 43957.000 44000.000 44014.000 44058.000 45057.000
    80: 45127.000 45133.000 45138.000 45163.000 45176.000
    85: 45188.000 45428.000 45528.000 46077.000 46127.000
    90: 47774.000 47808.000 47819.000 47831.000 47856.000
    95: 47869.000 47881.000 47894.000 47934.000 47974.000
   100: 48016.000 48666.000 48692.000 48699.000 48704.000
   105: 48710.000 48716.000 48728.000 48739.000 48856.000
   110: 48871.000 50197.000 53695.000 54831.000 54833.000
   115: 54837.000 54844.000 54847.000 54857.000 54893.000
   120: 54905.000 54917.000 54931.000 54939.000 54943.000
   125: 54951.000 54957.000 54963.000 54970.000 54983.000
   130: 54990.000 54996.000 55009.000 55022.000 55031.000
   135: 55035.000 55061.000 55089.000 55102.000 55108.000
   140: 55114.000 55129.000 55142.000 55212.000 55278.000
   145: 55320.000 56435.000 56458.000 56464.000 56470.000
   150: 56474.000 56485.000 56496.000 56784.000 56826.000
   155: 56839.000 56882.000 57466.000 57504.000 57516.000
   160: 57527.000 61781.000 63207.000 63216.000 63238.000
   165: 63249.000 63268.000 63273.000 63279.000 63285.000
   170: 63298.000 63311.000 63324.000 63351.000 63366.000
   175: 63391.000 63419.000 63460.000 63476.000 63488.000
   180: 63501.000 64262.000 64314.000 64320.000 64332.000
   185: 64344.000 64369.000 65415.000 66464.000 67506.000
   190: 69104.000 69110.000 69158.000 69174.000 69179.000
   195: 69204.000 69337.000 69390.000 70214.000 70235.000
   200: 70240.000 70247.000 70265.000 70283.000 70288.000
   205: 70300.000 70312.000 71915.000 71955.000 71960.000
   210: 71965.000 71971.000 71976.000 71987.000 72802.000
   215: 73792.000 73828.000 73840.000 73851.000 75353.000
   220: 75369.000 75374.000 75380.000 75408.000 75413.000
   225: 75424.000 76475.000 79369.000 80462.000 80466.000
   230: 80472.000 80480.000 80483.000 80490.000 80494.000
   235: 82497.000 82540.000 83055.000 83258.000 83272.000
   240: 83910.000 84800.000 84813.000 84825.000 84831.000
   245: 84836.000 84840.000 84846.000 85874.000 86849.000
   250: 86860.000 86865.000 86871.000 86876.000 86881.000
   255: 86893.000 87049.000 87274.000 87287.000 87889.000
   260: 88458.000 89443.000 89489.000 89499.000 89512.000
   265: 89726.000 89740.000 90553.000 91557.000 91563.000
   270: 91630.000 91636.000 91642.000 91655.000 91668.000
   275: 91681.000 91693.000 91746.000 91760.000 91774.000
   280: 92868.000 93818.000 93835.000 93881.000 93909.000
   285: 93916.000 93921.000 93927.000 94034.000 94047.000
   290: 94075.000 94081.000 94089.000 94102.000 94131.000
   295: 94144.000 94186.000 94228.000 94506.000 95484.000
   300: 95533.000 95538.000 95550.000 96627.000 97679.000
   305: 97699.000 97703.000 97708.000 101726.000 101750.000
   310: 102981.000 102993.000 102998.000 103003.000 103013.000
   315: 103024.000 103031.000 103036.000 103048.000 103061.000
   320: 104394.000 104397.000 104404.000 104410.000 104415.000
   325: 105539.000 105542.000 106513.000 106546.000 106551.000
   330: 106556.000 107373.000 107843.000 108861.000 108878.000
   335: 108889.000 110330.000 110357.000 110362.000 110372.000
   340: 111356.000 112428.000 112432.000 112439.000 112443.000
   345: 112495.000 112508.000 113313.000 113317.000 114250.000
   350: 114255.000 115268.000 118000.000 118023.000 118028.000
   355: 120636.000 120686.000 120690.000 120696.000 122013.000
   360: 122044.000 122092.000 122105.000 123620.000 123627.000
   365: 123631.000 123643.000 124570.000 124584.000 124596.000
   370: 124608.000 125658.000 125669.000 125676.000 125682.000
   375: 126703.000 126733.000 127759.000 127777.000 127789.000
   380: 127797.000 129112.000 129123.000 129167.000 130116.000
   385: 131112.000 132465.000 132496.000 132501.000 132507.000
   390: 135085.000 135099.000 135115.000 135126.000 135132.000
   395: 135791.000 136714.000 136724.000 136736.000 136746.000
   400: 136751.000 136756.000 136762.000 136767.000 136790.000
   405: 138453.000 138472.000 138483.000 138494.000 138506.000
   410: 138530.000 139250.000 140140.000 140159.000 140169.000
   415: 140179.000 146434.000 146470.000 146484.000 146487.000
   420: 146496.000 146508.000 147961.000 147966.000 147971.000
   425: 147984.000 147997.000 148974.000 149023.000 149036.000
   430: 150752.000 150762.000 151743.000 152257.000 152270.000
   435: 152282.000 152294.000 153349.000 153363.000 153400.000
   440: 153412.000 153423.000 154343.000 155448.000 155451.000
   445: 155457.000 155469.000 155846.000 156299.000 156309.000
   450: 156333.000 157372.000 157376.000 157382.000 158793.000
   455: 158798.000 158803.000 158815.000 159870.000 159894.000
   460: 160941.000 160949.000 160955.000 160961.000 160973.000
   465: 161978.000 162005.000 162011.000 162023.000 163493.000
   470: 163497.000 163503.000 164386.000 164955.000 164983.000
   475: 164989.000 164994.000 164999.000 165006.000 165017.000
   480: 166493.000 166497.000 167386.000 167396.000 167410.000
   485: 167421.000 167434.000 168424.000 168432.000 168445.000
   490: 169379.000 169427.000 169439.000 169452.000 169478.000
   495: 169492.000 169503.000 171187.000 173059.000 175708.000
   500: 175722.000 175730.000 175737.000 175751.000 176833.000
   505: 176839.000 176863.000 176873.000 176878.000 176883.000
   510: 177518.000 178216.000 178228.000 178249.000 179277.000
   515: 179288.000 181121.000 181142.000 181153.000 182434.000
   520: 182445.000 182455.000 182467.000 184800.000 189848.000
   525: 189864.000 189876.000 189884.000 189892.000 189901.000
   530: 189912.000 189925.000 191367.000 192564.000 192569.000
   535: 192574.000 192580.000 192829.000 194734.000 196219.000
   540: 196228.000 196239.000 196244.000 196250.000 198171.000
   545: 198181.000 198187.000 198191.000 198196.000 198202.000
   550: 198207.000 198214.000 200240.000 200252.000 200263.000
   555: 200267.000 200273.000 200289.000 200294.000 200302.000
   560: 207984.000 209698.000 209703.000 209715.000 210846.000
   565: 210857.000 213083.000 213093.000 213104.000 217289.000
   570: 221512.000 222962.000 222997.000 223777.000 224145.000
   575: 224156.000 225416.000 225427.000 225431.000 225438.000
   580: 225449.000 225525.000 227156.000 227160.000 228976.000
   585: 228982.000 228987.000 228998.000 230296.000 230307.000
   590: 230336.000 234660.000 235852.000 235863.000 235877.000
   595: 235889.000 235894.000 235900.000 235953.000 235966.000
   600: 236859.000 237862.000 237873.000 237878.000 237884.000
   605: 238815.000 238827.000 239918.000 239924.000 239929.000
   610: 239932.000 239941.000 241187.000 241209.000 241214.000
   615: 241219.000 241231.000 242898.000 242903.000 242909.000
   620: 242915.000 242921.000 242927.000 242933.000 242944.000
   625: 242957.000 242993.000 243006.000 246898.000 246908.000
   630: 246914.000 246918.000 246941.000 246951.000 246964.000
   635: 246980.000 246989.000 247001.000 253624.000 254426.000
   640: 254473.000 254488.000 254503.000 254521.000 254529.000
   645: 254619.000 256429.000 256432.000 256439.000 256452.000
   650: 256480.000 258032.000 259457.000 259462.000 259466.000
   655: 259478.000 260824.000 260835.000 262626.000 262631.000
   660: 262636.000 262648.000 263648.000 263659.000 263672.000
   665: 264232.000 264241.000 264254.000 266051.000 266063.000
   670: 266074.000 266088.000 266100.000 266113.000 266126.000
   675: 267237.000 267248.000 267255.000 267260.000 272753.000
   680: 272759.000 272764.000 273338.000 274549.000 274553.000
   685: 274565.000 276177.000 276185.000 276191.000 276197.000
   690: 276209.000 276223.000 276236.000 276248.000 278465.000
   695: 278470.000 278475.000 278487.000 279370.000 280464.000
   700: 280475.000 280487.000 280499.000 282195.000 282220.000
   705: 282243.000 282248.000 282255.000 282261.000 282268.000
   710: 282280.000 287841.000 287852.000 287860.000 287864.000
   715: 288132.000 289531.000 289536.000 289570.000 289576.000
   720: 289581.000 293197.000 297288.000 305222.000 314930.000
   725: 314958.000 314972.000 314978.000 314986.000 314997.000
   730: 315004.000 315011.000 315037.000 316736.000 317933.000
   735: 321454.000 321461.000 321491.000 321496.000 321524.000
   740: 325535.000 326394.000 326424.000 326428.000 326435.000
   745: 326441.000 326445.000 326451.000 328319.000 328548.000
   750: 328554.000 328561.000 328576.000 328581.000 328589.000
   755: 328603.000 328617.000 328659.000 328674.000 328689.000
   760: 328693.000 328702.000 328716.000 330088.000 330098.000
   765: 330104.000 333909.000 333922.000 333934.000 333947.000
   770: 333961.000 333974.000 333988.000 334003.000 334853.000
   775: 336093.000 336139.000 336143.000 336149.000 336637.000
   780: 336685.000 341626.000 342108.000 342966.000 343000.000
   785: 344069.000 346253.000 346264.000 346788.000 347768.000
   790: 347781.000 347790.000 348445.000 348463.000 349752.000
   795: 349763.000 350961.000 350973.000 350985.000 351001.000
   800: 352414.000 352829.000 354549.000 354560.000 355130.000
   805: 357310.000 357322.000 357328.000 357334.000 357338.000
   810: 357343.000
Q:
     0: 7513.000 25195.000 27648.000 30863.000 33789.000
     5: 35593.000 38730.000 40308.000 42853.000 46918.000
    10: 54149.000 55637.000 62548.000 65782.000 68267.000
    15: 71232.000 73127.000 74554.000 79758.000 84107.000
    20: 86124.000 88732.000 90851.000 94710.000 96900.000
    25: 102255.000 103697.000 105825.000 108105.000 109639.000
    30: 111641.000 121307.000 122895.000 125952.000 128377.000
    35: 130345.000 131751.000 135992.000 137606.000 147167.000
    40: 149881.000 154667.000 156600.000 158050.000 161257.000
    45: 162599.000 165572.000 167707.000 170255.000 176018.000
    50: 180275.000 190549.000 193695.000 197150.000 199109.000
    55: 208866.000 212069.000 222145.000 226229.000 228056.000
    60: 235061.000 237139.000 239082.000 242134.000 255429.000
    65: 258645.000 261677.000 265015.000 273613.000 276895.000
    70: 279595.000 288620.000 313758.000 325650.000 331609.000
    75: 335113.000 343129.000 345334.000 348784.000 351253.000
    80: 353760.000
