File: C:\MED-PC\Data\2019-07-25_16h35m_Subject 19002.txt


Start Date: 07/25/19
End Date: 07/25/19
Subject: 19002
Experiment: fr8
Group: 1
Box: 1
Start Time: 16:35:37
End Time: 17:38:25
MSN: FR8 8p First Lever Laser 50
B:   8.000
F:   1.000
H: 369.000
L: 752.000
R:  53.000
U:  54.000
V: 100.000
A:
     0:    0.000    1.000
C:
     0: 10234.000 10300.000 12584.000 12634.000 12658.000
     5: 12677.000 12689.000 12731.000 12781.000 12821.000
    10: 18654.000 18670.000 21182.000 21208.000 21225.000
    15: 21250.000 21266.000 21282.000 21304.000 22460.000
    20: 31023.000 31064.000 31632.000 31661.000 34072.000
    25: 34090.000 34133.000 34190.000 34208.000 34256.000
    30: 34285.000 34302.000 34319.000 34335.000 34353.000
    35: 37500.000 37583.000 37628.000 37684.000 37721.000
    40: 37733.000 37748.000 37778.000 41737.000 41762.000
    45: 41829.000 41882.000 41915.000 41958.000 41971.000
    50: 41986.000 45804.000 45821.000 45834.000 45853.000
    55: 45890.000 45924.000 45976.000 45997.000 46008.000
    60: 46027.000 50707.000 50808.000 50931.000 57142.000
    65: 57189.000 57224.000 57562.000 57878.000 57916.000
    70: 57925.000 57945.000 57967.000 58034.000 58049.000
    75: 58492.000 58535.000 58557.000 58574.000 58591.000
    80: 58615.000 58650.000 58664.000 58681.000 58695.000
    85: 58709.000 58728.000 58763.000 58816.000 58831.000
    90: 58866.000 58887.000 62395.000 62419.000 62441.000
    95: 62469.000 62493.000 62515.000 62563.000 62579.000
   100: 62644.000 62660.000 65686.000 65789.000 65816.000
   105: 65915.000 65930.000 65962.000 66083.000 72366.000
   110: 72393.000 74368.000 75232.000 75243.000 75276.000
   115: 75288.000 75302.000 75312.000 75322.000 75344.000
   120: 75357.000 79237.000 79348.000 84567.000 84632.000
   125: 84656.000 84699.000 84725.000 84750.000 84761.000
   130: 84773.000 84815.000 84828.000 84841.000 88043.000
   135: 88150.000 88226.000 88278.000 88289.000 88337.000
   140: 88353.000 88378.000 93634.000 93656.000 93670.000
   145: 93687.000 93694.000 93730.000 93793.000 93804.000
   150: 93818.000 93835.000 97019.000 97082.000 97181.000
   155: 97273.000 97721.000 97790.000 97877.000 97897.000
   160: 102996.000 103022.000 103048.000 103085.000 103100.000
   165: 103122.000 103131.000 103144.000 103168.000 103198.000
   170: 103208.000 103219.000 103232.000 103268.000 103279.000
   175: 103294.000 106381.000 106747.000 114364.000 115687.000
   180: 117950.000 119900.000 119920.000 119986.000 120015.000
   185: 120033.000 120049.000 120067.000 120095.000 120116.000
   190: 120133.000 120150.000 120164.000 122006.000 122027.000
   195: 122040.000 122062.000 122074.000 122088.000 122102.000
   200: 122122.000 122138.000 122153.000 122185.000 122199.000
   205: 122269.000 126058.000 126183.000 126455.000 126949.000
   210: 126961.000 126979.000 127000.000 127037.000 127064.000
   215: 127081.000 127097.000 127108.000 127140.000 130484.000
   220: 130584.000 130727.000 130770.000 130808.000 130823.000
   225: 130836.000 131974.000 132069.000 132089.000 132101.000
   230: 132123.000 132144.000 132159.000 132170.000 132231.000
   235: 135091.000 136659.000 136764.000 136796.000 136822.000
   240: 136841.000 136856.000 136899.000 136912.000 137053.000
   245: 137261.000 137290.000 140598.000 140660.000 140717.000
   250: 140732.000 140742.000 140756.000 140769.000 140809.000
   255: 143566.000 144173.000 144260.000 144314.000 144325.000
   260: 144354.000 144424.000 144810.000 144896.000 144928.000
   265: 145010.000 145250.000 145280.000 145293.000 145332.000
   270: 145407.000 145425.000 145438.000 147854.000 147877.000
   275: 147929.000 147963.000 148008.000 148024.000 148036.000
   280: 148094.000 148108.000 149766.000 149833.000 149875.000
   285: 150214.000 150229.000 150262.000 150277.000 150287.000
   290: 152154.000 152168.000 152189.000 152211.000 152265.000
   295: 152301.000 152325.000 152362.000 152526.000 152555.000
   300: 152569.000 154295.000 154309.000 154343.000 154358.000
   305: 154402.000 154419.000 154496.000 155220.000 155321.000
   310: 155367.000 155383.000 155395.000 155631.000 155703.000
   315: 155716.000 155737.000 155754.000 158101.000 158175.000
   320: 158201.000 158259.000 158376.000 158387.000 158417.000
   325: 158437.000 159925.000 159987.000 160119.000 160153.000
   330: 160691.000 160745.000 160765.000 160865.000 160928.000
   335: 161342.000 161408.000 161419.000 162967.000 163000.000
   340: 163012.000 163027.000 163083.000 163630.000 163697.000
   345: 163714.000 163730.000 163876.000 163928.000 163944.000
   350: 163962.000 165688.000 165731.000 165753.000 165773.000
   355: 165784.000 165799.000 165842.000 165854.000 165909.000
   360: 165920.000 167481.000 167498.000 167510.000 167530.000
   365: 167547.000 167587.000 167603.000 167622.000 167684.000
   370: 167695.000 167734.000 170580.000 170671.000 170747.000
   375: 170788.000 170807.000 170821.000 171021.000 171033.000
   380: 171048.000 171065.000 171079.000 174066.000 174081.000
   385: 174145.000 174170.000 174238.000 174326.000 174339.000
   390: 174354.000 174415.000 174472.000 174503.000 176112.000
   395: 176149.000 176204.000 176237.000 176284.000 176314.000
   400: 176860.000 176918.000 176992.000 177005.000 177041.000
   405: 177053.000 177069.000 177174.000 177192.000 180273.000
   410: 180340.000 180651.000 180668.000 180720.000 180750.000
   415: 183662.000 183701.000 183726.000 183740.000 183754.000
   420: 183781.000 185472.000 185505.000 185527.000 185552.000
   425: 185571.000 185589.000 185603.000 185628.000 185644.000
   430: 187182.000 187218.000 187254.000 187322.000 187369.000
   435: 187387.000 187403.000 188059.000 188123.000 188159.000
   440: 188172.000 188778.000 188803.000 188818.000 188835.000
   445: 190707.000 190750.000 190765.000 190792.000 190813.000
   450: 190828.000 190842.000 190892.000 193069.000 193124.000
   455: 193163.000 193240.000 193272.000 193967.000 193974.000
   460: 194065.000 194091.000 194282.000 194294.000 194354.000
   465: 194366.000 194381.000 194391.000 196228.000 196291.000
   470: 196336.000 196384.000 196399.000 196899.000 196927.000
   475: 196955.000 196998.000 197016.000 197030.000 197097.000
   480: 197180.000 197231.000 197253.000 198508.000 198567.000
   485: 198594.000 198792.000 198852.000 198876.000 199407.000
   490: 199532.000 199673.000 200012.000 200060.000 200101.000
   495: 200179.000 200189.000 200291.000 200326.000 200354.000
   500: 200370.000 200387.000 200429.000 207491.000 214409.000
   505: 214720.000 214962.000 215557.000 215591.000 215873.000
   510: 216226.000 216272.000 216757.000 216814.000 216851.000
   515: 216880.000 217277.000 217322.000 217471.000 217479.000
   520: 217524.000 219752.000 220384.000 220499.000 220548.000
   525: 221006.000 221264.000 221680.000 221719.000 221739.000
   530: 221754.000 221789.000 221818.000 222134.000 222241.000
   535: 222290.000 222309.000 222327.000 222364.000 222378.000
   540: 222761.000 222796.000 222836.000 222870.000 222891.000
   545: 222904.000 222924.000 222939.000 224838.000 224850.000
   550: 224934.000 224950.000 225059.000 225110.000 225661.000
   555: 225677.000 225965.000 225975.000 226008.000 226023.000
   560: 227913.000 227928.000 227941.000 227974.000 228029.000
   565: 228049.000 228081.000 228095.000 230109.000 230213.000
   570: 230298.000 230665.000 230701.000 230715.000 232256.000
   575: 232413.000 232501.000 232533.000 232692.000 232720.000
   580: 233026.000 233041.000 233068.000 233101.000 233119.000
   585: 233439.000 233520.000 234306.000 234364.000 234385.000
   590: 234413.000 237448.000 237524.000 237610.000 244485.000
   595: 244548.000 244571.000 244593.000 251450.000 251500.000
   600: 257772.000 257798.000 271492.000 271546.000 279271.000
   605: 279343.000 296932.000 297066.000 297091.000 297103.000
   610: 297127.000 297143.000 297174.000 303536.000 303613.000
   615: 303644.000 303659.000 303711.000 303734.000 303749.000
   620: 303839.000 303850.000 303866.000 303882.000 306767.000
   625: 306829.000 306853.000 306865.000 307141.000 307195.000
   630: 307220.000 307246.000 307302.000 307318.000 311778.000
   635: 311850.000 311889.000 311916.000 311935.000 311992.000
   640: 312024.000 312063.000 314811.000 314858.000 314883.000
   645: 314900.000 314992.000 315365.000 315421.000 315444.000
   650: 315489.000 315606.000 315648.000 315667.000 315977.000
   655: 316002.000 316030.000 316045.000 316086.000 316105.000
   660: 316137.000 316168.000 316184.000 318338.000 318345.000
   665: 318414.000 318441.000 318454.000 318486.000 318542.000
   670: 318556.000 321133.000 321171.000 321249.000 321281.000
   675: 321292.000 321311.000 321872.000 321955.000 321985.000
   680: 322012.000 322086.000 322144.000 322410.000 322419.000
   685: 322441.000 322504.000 322524.000 322537.000 322548.000
   690: 322566.000 322593.000 322662.000 322732.000 324014.000
   695: 324063.000 324096.000 324108.000 324150.000 324198.000
   700: 324225.000 324242.000 324365.000 324380.000 324398.000
   705: 326295.000 326371.000 326420.000 326435.000 326947.000
   710: 326969.000 327000.000 327016.000 328947.000 329011.000
   715: 335892.000 336209.000 341857.000 341924.000 351284.000
   720: 351330.000 351359.000 351415.000 351447.000 351473.000
   725: 351487.000 351667.000 351698.000 351738.000 351771.000
   730: 351793.000 351810.000 351826.000 351843.000 351894.000
   735: 354929.000 355023.000 355066.000 355360.000 356282.000
   740: 356295.000 356312.000 356345.000 356390.000 356836.000
   745: 356888.000 356912.000 356924.000 356946.000 356964.000
   750: 357005.000 357038.000
D:
     0: 12821.000 22460.000 34302.000 37778.000 41986.000
     5: 45997.000 58664.000 62579.000 75344.000 84773.000
    10: 88378.000 93804.000 97897.000 103144.000 120095.000
    15: 122122.000 127097.000 132170.000 136912.000 140809.000
    20: 145332.000 148094.000 150287.000 152362.000 155716.000
    25: 158437.000 161419.000 163962.000 165854.000 167622.000
    30: 171033.000 174354.000 177174.000 183740.000 185628.000
    35: 188835.000 190892.000 194366.000 197180.000 200354.000
    40: 222939.000 225677.000 228095.000 303839.000 307246.000
    45: 312063.000 316168.000 318556.000 322566.000 324242.000
    50: 327016.000 351667.000 357038.000
E:
     0:  520.000 4572.000 4620.000 5845.000 10541.000
     5: 15507.000 17386.000 20471.000 23077.000 23161.000
    10: 23279.000 23523.000 24947.000 25186.000 25223.000
    15: 25462.000 25491.000 27331.000 27352.000 29793.000
    20: 30504.000 30518.000 31757.000 33803.000 34590.000
    25: 34606.000 34732.000 34756.000 35113.000 35916.000
    30: 36284.000 37900.000 38106.000 39231.000 39281.000
    35: 39388.000 39793.000 40113.000 40998.000 41009.000
    40: 42199.000 43366.000 43803.000 44152.000 44154.000
    45: 44200.000 44684.000 45185.000 45201.000 46322.000
    50: 46340.000 46383.000 47417.000 48136.000 48441.000
    55: 48573.000 48718.000 49465.000 50191.000 56039.000
    60: 57692.000 58244.000 58261.000 58281.000 58290.000
    65: 59018.000 59021.000 59112.000 59143.000 61110.000
    70: 61113.000 61115.000 61214.000 61815.000 61823.000
    75: 62773.000 63018.000 63035.000 64149.000 64642.000
    80: 64716.000 65134.000 66163.000 66278.000 66324.000
    85: 68388.000 69244.000 71763.000 74709.000 75624.000
    90: 76369.000 76401.000 76896.000 77697.000 78722.000
    95: 79709.000 79892.000 81834.000 82459.000 82466.000
   100: 85000.000 85486.000 86374.000 87022.000 88486.000
   105: 88529.000 88663.000 88704.000 88984.000 88989.000
   110: 91049.000 91058.000 93181.000 93232.000 93429.000
   115: 93493.000 93916.000 93932.000 93954.000 93974.000
   120: 95008.000 95280.000 95617.000 96447.000 97996.000
   125: 98014.000 98040.000 99751.000 100365.000 100378.000
   130: 101283.000 103388.000 103414.000 103609.000 103630.000
   135: 104065.000 104202.000 104213.000 105827.000 105842.000
   140: 107200.000 107218.000 113336.000 113836.000 115858.000
   145: 117422.000 117568.000 119357.000 120286.000 120313.000
   150: 121173.000 121585.000 122358.000 123529.000 123685.000
   155: 125119.000 125831.000 126632.000 126764.000 127251.000
   160: 127263.000 127270.000 127283.000 128729.000 129035.000
   165: 129908.000 131033.000 131058.000 131500.000 131509.000
   170: 131512.000 132291.000 132310.000 132326.000 133596.000
   175: 134283.000 135267.000 135933.000 137443.000 138536.000
   180: 139868.000 140874.000 140890.000 142385.000 142427.000
   185: 142801.000 144518.000 145515.000 145539.000 147263.000
   190: 148198.000 148231.000 149169.000 149615.000 150438.000
   195: 150457.000 151803.000 151901.000 152656.000 153728.000
   200: 154641.000 155827.000 157660.000 157825.000 158552.000
   205: 159658.000 160269.000 161551.000 161572.000 161578.000
   210: 163213.000 163236.000 164039.000 164151.000 165422.000
   215: 165432.000 166090.000 167197.000 167823.000 167832.000
   220: 169221.000 169252.000 170002.000 170268.000 171162.000
   225: 171190.000 173537.000 174649.000 176412.000 177277.000
   230: 177295.000 179343.000 180494.000 180513.000 183904.000
   235: 185743.000 187488.000 188969.000 188988.000 190127.000
   240: 190133.000 190458.000 190963.000 191019.000 193614.000
   245: 193635.000 194497.000 196480.000 196501.000 196528.000
   250: 197345.000 197362.000 197370.000 198975.000 198991.000
   255: 199000.000 199812.000 199829.000 199840.000 199847.000
   260: 199865.000 200514.000 204148.000 204166.000 207178.000
   265: 213832.000 214837.000 216008.000 216027.000 216491.000
   270: 216518.000 216617.000 217010.000 217600.000 217625.000
   275: 219879.000 221459.000 221991.000 222007.000 222523.000
   280: 222635.000 223046.000 223057.000 223072.000 223082.000
   285: 226102.000 228215.000 229917.000 230839.000 231499.000
   290: 232127.000 232834.000 233233.000 233260.000 233300.000
   295: 234540.000 237770.000 238064.000 244020.000 244031.000
   300: 244725.000 244739.000 248428.000 258076.000 258104.000
   305: 265265.000 265267.000 265272.000 267599.000 296443.000
   310: 297240.000 297286.000 303984.000 304016.000 305986.000
   315: 306236.000 307445.000 307459.000 310732.000 312175.000
   320: 312185.000 312189.000 312262.000 312270.000 313088.000
   325: 313861.000 314394.000 315170.000 315204.000 315213.000
   330: 315240.000 315260.000 315874.000 316301.000 316326.000
   335: 318058.000 318075.000 318646.000 318666.000 320604.000
   340: 321405.000 321431.000 322213.000 322234.000 322815.000
   345: 324481.000 325766.000 327153.000 327242.000 327654.000
   350: 331513.000 331539.000 336019.000 341226.000 341232.000
   355: 341547.000 350904.000 351108.000 351998.000 353602.000
   360: 354487.000 356113.000 356452.000 356469.000 356605.000
   365: 357146.000 357177.000 357184.000 359568.000
Q:
     0: 10234.000 18654.000 31023.000 37500.000 50707.000
     5: 57142.000 58492.000 65686.000 79237.000 84567.000
    10: 97019.000 106381.000 114364.000 119900.000 126058.000
    15: 130484.000 136659.000 143566.000 144810.000 149766.000
    20: 155220.000 158101.000 160691.000 163630.000 170580.000
    25: 174066.000 176860.000 180651.000 188059.000 193069.000
    30: 193967.000 198508.000 199407.000 207491.000 214962.000
    35: 217277.000 220384.000 222134.000 224838.000 230109.000
    40: 232256.000 233439.000 251450.000 296932.000 303536.000
    45: 311778.000 315365.000 318338.000 321872.000 326295.000
    50: 328947.000 341857.000 354929.000 356836.000
\300
