File: C:\MED-PC\Data\2019-07-24_09h09m_Subject 19001.txt


Start Date: 07/24/19
End Date: 07/24/19
Subject: 19001
Experiment: fr8
Group: 1
Box: 1
Start Time: 09:09:40
End Time: 10:11:11
MSN: FR8 8p First Lever Laser 50
B:   8.000
F:   1.000
H: 306.000
L: 674.000
R:  19.000
U:  69.000
V:  18.000
A:
     0:    0.000    1.000
C:
     0: 6893.000 6953.000 7310.000 7485.000 7533.000
     5: 11048.000 11081.000 11143.000 12056.000 12089.000
    10: 12158.000 12226.000 12244.000 12259.000 12346.000
    15: 12499.000 12513.000 12532.000 12905.000 12956.000
    20: 13002.000 13061.000 13094.000 13132.000 13650.000
    25: 13691.000 22725.000 22786.000 22879.000 22917.000
    30: 23126.000 23180.000 28274.000 28316.000 28955.000
    35: 29007.000 29147.000 29195.000 29611.000 29720.000
    40: 29743.000 29950.000 29989.000 30016.000 30105.000
    45: 30136.000 33818.000 34423.000 34459.000 34495.000
    50: 34681.000 41048.000 41757.000 41827.000 41938.000
    55: 41965.000 41976.000 42481.000 42631.000 42700.000
    60: 42808.000 43254.000 43279.000 43297.000 43458.000
    65: 43701.000 43721.000 43923.000 44017.000 44875.000
    70: 47573.000 47641.000 47658.000 47737.000 47849.000
    75: 48054.000 48072.000 53298.000 53480.000 53598.000
    80: 53616.000 53676.000 53888.000 53956.000 54299.000
    85: 54326.000 54342.000 54430.000 54445.000 54751.000
    90: 54799.000 54818.000 54838.000 54901.000 54915.000
    95: 54937.000 54988.000 55011.000 55047.000 55123.000
   100: 55149.000 55233.000 55294.000 57551.000 57775.000
   105: 57856.000 58136.000 58223.000 58332.000 58388.000
   110: 59659.000 59717.000 59734.000 59754.000 59834.000
   115: 60320.000 60345.000 60510.000 64099.000 64312.000
   120: 64375.000 64419.000 64438.000 64567.000 65641.000
   125: 65680.000 65693.000 65712.000 65760.000 65866.000
   130: 65899.000 65931.000 66003.000 66078.000 67669.000
   135: 67872.000 68437.000 68558.000 69917.000 69964.000
   140: 69984.000 70198.000 70225.000 70570.000 70633.000
   145: 70661.000 70839.000 70907.000 72281.000 72344.000
   150: 72375.000 72430.000 72532.000 72554.000 72642.000
   155: 72698.000 74685.000 74877.000 75349.000 75383.000
   160: 75476.000 76188.000 76239.000 76384.000 76430.000
   165: 76445.000 76613.000 77044.000 77106.000 77175.000
   170: 77266.000 77305.000 77364.000 77421.000 77811.000
   175: 77834.000 77855.000 77880.000 78057.000 78329.000
   180: 78347.000 78375.000 78432.000 78507.000 80116.000
   185: 80157.000 80260.000 80291.000 80385.000 80501.000
   190: 80542.000 83807.000 83810.000 84005.000 84412.000
   195: 84553.000 84976.000 85061.000 85119.000 85158.000
   200: 85235.000 85327.000 85772.000 85784.000 85802.000
   205: 86049.000 86355.000 86466.000 86530.000 86856.000
   210: 86913.000 88541.000 91546.000 91621.000 91648.000
   215: 91712.000 91792.000 92263.000 92275.000 92366.000
   220: 92420.000 92491.000 92544.000 92593.000 92896.000
   225: 92958.000 93050.000 93194.000 93419.000 93610.000
   230: 93642.000 94132.000 94271.000 94358.000 94409.000
   235: 94431.000 94478.000 94509.000 94633.000 96230.000
   240: 96327.000 96420.000 96698.000 96826.000 96960.000
   245: 97722.000 97792.000 97883.000 98024.000 98078.000
   250: 98164.000 98236.000 98559.000 98760.000 98932.000
   255: 99355.000 99696.000 99805.000 100242.000 100478.000
   260: 100801.000 100941.000 101199.000 101321.000 101704.000
   265: 101775.000 101812.000 101929.000 101977.000 102007.000
   270: 102114.000 102453.000 102504.000 105163.000 105279.000
   275: 105344.000 105819.000 105976.000 106443.000 106463.000
   280: 106556.000 106572.000 106661.000 106860.000 106924.000
   285: 106991.000 108437.000 108556.000 108630.000 108652.000
   290: 108680.000 108778.000 109102.000 110419.000 110480.000
   295: 111058.000 111112.000 111229.000 111807.000 111920.000
   300: 111938.000 111989.000 112079.000 112109.000 113265.000
   305: 113355.000 113385.000 113579.000 114141.000 116159.000
   310: 118507.000 119448.000 120115.000 120390.000 120583.000
   315: 120609.000 120648.000 120691.000 121247.000 121746.000
   320: 121900.000 121970.000 122378.000 122747.000 122866.000
   325: 122926.000 122988.000 123023.000 123067.000 123115.000
   330: 128527.000 128603.000 128625.000 128743.000 130020.000
   335: 130102.000 130171.000 130198.000 130212.000 130271.000
   340: 130313.000 130336.000 132698.000 132831.000 133271.000
   345: 133328.000 134717.000 134766.000 140504.000 140612.000
   350: 140654.000 140684.000 140727.000 140761.000 141106.000
   355: 141189.000 141212.000 141259.000 141393.000 141432.000
   360: 141463.000 141791.000 142038.000 142401.000 142459.000
   365: 142497.000 143076.000 143096.000 143118.000 143208.000
   370: 143259.000 143288.000 143321.000 143690.000 143812.000
   375: 143873.000 143896.000 143962.000 144459.000 144785.000
   380: 145231.000 145394.000 145452.000 145520.000 145587.000
   385: 145876.000 146079.000 146565.000 146867.000 147198.000
   390: 147295.000 147408.000 147452.000 147753.000 148192.000
   395: 148383.000 148944.000 148997.000 149176.000 149228.000
   400: 149266.000 151003.000 151067.000 151112.000 151142.000
   405: 151159.000 151255.000 151394.000 151458.000 151496.000
   410: 157303.000 157599.000 157953.000 159217.000 160297.000
   415: 160327.000 160427.000 160488.000 160529.000 160650.000
   420: 160664.000 161372.000 161508.000 161767.000 162988.000
   425: 163114.000 163128.000 163165.000 163451.000 163522.000
   430: 163580.000 164145.000 164234.000 164295.000 167004.000
   435: 167166.000 167238.000 167292.000 167628.000 167679.000
   440: 167966.000 169176.000 169669.000 169853.000 170062.000
   445: 170385.000 170458.000 170548.000 170575.000 172283.000
   450: 174798.000 174901.000 174967.000 178444.000 180786.000
   455: 180955.000 181437.000 181981.000 182046.000 182109.000
   460: 182197.000 182217.000 182276.000 182324.000 182872.000
   465: 182994.000 183043.000 183293.000 183595.000 183679.000
   470: 183797.000 184137.000 184381.000 184870.000 185057.000
   475: 185261.000 186148.000 186253.000 186284.000 186407.000
   480: 186421.000 186460.000 186807.000 186914.000 186931.000
   485: 186950.000 187048.000 187072.000 187277.000 187332.000
   490: 187353.000 192143.000 192242.000 192778.000 193834.000
   495: 196290.000 196333.000 196443.000 196488.000 199127.000
   500: 199940.000 203761.000 204126.000 206134.000 206312.000
   505: 206368.000 208011.000 208488.000 208711.000 212770.000
   510: 212845.000 212876.000 218957.000 222036.000 223035.000
   515: 223850.000 224494.000 226704.000 226728.000 226761.000
   520: 226849.000 227010.000 227050.000 227110.000 227329.000
   525: 227348.000 230729.000 230833.000 230930.000 240000.000
   530: 240802.000 241065.000 250988.000 251032.000 258166.000
   535: 258394.000 258869.000 259426.000 259863.000 260809.000
   540: 262837.000 263646.000 264000.000 264474.000 265527.000
   545: 265770.000 265862.000 266190.000 268261.000 268326.000
   550: 268353.000 268375.000 268425.000 268796.000 268895.000
   555: 269230.000 269508.000 269528.000 272670.000 273608.000
   560: 273663.000 278380.000 283343.000 283388.000 285538.000
   565: 285628.000 285833.000 286385.000 286475.000 286505.000
   570: 286549.000 286594.000 289218.000 289306.000 289338.000
   575: 293657.000 293770.000 293946.000 294439.000 294615.000
   580: 299126.000 299261.000 299448.000 299923.000 300092.000
   585: 305773.000 309653.000 309737.000 309770.000 309900.000
   590: 310523.000 311274.000 311791.000 311883.000 311950.000
   595: 311967.000 311991.000 312094.000 312150.000 312177.000
   600: 314486.000 315167.000 315887.000 318353.000 319221.000
   605: 322765.000 323211.000 323327.000 323454.000 325281.000
   610: 326011.000 326093.000 326589.000 326752.000 326825.000
   615: 327433.000 327548.000 327577.000 328573.000 328613.000
   620: 328746.000 329716.000 329889.000 330424.000 330487.000
   625: 330489.000 330514.000 330537.000 331339.000 331468.000
   630: 331580.000 331601.000 331925.000 334225.000 334944.000
   635: 335685.000 336184.000 336487.000 336507.000 336520.000
   640: 336598.000 336669.000 336683.000 336955.000 337214.000
   645: 337668.000 342177.000 342819.000 342916.000 343396.000
   650: 343483.000 343497.000 344394.000 344460.000 344759.000
   655: 347062.000 347799.000 348846.000 349497.000 349508.000
   660: 349546.000 349624.000 350279.000 350419.000 350625.000
   665: 350715.000 351805.000 355239.000 355355.000 355716.000
   670: 358824.000 359054.000 359227.000 359957.000
D:
     0: 12499.000 13691.000 30136.000 44017.000 54988.000
     5: 60510.000 65931.000 70661.000 72698.000 78375.000
    10: 94633.000 106991.000 123115.000 130336.000 151458.000
    15: 187332.000 227329.000 286594.000 312177.000
E:
     0: 2971.000 5417.000 5669.000 8056.000 11480.000
     5: 11654.000 12674.000 18952.000 19100.000 19407.000
    10: 19977.000 20278.000 20503.000 20517.000 20744.000
    15: 21819.000 22484.000 26015.000 27628.000 27651.000
    20: 28073.000 29306.000 29329.000 30307.000 31512.000
    25: 31674.000 31708.000 32033.000 32069.000 32918.000
    30: 33452.000 33562.000 34881.000 35806.000 35852.000
    35: 38003.000 38173.000 39181.000 40027.000 42127.000
    40: 42152.000 42989.000 42993.000 45059.000 46217.000
    45: 46571.000 46831.000 47408.000 48223.000 48313.000
    50: 48579.000 48595.000 49975.000 51615.000 51832.000
    55: 51856.000 52037.000 53064.000 54067.000 54552.000
    60: 55360.000 55378.000 57103.000 57114.000 57315.000
    65: 58479.000 59092.000 60596.000 63433.000 63731.000
    70: 63848.000 64702.000 64715.000 64825.000 64909.000
    75: 64926.000 65015.000 66193.000 67308.000 68660.000
    80: 69289.000 69664.000 71020.000 72082.000 72816.000
    85: 74334.000 75545.000 75872.000 76683.000 77503.000
    90: 78615.000 79853.000 80630.000 82485.000 83502.000
    95: 84661.000 85491.000 86638.000 91091.000 91964.000
   100: 92660.000 93879.000 94736.000 95773.000 97067.000
   105: 97463.000 98317.000 99932.000 101461.000 102250.000
   110: 103788.000 104964.000 106075.000 107107.000 108014.000
   115: 109228.000 110154.000 111339.000 112202.000 112966.000
   120: 114394.000 118723.000 120798.000 122093.000 123267.000
   125: 124790.000 127810.000 127819.000 128286.000 128949.000
   130: 130477.000 132434.000 134138.000 138625.000 139158.000
   135: 139223.000 140261.000 140870.000 141528.000 142723.000
   140: 143431.000 144874.000 145655.000 146989.000 147846.000
   145: 149353.000 150035.000 150769.000 151617.000 152710.000
   150: 153963.000 153980.000 154595.000 156045.000 156871.000
   155: 158207.000 158651.000 159942.000 160756.000 161193.000
   160: 162235.000 163648.000 164485.000 164491.000 166713.000
   165: 168162.000 168171.000 169007.000 170163.000 171792.000
   170: 172023.000 172071.000 173546.000 174552.000 177274.000
   175: 179785.000 180593.000 181687.000 182421.000 183925.000
   180: 185420.000 185737.000 186640.000 187435.000 188865.000
   185: 189149.000 190221.000 190231.000 191568.000 193923.000
   190: 196029.000 196697.000 198657.000 198668.000 202523.000
   195: 206003.000 206492.000 208863.000 210101.000 211327.000
   200: 212403.000 212447.000 213053.000 213566.000 215727.000
   205: 217036.000 218667.000 219168.000 223398.000 224814.000
   210: 226400.000 227493.000 230453.000 231066.000 231070.000
   215: 232828.000 232848.000 234525.000 237313.000 239124.000
   220: 241347.000 243905.000 245681.000 249131.000 250796.000
   225: 252925.000 255996.000 256376.000 257483.000 259118.000
   230: 261264.000 261358.000 262520.000 263427.000 264643.000
   235: 265226.000 266329.000 266338.000 266349.000 266425.000
   240: 267946.000 268504.000 269649.000 272440.000 273873.000
   245: 275499.000 276553.000 276559.000 277758.000 278765.000
   250: 279426.000 280734.000 285292.000 286789.000 286804.000
   255: 288290.000 288817.000 288845.000 291458.000 294759.000
   260: 296916.000 298471.000 298868.000 303117.000 304695.000
   265: 308853.000 309438.000 309993.000 311465.000 312259.000
   270: 314067.000 316019.000 318122.000 319517.000 321507.000
   275: 321531.000 322869.000 323570.000 323842.000 326152.000
   280: 327683.000 328000.000 328885.000 330625.000 331201.000
   285: 332047.000 332874.000 334335.000 335925.000 336775.000
   290: 340696.000 341892.000 343128.000 343663.000 343825.000
   295: 344205.000 344986.000 346876.000 348015.000 349727.000
   300: 351929.000 352774.000 354961.000 358524.000 359346.000
   305: 359619.000
Q:
     0: 6893.000 12905.000 28274.000 33818.000 41048.000
     5: 43254.000 53298.000 57551.000 59659.000 67669.000
    10: 69917.000 74685.000 77811.000 83807.000 85772.000
    15: 86856.000 92896.000 96230.000 98559.000 100242.000
    20: 105163.000 108437.000 110419.000 113265.000 119448.000
    25: 122378.000 132698.000 134717.000 141791.000 143690.000
    30: 145876.000 148192.000 157303.000 159217.000 161372.000
    35: 167004.000 169176.000 172283.000 180786.000 182872.000
    40: 184137.000 192143.000 199127.000 203761.000 208011.000
    45: 222036.000 223850.000 240000.000 258166.000 259426.000
    50: 265527.000 268796.000 272670.000 285538.000 293657.000
    55: 299126.000 310523.000 314486.000 318353.000 325281.000
    60: 326589.000 329716.000 334944.000 336955.000 342177.000
    65: 347062.000 348846.000 355239.000 359957.000
