File: C:\MED-PC\Data\2019-07-30_12h15m_Subject 19012.txt


Start Date: 07/30/19
End Date: 07/30/19
Subject: 19012
Experiment: 
Group: 0
Box: 4
Start Time: 12:15:01
End Time: 13:17:36
MSN: FR8 8p First Lever Laser 50
B:   8.000
F:   1.000
H: 117.000
L: 429.000
R:  25.000
U:  33.000
V:  19.000
A:
     0:    0.000    1.000
C:
     0: 14434.000 16275.000 16316.000 16340.000 16442.000
     5: 16499.000 16525.000 29530.000 50246.000 50319.000
    10: 50337.000 50397.000 50509.000 50530.000 50566.000
    15: 52538.000 52567.000 52590.000 52609.000 52628.000
    20: 52655.000 52681.000 52711.000 52738.000 54730.000
    25: 54767.000 54807.000 54844.000 54873.000 54925.000
    30: 55933.000 55959.000 55975.000 55991.000 56012.000
    35: 56045.000 56086.000 56811.000 56824.000 56840.000
    40: 56872.000 56888.000 56914.000 56943.000 56960.000
    45: 56992.000 59141.000 59165.000 59236.000 59262.000
    50: 59285.000 59308.000 59322.000 59351.000 61466.000
    55: 61496.000 61525.000 61551.000 61575.000 61604.000
    60: 61650.000 62442.000 62461.000 62474.000 62491.000
    65: 62509.000 62537.000 62575.000 62594.000 62675.000
    70: 64168.000 64223.000 64258.000 64282.000 65139.000
    75: 65172.000 65192.000 65216.000 65238.000 65281.000
    80: 65334.000 65356.000 65381.000 65426.000 66599.000
    85: 66653.000 66677.000 66732.000 66770.000 66797.000
    90: 66851.000 67866.000 67892.000 67908.000 67926.000
    95: 67965.000 68008.000 68044.000 68120.000 68134.000
   100: 68160.000 68210.000 69703.000 69723.000 69753.000
   105: 69767.000 69786.000 69812.000 69847.000 69886.000
   110: 71170.000 71193.000 71218.000 71235.000 71252.000
   115: 71283.000 71313.000 71326.000 71341.000 71396.000
   120: 72791.000 72825.000 72845.000 72867.000 72891.000
   125: 72904.000 72933.000 72956.000 76704.000 76759.000
   130: 76780.000 76803.000 76815.000 76845.000 76873.000
   135: 77612.000 77654.000 77680.000 77706.000 77741.000
   140: 77764.000 77788.000 78499.000 78524.000 78539.000
   145: 78558.000 78588.000 78609.000 78625.000 79485.000
   150: 79514.000 79578.000 79605.000 79630.000 79658.000
   155: 79704.000 80359.000 80396.000 80407.000 80421.000
   160: 80456.000 80486.000 80515.000 80566.000 81569.000
   165: 81607.000 81628.000 81643.000 81687.000 81706.000
   170: 81748.000 82243.000 82291.000 82330.000 82350.000
   175: 82376.000 82405.000 82427.000 82462.000 83478.000
   180: 83529.000 83568.000 83587.000 83606.000 83644.000
   185: 83667.000 84272.000 84295.000 84323.000 84354.000
   190: 84384.000 84415.000 84456.000 86459.000 86506.000
   195: 86523.000 86534.000 86578.000 86606.000 86649.000
   200: 87071.000 87114.000 87134.000 87153.000 87166.000
   205: 87190.000 87236.000 87250.000 90253.000 90290.000
   210: 90309.000 90337.000 90346.000 90381.000 90410.000
   215: 90429.000 90453.000 93236.000 103007.000 103044.000
   220: 103150.000 103243.000 103272.000 103288.000 103310.000
   225: 103770.000 103818.000 103836.000 103863.000 103899.000
   230: 103924.000 104437.000 104471.000 104490.000 104512.000
   235: 104536.000 104572.000 104597.000 104621.000 105812.000
   240: 105857.000 105884.000 105912.000 105936.000 105950.000
   245: 106610.000 106631.000 106652.000 106664.000 106683.000
   250: 106698.000 106737.000 106768.000 106794.000 108086.000
   255: 108108.000 108129.000 108150.000 108176.000 108197.000
   260: 108237.000 108255.000 109136.000 109159.000 109175.000
   265: 109210.000 109237.000 109262.000 109292.000 109327.000
   270: 110100.000 110134.000 110210.000 110219.000 110237.000
   275: 110264.000 110290.000 110327.000 112718.000 112742.000
   280: 112762.000 112776.000 112802.000 112828.000 112846.000
   285: 112860.000 112929.000 112968.000 113919.000 113953.000
   290: 113972.000 113994.000 114056.000 114568.000 114587.000
   295: 114609.000 114634.000 114648.000 114658.000 114688.000
   300: 115200.000 115244.000 115265.000 115299.000 115348.000
   305: 115399.000 115921.000 115955.000 115980.000 116014.000
   310: 116035.000 116050.000 116098.000 116447.000 116490.000
   315: 116509.000 116528.000 116557.000 116598.000 116696.000
   320: 117379.000 117407.000 117425.000 117447.000 117466.000
   325: 117486.000 117503.000 117524.000 117542.000 117586.000
   330: 118467.000 118497.000 118506.000 118527.000 118552.000
   335: 118583.000 119169.000 119195.000 119212.000 119245.000
   340: 119287.000 119308.000 119761.000 119788.000 119806.000
   345: 119820.000 119846.000 119870.000 119906.000 119981.000
   350: 122875.000 122918.000 163510.000 170495.000 170516.000
   355: 172033.000 172060.000 197183.000 204655.000 211155.000
   360: 211219.000 211272.000 248074.000 260769.000 260804.000
   365: 274427.000 289975.000 306555.000 342816.000 342869.000
   370: 344461.000 344505.000 344528.000 344544.000 344554.000
   375: 344575.000 344617.000 347472.000 347497.000 347518.000
   380: 347533.000 347547.000 347579.000 347999.000 348020.000
   385: 348060.000 348080.000 348110.000 348131.000 348155.000
   390: 348580.000 348596.000 348613.000 348637.000 348671.000
   395: 348709.000 348776.000 348817.000 353116.000 353151.000
   400: 353171.000 353190.000 353234.000 353245.000 353289.000
   405: 354982.000 355002.000 355020.000 355054.000 355077.000
   410: 355096.000 355120.000 355134.000 355203.000 356228.000
   415: 356249.000 356266.000 356303.000 356327.000 356355.000
   420: 358114.000 358121.000 358146.000 358191.000 358214.000
   425: 358233.000 358265.000 358295.000 358331.000
D:
     0: 52711.000 56960.000 59351.000 62594.000 65356.000
     5: 68120.000 69886.000 71326.000 72956.000 80566.000
    10: 82462.000 87250.000 90429.000 104621.000 106768.000
    15: 108255.000 109327.000 110327.000 112860.000 117524.000
    20: 119981.000 344575.000 348817.000 355134.000 358295.000
E:
     0:  222.000 9006.000 9698.000 9707.000 12927.000
     5: 17083.000 24054.000 24060.000 28815.000 34898.000
    10: 37633.000 37643.000 49820.000 50872.000 53043.000
    15: 54352.000 55292.000 56369.000 57251.000 59632.000
    20: 61815.000 61868.000 62880.000 64596.000 64601.000
    25: 65530.000 65855.000 67078.000 68420.000 69297.000
    30: 70185.000 71638.000 73180.000 75840.000 77145.000
    35: 78135.000 78877.000 80023.000 80749.000 81867.000
    40: 82680.000 83931.000 84611.000 86092.000 86844.000
    45: 87515.000 89850.000 90673.000 92484.000 93668.000
    50: 96127.000 97683.000 101013.000 102657.000 103500.000
    55: 104095.000 104770.000 104992.000 106176.000 107059.000
    60: 107836.000 108454.000 109484.000 110465.000 112123.000
    65: 113139.000 114243.000 114893.000 115624.000 116274.000
    70: 116863.000 117813.000 118779.000 119479.000 120110.000
    75: 122314.000 134410.000 134445.000 143319.000 143349.000
    80: 144954.000 155157.000 158948.000 161913.000 169628.000
    85: 169659.000 169714.000 171440.000 183565.000 185670.000
    90: 191462.000 192622.000 211424.000 220950.000 226658.000
    95: 248302.000 252745.000 257063.000 257068.000 260092.000
   100: 265147.000 270392.000 285379.000 295839.000 299017.000
   105: 312732.000 333078.000 336675.000 344858.000 347757.000
   110: 348355.000 349079.000 352214.000 353516.000 355355.000
   115: 356660.000 358630.000
Q:
     0: 14434.000 50246.000 54730.000 59141.000 62442.000
     5: 64168.000 66599.000 69703.000 72791.000 78499.000
    10: 80359.000 82243.000 84272.000 86459.000 93236.000
    15: 103770.000 105812.000 108086.000 110100.000 113919.000
    20: 114568.000 115921.000 117379.000 119169.000 163510.000
    25: 172033.000 197183.000 260769.000 306555.000 342816.000
    30: 347999.000 354982.000 358114.000
