File: C:\MED-PC\Data\2019-07-29_10h57m_Subject 19006.txt


Start Date: 07/29/19
End Date: 07/29/19
Subject: 19006
Experiment: 
Group: 1
Box: 2
Start Time: 10:57:19
End Time: 11:58:58
MSN: FR8 8p First Lever Laser 50
B:   8.000
F:   2.000
H: 170.000
L: 749.000
R:  60.000
U:  38.000
V: 191.000
A:
     0:    0.000    1.000
C:
     0: 22839.000 22850.000 22866.000 22923.000 25588.000
     5: 25611.000 32191.000 32219.000 32238.000 32342.000
    10: 32610.000 32636.000 32667.000 32681.000 36534.000
    15: 36545.000 36570.000 36588.000 36624.000 36634.000
    20: 36642.000 36717.000 36789.000 36811.000 36825.000
    25: 39702.000 39855.000 39864.000 39893.000 40985.000
    30: 41050.000 41144.000 41180.000 41196.000 41215.000
    35: 41229.000 41251.000 41296.000 41308.000 41322.000
    40: 43372.000 43386.000 43428.000 43446.000 44328.000
    45: 44376.000 44424.000 44444.000 44506.000 44516.000
    50: 44542.000 45249.000 45273.000 45329.000 45365.000
    55: 45410.000 45422.000 45439.000 45453.000 45491.000
    60: 45661.000 47924.000 47958.000 48002.000 48054.000
    65: 48062.000 48204.000 48219.000 48238.000 48257.000
    70: 48265.000 48290.000 50031.000 50055.000 50098.000
    75: 50124.000 50173.000 50195.000 50237.000 50251.000
    80: 50310.000 50363.000 52064.000 52085.000 52098.000
    85: 52110.000 52150.000 52165.000 52197.000 52217.000
    90: 52230.000 52264.000 52327.000 54202.000 54280.000
    95: 54312.000 54352.000 54400.000 54453.000 54466.000
   100: 54497.000 54596.000 54622.000 54633.000 54655.000
   105: 54668.000 55912.000 56072.000 56157.000 57333.000
   110: 57366.000 57381.000 57400.000 57415.000 57434.000
   115: 57445.000 57535.000 57617.000 57639.000 59690.000
   120: 59710.000 59724.000 59759.000 59770.000 59784.000
   125: 59828.000 60419.000 60489.000 60529.000 60561.000
   130: 60597.000 60609.000 60634.000 60644.000 60681.000
   135: 68321.000 68366.000 68393.000 68441.000 68475.000
   140: 68528.000 68579.000 68607.000 68618.000 68657.000
   145: 69968.000 69988.000 70024.000 70071.000 70138.000
   150: 70154.000 70208.000 70292.000 70357.000 70410.000
   155: 70497.000 70539.000 70579.000 73528.000 73550.000
   160: 73622.000 73647.000 73661.000 73680.000 73693.000
   165: 73740.000 73753.000 76197.000 76231.000 76261.000
   170: 76273.000 76300.000 76460.000 77556.000 77630.000
   175: 77641.000 77695.000 77716.000 77740.000 77752.000
   180: 77795.000 77805.000 77830.000 77852.000 79794.000
   185: 79848.000 79862.000 79879.000 79944.000 79961.000
   190: 80083.000 80117.000 81272.000 81283.000 81294.000
   195: 81315.000 81327.000 81351.000 81378.000 82044.000
   200: 82144.000 82223.000 82233.000 82255.000 82318.000
   205: 82326.000 82345.000 82353.000 82420.000 82435.000
   210: 82532.000 84980.000 85043.000 85194.000 85216.000
   215: 85388.000 85461.000 85481.000 85496.000 85529.000
   220: 85602.000 85678.000 86985.000 87017.000 87052.000
   225: 87062.000 87077.000 87115.000 87158.000 87203.000
   230: 87233.000 87247.000 87292.000 87314.000 89464.000
   235: 89499.000 89555.000 89565.000 89581.000 89596.000
   240: 89608.000 89627.000 89645.000 89692.000 92434.000
   245: 100481.000 100518.000 100572.000 100593.000 100635.000
   250: 100665.000 100682.000 100691.000 100720.000 103519.000
   255: 103528.000 103542.000 103557.000 103578.000 103590.000
   260: 103645.000 103657.000 103690.000 104747.000 104755.000
   265: 104783.000 104801.000 104821.000 104833.000 104855.000
   270: 104868.000 104897.000 104911.000 104944.000 104977.000
   275: 104989.000 105031.000 105060.000 106478.000 106495.000
   280: 106516.000 106530.000 106592.000 106628.000 106659.000
   285: 106756.000 106841.000 106850.000 109815.000 109830.000
   290: 109842.000 109857.000 109867.000 109882.000 109896.000
   295: 109913.000 109931.000 109948.000 111136.000 111159.000
   300: 111170.000 111185.000 111207.000 111224.000 111248.000
   305: 111258.000 111305.000 111350.000 111397.000 114263.000
   310: 114278.000 114284.000 114324.000 114344.000 114354.000
   315: 114367.000 114390.000 114403.000 114495.000 114507.000
   320: 114528.000 114539.000 115903.000 115934.000 115979.000
   325: 115988.000 116023.000 116074.000 116084.000 116113.000
   330: 116123.000 116137.000 116152.000 116162.000 116186.000
   335: 116214.000 118091.000 118105.000 118117.000 118131.000
   340: 118153.000 118165.000 118188.000 118226.000 118258.000
   345: 118269.000 118279.000 118317.000 118375.000 119707.000
   350: 119741.000 119753.000 119773.000 119814.000 119855.000
   355: 119871.000 119937.000 125976.000 126037.000 126049.000
   360: 126074.000 126114.000 126183.000 126201.000 126216.000
   365: 126233.000 126247.000 126274.000 126328.000 127757.000
   370: 127802.000 127817.000 127838.000 127856.000 127873.000
   375: 127912.000 127924.000 127941.000 127959.000 128008.000
   380: 128093.000 128105.000 128131.000 128158.000 128168.000
   385: 129548.000 129663.000 129678.000 129729.000 129736.000
   390: 129765.000 129779.000 129810.000 129875.000 129897.000
   395: 131613.000 131672.000 131743.000 131814.000 131860.000
   400: 131869.000 132265.000 132383.000 132395.000 132444.000
   405: 132518.000 132538.000 132574.000 132625.000 132701.000
   410: 132713.000 132728.000 132782.000 135804.000 135895.000
   415: 135908.000 135925.000 135933.000 135943.000 135961.000
   420: 135973.000 136019.000 142228.000 142459.000 153807.000
   425: 153834.000 153847.000 153886.000 153897.000 153917.000
   430: 153951.000 153982.000 154021.000 154032.000 154047.000
   435: 154059.000 154094.000 154124.000 156670.000 156693.000
   440: 156776.000 156790.000 156811.000 156824.000 156837.000
   445: 156861.000 156912.000 156968.000 158284.000 158306.000
   450: 158316.000 158334.000 158357.000 158371.000 158408.000
   455: 158424.000 158443.000 158479.000 158494.000 158520.000
   460: 161302.000 161365.000 161387.000 161408.000 161420.000
   465: 161428.000 161456.000 162271.000 162349.000 162364.000
   470: 162385.000 162431.000 162440.000 162487.000 162532.000
   475: 162577.000 162593.000 162627.000 162657.000 165983.000
   480: 165998.000 166016.000 166058.000 166086.000 166100.000
   485: 166140.000 166184.000 166188.000 166207.000 166221.000
   490: 166230.000 166297.000 166321.000 166438.000 166455.000
   495: 166467.000 166495.000 166503.000 166527.000 170497.000
   500: 170560.000 170815.000 179075.000 179087.000 179105.000
   505: 179118.000 179134.000 179146.000 179198.000 179241.000
   510: 179257.000 179285.000 179370.000 179467.000 179475.000
   515: 179518.000 182287.000 182412.000 182586.000 182601.000
   520: 182606.000 182653.000 182690.000 182703.000 182719.000
   525: 185472.000 231922.000 231978.000 231991.000 231997.000
   530: 232010.000 232025.000 232067.000 232115.000 232124.000
   535: 232149.000 232168.000 232194.000 233729.000 233742.000
   540: 233761.000 233793.000 233865.000 233907.000 233927.000
   545: 233940.000 233955.000 233970.000 234013.000 235869.000
   550: 235928.000 235970.000 236022.000 236031.000 236074.000
   555: 236089.000 236138.000 236160.000 236209.000 236231.000
   560: 236249.000 236283.000 236313.000 236339.000 236381.000
   565: 236391.000 239512.000 239597.000 239655.000 242024.000
   570: 242163.000 242180.000 242238.000 242494.000 242508.000
   575: 242522.000 242537.000 242568.000 242584.000 242646.000
   580: 258847.000 258966.000 259050.000 259069.000 259090.000
   585: 259113.000 260232.000 260251.000 260287.000 260301.000
   590: 260317.000 260370.000 260418.000 260468.000 260481.000
   595: 260498.000 260511.000 260539.000 260582.000 262152.000
   600: 262178.000 262197.000 262207.000 262231.000 262280.000
   605: 262318.000 262325.000 263660.000 263672.000 263752.000
   610: 263761.000 263778.000 263809.000 263850.000 263862.000
   615: 263884.000 263903.000 263937.000 265424.000 265461.000
   620: 265468.000 265483.000 265557.000 273489.000 273607.000
   625: 273620.000 273663.000 273684.000 273703.000 273719.000
   630: 273744.000 275401.000 275413.000 275429.000 275444.000
   635: 275450.000 275460.000 275476.000 275500.000 275539.000
   640: 275556.000 275606.000 275653.000 277749.000 277829.000
   645: 277859.000 277895.000 277927.000 277972.000 277985.000
   650: 278012.000 278021.000 278036.000 279362.000 279452.000
   655: 279490.000 279508.000 279556.000 279575.000 279591.000
   660: 279635.000 279707.000 279721.000 279756.000 301232.000
   665: 301244.000 301259.000 301301.000 301318.000 301336.000
   670: 301348.000 301372.000 301384.000 301407.000 306715.000
   675: 306731.000 306752.000 306763.000 306790.000 306802.000
   680: 306848.000 306855.000 306938.000 312085.000 312170.000
   685: 312390.000 312404.000 312422.000 312444.000 312477.000
   690: 312515.000 312589.000 312664.000 314034.000 314071.000
   695: 314085.000 314102.000 314111.000 314183.000 314211.000
   700: 314274.000 314289.000 314304.000 314327.000 314337.000
   705: 314398.000 316332.000 316470.000 316491.000 316497.000
   710: 316678.000 316710.000 316786.000 316801.000 316815.000
   715: 316826.000 316854.000 316891.000 316922.000 344774.000
   720: 344813.000 344866.000 344880.000 344901.000 344914.000
   725: 344929.000 344951.000 344972.000 354420.000 354454.000
   730: 354470.000 354485.000 354515.000 354533.000 354559.000
   735: 354585.000 354645.000 358896.000 358917.000 358965.000
   740: 358982.000 359012.000 359050.000 359062.000 359083.000
   745: 359097.000 359110.000 359124.000 359149.000
D:
     0: 32681.000 36717.000 41251.000 45453.000 48238.000
     5: 50251.000 52217.000 54497.000 57535.000 60644.000
    10: 68607.000 70292.000 73740.000 77795.000 80117.000
    15: 82345.000 85496.000 87203.000 89627.000 100691.000
    20: 103657.000 104868.000 106756.000 109913.000 111258.000
    25: 114390.000 116113.000 118226.000 119937.000 126216.000
    30: 127924.000 129810.000 132625.000 135973.000 153982.000
    35: 156861.000 158424.000 162532.000 166184.000 179241.000
    40: 182703.000 232115.000 233940.000 236138.000 242537.000
    45: 260468.000 262325.000 263862.000 273744.000 275500.000
    50: 278012.000 279635.000 301372.000 306855.000 312515.000
    55: 314274.000 316801.000 344951.000 354585.000 359083.000
E:
     0: 6979.000 16686.000 18127.000 19755.000 19904.000
     5: 20581.000 28881.000 31111.000 32875.000 33063.000
    10: 33072.000 34312.000 34440.000 35334.000 35442.000
    15: 37156.000 39154.000 39162.000 40008.000 41482.000
    20: 41508.000 42930.000 43116.000 43813.000 43844.000
    25: 44881.000 45927.000 48528.000 50650.000 52499.000
    30: 53643.000 54822.000 54856.000 56397.000 57841.000
    35: 60052.000 60859.000 61053.000 64043.000 67713.000
    40: 68884.000 70676.000 73910.000 75418.000 76628.000
    45: 76655.000 77088.000 77990.000 78032.000 78039.000
    50: 79465.000 80202.000 81533.000 82640.000 84648.000
    55: 85747.000 85753.000 87430.000 87448.000 89753.000
    60: 89781.000 92619.000 94049.000 97588.000 97598.000
    65: 100311.000 100845.000 102927.000 103837.000 103844.000
    70: 105119.000 105151.000 105166.000 107009.000 110097.000
    75: 110103.000 111483.000 113822.000 114698.000 116383.000
    80: 118438.000 118444.000 120116.000 125181.000 125186.000
    85: 126392.000 126411.000 126972.000 128326.000 130031.000
    90: 131967.000 131980.000 131991.000 132920.000 136125.000
    95: 136149.000 139310.000 141182.000 141199.000 146977.000
   100: 152208.000 153698.000 154237.000 156275.000 156305.000
   105: 157054.000 158660.000 159480.000 161683.000 162814.000
   110: 165667.000 166645.000 178001.000 178030.000 179639.000
   115: 180362.000 182820.000 182835.000 185809.000 189193.000
   120: 197239.000 221566.000 232334.000 234072.000 234116.000
   125: 234126.000 235581.000 236469.000 236485.000 238928.000
   130: 239174.000 241722.000 242723.000 242747.000 245062.000
   135: 252219.000 259216.000 260647.000 261782.000 262431.000
   140: 262440.000 264194.000 269823.000 273844.000 275721.000
   145: 275736.000 277093.000 278140.000 279906.000 282453.000
   150: 282465.000 291968.000 300231.000 300951.000 301589.000
   155: 307010.000 307039.000 310698.000 312766.000 314537.000
   160: 316986.000 323044.000 323053.000 333148.000 339753.000
   165: 345053.000 354735.000 354745.000 358076.000 359277.000
Q:
     0: 32191.000 39702.000 43372.000 45249.000 50031.000
     5: 54202.000 57333.000 59690.000 68321.000 76197.000
    10: 77556.000 81272.000 86985.000 89464.000 103519.000
    15: 104747.000 109815.000 114263.000 119707.000 127757.000
    20: 131613.000 132265.000 153807.000 156670.000 162271.000
    25: 170497.000 179075.000 185472.000 233729.000 242024.000
    30: 260232.000 263660.000 265424.000 277749.000 301232.000
    35: 306715.000 314034.000 344774.000
