File: C:\MED-PC\Data\2019-07-29_16h31m_Subject 19010.txt


Start Date: 07/29/19
End Date: 07/29/19
Subject: 19010
Experiment: 
Group: 1
Box: 1
Start Time: 16:31:09
End Time: 17:33:55
MSN: FR8 8p First Lever Laser 50
B:   8.000
F:   2.000
H: 227.000
L: 313.000
R:  17.000
U:  30.000
V:  38.000
A:
     0:    0.000    1.000
C:
     0: 9404.000 9499.000 9560.000 14390.000 14475.000
     5: 14584.000 14595.000 14632.000 14751.000 14806.000
    10: 14818.000 14841.000 14867.000 18783.000 18818.000
    15: 18877.000 18909.000 18993.000 19987.000 20495.000
    20: 20580.000 20636.000 20697.000 20718.000 20794.000
    25: 20806.000 20842.000 20899.000 30314.000 30361.000
    30: 40656.000 40673.000 40720.000 40790.000 40832.000
    35: 40866.000 40958.000 41014.000 41024.000 45163.000
    40: 45184.000 45234.000 45294.000 45332.000 45370.000
    45: 45398.000 45918.000 46007.000 46039.000 46082.000
    50: 46092.000 46203.000 46272.000 46317.000 46371.000
    55: 50654.000 54560.000 54773.000 54856.000 54978.000
    60: 58639.000 62717.000 62780.000 62836.000 62862.000
    65: 64428.000 64448.000 64491.000 64554.000 64575.000
    70: 64630.000 64654.000 64665.000 64725.000 64812.000
    75: 64827.000 68461.000 68510.000 68547.000 68631.000
    80: 68658.000 68685.000 68706.000 68735.000 73048.000
    85: 73145.000 73219.000 73299.000 73345.000 79676.000
    90: 79794.000 79849.000 79887.000 79916.000 79984.000
    95: 80026.000 80047.000 80101.000 82895.000 82922.000
   100: 82944.000 83010.000 83032.000 83040.000 83079.000
   105: 83301.000 83349.000 83362.000 83383.000 83410.000
   110: 83438.000 86457.000 86502.000 86551.000 86630.000
   115: 86696.000 86704.000 86875.000 86912.000 86938.000
   120: 86997.000 92871.000 92892.000 92949.000 92999.000
   125: 93014.000 93066.000 93179.000 93293.000 93327.000
   130: 93453.000 95545.000 95566.000 102696.000 103016.000
   135: 103093.000 105624.000 108155.000 108195.000 108278.000
   140: 109297.000 109333.000 109351.000 109383.000 114060.000
   145: 114072.000 114139.000 114168.000 114237.000 114278.000
   150: 114325.000 115778.000 115826.000 115883.000 116056.000
   155: 116075.000 121065.000 121150.000 121269.000 121286.000
   160: 121319.000 121350.000 121447.000 121486.000 123683.000
   165: 123728.000 123800.000 123861.000 123902.000 123939.000
   170: 123956.000 127778.000 127839.000 138432.000 138655.000
   175: 138687.000 138708.000 143376.000 145780.000 147319.000
   180: 147370.000 147569.000 147664.000 157114.000 157203.000
   185: 157232.000 157819.000 157901.000 162997.000 177812.000
   190: 177824.000 177838.000 177937.000 177989.000 178035.000
   195: 178082.000 178090.000 178111.000 178142.000 180986.000
   200: 181034.000 181116.000 181147.000 181209.000 181232.000
   205: 181293.000 181309.000 186032.000 186071.000 186155.000
   210: 186253.000 186314.000 188406.000 188454.000 188546.000
   215: 188617.000 188634.000 188647.000 188713.000 189976.000
   220: 190009.000 190126.000 190143.000 190223.000 190323.000
   225: 190365.000 191404.000 191512.000 191565.000 191604.000
   230: 191645.000 191683.000 191698.000 191736.000 191836.000
   235: 191853.000 191867.000 191910.000 195076.000 204716.000
   240: 204778.000 204809.000 210126.000 210162.000 216511.000
   245: 216538.000 222256.000 222305.000 222344.000 222400.000
   250: 222429.000 222489.000 230063.000 230108.000 230445.000
   255: 231129.000 231229.000 248655.000 248701.000 248788.000
   260: 248800.000 248897.000 249035.000 249055.000 249097.000
   265: 249103.000 252450.000 255165.000 255290.000 255342.000
   270: 255379.000 255431.000 255453.000 255505.000 258430.000
   275: 269318.000 269579.000 269691.000 273276.000 278655.000
   280: 278710.000 288640.000 288666.000 288718.000 291638.000
   285: 291772.000 291789.000 291815.000 291858.000 291890.000
   290: 291978.000 292037.000 295801.000 295841.000 298804.000
   295: 298857.000 301989.000 307209.000 313015.000 313115.000
   300: 313130.000 315885.000 315898.000 320428.000 325137.000
   305: 335693.000 335896.000 335991.000 336165.000 336222.000
   310: 340910.000 353271.000 353322.000
D:
     0: 14818.000 20580.000 41014.000 46317.000 64665.000
     5: 68735.000 80047.000 83301.000 86912.000 93293.000
    10: 115778.000 121486.000 178090.000 181309.000 191736.000
    15: 249097.000 291858.000
E:
     0: 2935.000 3186.000 3214.000 6932.000 12059.000
     5: 13461.000 14201.000 15358.000 15398.000 15443.000
    10: 15450.000 18207.000 18498.000 22118.000 27437.000
    15: 27787.000 27819.000 27822.000 27832.000 27958.000
    20: 34299.000 34521.000 34550.000 37859.000 38298.000
    25: 38579.000 39677.000 41602.000 43755.000 44594.000
    30: 45544.000 45551.000 45571.000 46492.000 46521.000
    35: 47514.000 50175.000 52878.000 53427.000 53645.000
    40: 54169.000 55183.000 55200.000 55602.000 57718.000
    45: 61753.000 63064.000 63949.000 65425.000 65811.000
    50: 65832.000 66044.000 66061.000 66068.000 66091.000
    55: 66132.000 66205.000 67802.000 67815.000 68927.000
    60: 68955.000 68960.000 68976.000 68986.000 69356.000
    65: 69364.000 69415.000 72548.000 77289.000 77315.000
    70: 79071.000 80206.000 80755.000 80782.000 82642.000
    75: 83885.000 83903.000 86130.000 87113.000 87133.000
    80: 87148.000 87193.000 87279.000 87282.000 87294.000
    85: 87308.000 87360.000 87386.000 87412.000 87432.000
    90: 87682.000 87706.000 88378.000 88686.000 90273.000
    95: 91510.000 92579.000 93555.000 94111.000 97283.000
   100: 97685.000 98454.000 99562.000 100827.000 102217.000
   105: 102223.000 103286.000 103582.000 105052.000 106416.000
   110: 110546.000 110713.000 113032.000 113044.000 116547.000
   115: 117676.000 117683.000 118905.000 119057.000 120168.000
   120: 121686.000 123339.000 124145.000 124407.000 126378.000
   125: 127344.000 128351.000 132228.000 135658.000 138050.000
   130: 138816.000 139168.000 141729.000 145161.000 146875.000
   135: 151532.000 154819.000 156702.000 161388.000 161405.000
   140: 164442.000 164518.000 171584.000 171589.000 171604.000
   145: 171989.000 172385.000 174982.000 177487.000 178326.000
   150: 180849.000 181616.000 183935.000 185154.000 185162.000
   155: 186577.000 188122.000 189055.000 189727.000 190441.000
   160: 190797.000 190805.000 192004.000 192190.000 194653.000
   165: 196608.000 196610.000 202297.000 202618.000 204379.000
   170: 205051.000 208058.000 210559.000 213215.000 213234.000
   175: 218913.000 218921.000 221758.000 222805.000 226426.000
   180: 226435.000 228094.000 228106.000 230680.000 232215.000
   185: 237758.000 238102.000 241159.000 241163.000 249429.000
   190: 252024.000 252043.000 254016.000 254026.000 256217.000
   195: 258318.000 263266.000 268681.000 281346.000 282091.000
   200: 283614.000 284422.000 284440.000 292404.000 296077.000
   205: 297521.000 297537.000 298366.000 299926.000 299933.000
   210: 302543.000 310875.000 319019.000 319027.000 319904.000
   215: 321562.000 322150.000 322162.000 324043.000 324400.000
   220: 327557.000 332005.000 334031.000 336618.000 340163.000
   225: 345371.000 345773.000
Q:
     0: 14390.000 30314.000 40656.000 45918.000 54560.000
     5: 64428.000 73048.000 79676.000 92871.000 102696.000
    10: 108155.000 121065.000 127778.000 138432.000 147319.000
    15: 157114.000 180986.000 188406.000 191404.000 204716.000
    20: 216511.000 230063.000 248655.000 255165.000 269318.000
    25: 288640.000 301989.000 307209.000 320428.000 335693.000
\300
