File: C:\MED-PC\Data\2019-07-26_08h21m_Subject 19001.txt


Start Date: 07/26/19
End Date: 07/26/19
Subject: 19001
Experiment: fr8
Group: 1
Box: 2
Start Time: 08:21:53
End Time: 09:23:35
MSN: FR8 8p First Lever Laser 50
B:   8.000
F:   1.000
H: 208.000
L: 385.000
R:  27.000
U:  31.000
V:  80.000
A:
     0:    0.000    1.000
C:
     0: 7822.000 15611.000 16577.000 18883.000 21711.000
     5: 21739.000 21767.000 26795.000 26835.000 26876.000
    10: 26896.000 26925.000 26945.000 27005.000 27023.000
    15: 27082.000 27152.000 27176.000 27193.000 27216.000
    20: 30360.000 30397.000 30420.000 37762.000 37782.000
    25: 37821.000 37925.000 37940.000 37958.000 38068.000
    30: 38086.000 38116.000 40364.000 40385.000 40398.000
    35: 40418.000 40432.000 40565.000 42626.000 42649.000
    40: 42678.000 42726.000 42744.000 42762.000 42800.000
    45: 42818.000 42835.000 42903.000 42987.000 43003.000
    50: 45954.000 46001.000 46024.000 46034.000 46050.000
    55: 46065.000 46109.000 46125.000 46170.000 46219.000
    60: 47178.000 50579.000 50587.000 50610.000 51879.000
    65: 51923.000 51937.000 51990.000 52064.000 52110.000
    70: 52148.000 52168.000 52269.000 52334.000 55500.000
    75: 55524.000 55561.000 55570.000 55597.000 55608.000
    80: 55658.000 55672.000 55709.000 55722.000 55825.000
    85: 55835.000 55855.000 56895.000 56939.000 56951.000
    90: 56969.000 57048.000 57072.000 57091.000 57113.000
    95: 57139.000 57159.000 57199.000 57290.000 57305.000
   100: 58554.000 58592.000 58617.000 58633.000 58666.000
   105: 58686.000 58703.000 58756.000 58773.000 58821.000
   110: 58899.000 58912.000 58925.000 59030.000 60623.000
   115: 60788.000 60894.000 61609.000 61648.000 65801.000
   120: 65854.000 72066.000 73421.000 73451.000 73471.000
   125: 73561.000 73579.000 73593.000 73617.000 73647.000
   130: 73660.000 73701.000 73804.000 75478.000 75634.000
   135: 77151.000 77297.000 77312.000 77338.000 77373.000
   140: 77389.000 77450.000 77469.000 79595.000 79616.000
   145: 79630.000 79645.000 79665.000 79703.000 79717.000
   150: 79737.000 79826.000 79842.000 82077.000 82121.000
   155: 82138.000 82154.000 82169.000 82206.000 82222.000
   160: 82238.000 82260.000 82280.000 82307.000 82353.000
   165: 82374.000 84032.000 84060.000 84122.000 84133.000
   170: 84216.000 84232.000 84265.000 84324.000 84407.000
   175: 86214.000 86240.000 86301.000 86334.000 86416.000
   180: 86464.000 86622.000 86703.000 88816.000 88862.000
   185: 88881.000 88899.000 88920.000 88957.000 88974.000
   190: 88999.000 89009.000 89034.000 89052.000 89112.000
   195: 89132.000 89156.000 90229.000 90251.000 90289.000
   200: 90312.000 90325.000 90338.000 90381.000 90394.000
   205: 90410.000 90440.000 90521.000 90535.000 90567.000
   210: 91912.000 91963.000 91977.000 92010.000 92039.000
   215: 92084.000 92089.000 92105.000 92250.000 94925.000
   220: 94947.000 94974.000 95041.000 95081.000 95272.000
   225: 107900.000 107964.000 107981.000 107999.000 108490.000
   230: 108510.000 108526.000 108544.000 108596.000 108606.000
   235: 108617.000 108638.000 108686.000 108775.000 108789.000
   240: 109664.000 109716.000 109774.000 109816.000 109923.000
   245: 110403.000 110428.000 110451.000 110483.000 110532.000
   250: 110549.000 110564.000 110613.000 110661.000 110746.000
   255: 110798.000 112859.000 112963.000 112979.000 112995.000
   260: 113017.000 113029.000 113047.000 113083.000 114214.000
   265: 114284.000 114303.000 114318.000 114337.000 114388.000
   270: 114405.000 114423.000 114460.000 114495.000 114554.000
   275: 114632.000 115981.000 116004.000 116026.000 116043.000
   280: 116105.000 116173.000 116214.000 116232.000 116250.000
   285: 116279.000 116350.000 116384.000 117525.000 117598.000
   290: 117622.000 117637.000 117663.000 117678.000 117778.000
   295: 117795.000 117832.000 117859.000 117886.000 118750.000
   300: 118794.000 118836.000 118848.000 118862.000 118912.000
   305: 119001.000 119019.000 119038.000 119060.000 119132.000
   310: 119200.000 119217.000 119289.000 119811.000 119857.000
   315: 119926.000 119993.000 120010.000 120084.000 120102.000
   320: 120127.000 120150.000 120216.000 121428.000 121478.000
   325: 121497.000 121517.000 121577.000 121640.000 121653.000
   330: 121673.000 122939.000 123075.000 123094.000 123232.000
   335: 123250.000 123265.000 123284.000 123316.000 123350.000
   340: 130810.000 130916.000 137653.000 137693.000 144923.000
   345: 145277.000 148237.000 148372.000 180876.000 181347.000
   350: 193084.000 199707.000 205959.000 206038.000 206059.000
   355: 206506.000 206594.000 206606.000 206625.000 206979.000
   360: 211807.000 211846.000 239147.000 242348.000 242436.000
   365: 242452.000 242468.000 245048.000 245082.000 245112.000
   370: 251526.000 258732.000 263166.000 279337.000 281905.000
   375: 297231.000 299037.000 300451.000 302578.000 314595.000
   380: 319515.000 325382.000 346625.000 348755.000 358749.000
D:
     0: 27023.000 38086.000 42818.000 46125.000 52168.000
     5: 55672.000 57113.000 58756.000 73617.000 77469.000
    10: 79737.000 82238.000 84324.000 86703.000 88999.000
    15: 90394.000 92105.000 108638.000 110613.000 113083.000
    20: 114423.000 116232.000 117795.000 119019.000 120127.000
    25: 121673.000 123316.000
E:
     0:  433.000 1995.000 5290.000 10960.000 10975.000
     5: 11219.000 11243.000 12900.000 17814.000 17821.000
    10: 18463.000 22906.000 23079.000 25313.000 27328.000
    15: 27348.000 31354.000 35919.000 37455.000 37591.000
    20: 38228.000 40672.000 40695.000 40775.000 42396.000
    25: 43132.000 43911.000 44470.000 46326.000 46946.000
    30: 47330.000 50064.000 50722.000 51589.000 52410.000
    35: 52455.000 54669.000 54679.000 54687.000 55959.000
    40: 55967.000 57413.000 57430.000 59110.000 59118.000
    45: 60174.000 60998.000 62518.000 63518.000 64581.000
    50: 65996.000 66020.000 69248.000 71264.000 71371.000
    55: 73948.000 75034.000 75706.000 76605.000 77551.000
    60: 79326.000 79939.000 80017.000 81617.000 81827.000
    65: 82514.000 83525.000 84514.000 85619.000 86832.000
    70: 88374.000 89251.000 89254.000 90691.000 92321.000
    75: 94242.000 94289.000 94301.000 95359.000 96452.000
    80: 99283.000 99942.000 100691.000 103977.000 108129.000
    85: 108859.000 110012.000 110875.000 113170.000 113194.000
    90: 113942.000 114693.000 116488.000 117159.000 117997.000
    95: 119384.000 120322.000 121756.000 123426.000 125290.000
   100: 126838.000 129598.000 129652.000 129666.000 134129.000
   105: 134139.000 141623.000 151581.000 155345.000 162761.000
   110: 164157.000 167114.000 190386.000 195595.000 200982.000
   115: 202440.000 206280.000 207703.000 237753.000 237769.000
   120: 241997.000 242629.000 245201.000 251195.000 252203.000
   125: 252231.000 252235.000 252287.000 252310.000 252312.000
   130: 252324.000 252340.000 252344.000 252347.000 252380.000
   135: 252388.000 252404.000 252406.000 252419.000 252423.000
   140: 252432.000 252438.000 252442.000 252520.000 252534.000
   145: 252552.000 252554.000 252558.000 252572.000 253083.000
   150: 253087.000 253106.000 253118.000 253132.000 253136.000
   155: 253284.000 253304.000 253331.000 253347.000 253355.000
   160: 253365.000 253400.000 253459.000 253532.000 253648.000
   165: 253695.000 253699.000 253710.000 253728.000 253804.000
   170: 253821.000 253899.000 254102.000 254136.000 254163.000
   175: 268078.000 276089.000 292954.000 295550.000 297583.000
   180: 297658.000 297662.000 297670.000 297676.000 297684.000
   185: 297753.000 297761.000 297937.000 297939.000 297944.000
   190: 297955.000 297961.000 297970.000 297978.000 298001.000
   195: 298032.000 298054.000 298072.000 298080.000 298082.000
   200: 298227.000 328322.000 346127.000 348047.000 348054.000
   205: 348072.000 348080.000 348875.000
Q:
     0: 15611.000 26795.000 37762.000 40364.000 45954.000
     5: 50579.000 56895.000 60623.000 61609.000 72066.000
    10: 79595.000 84032.000 86214.000 91912.000 107900.000
    15: 108490.000 112859.000 115981.000 117525.000 119811.000
    20: 122939.000 144923.000 193084.000 199707.000 206506.000
    25: 242348.000 251526.000 258732.000 297231.000 348755.000
    30: 358749.000
