File: C:\MED-PC\Data\2019-08-03_11h25m_Subject 19013.txt


Start Date: 08/03/19
End Date: 08/03/19
Subject: 19013
Experiment: 
Group: 0
Box: 4
Start Time: 11:25:00
End Time: 12:27:09
MSN: FR8 8p First Lever Laser 50
B:   8.000
F:   1.000
H: 157.000
L: 679.000
R:  49.000
U:  45.000
V:  71.000
A:
     0:    0.000    1.000
C:
     0: 14374.000 18056.000 18100.000 18147.000 18541.000
     5: 18573.000 18691.000 18710.000 18772.000 27893.000
    10: 27964.000 27996.000 28005.000 28038.000 28080.000
    15: 28239.000 28256.000 30142.000 30165.000 30225.000
    20: 30265.000 30291.000 35749.000 35794.000 35817.000
    25: 35881.000 35896.000 35926.000 36079.000 37053.000
    30: 37096.000 43491.000 43648.000 43667.000 43722.000
    35: 45114.000 45136.000 45159.000 45177.000 45203.000
    40: 45216.000 45263.000 45347.000 46418.000 46489.000
    45: 46518.000 46530.000 46569.000 46690.000 46732.000
    50: 47536.000 47550.000 47616.000 47638.000 47650.000
    55: 47696.000 48228.000 48247.000 48277.000 48322.000
    60: 48363.000 48397.000 48415.000 48503.000 49859.000
    65: 49889.000 49929.000 49972.000 50003.000 50016.000
    70: 50032.000 51235.000 51271.000 51327.000 51393.000
    75: 51454.000 51813.000 51860.000 51907.000 51930.000
    80: 51940.000 52014.000 52126.000 53024.000 53046.000
    85: 53088.000 53104.000 53131.000 53185.000 53222.000
    90: 53233.000 54722.000 54787.000 54874.000 54898.000
    95: 54940.000 57426.000 61236.000 61286.000 61355.000
   100: 61452.000 61498.000 61518.000 67821.000 67853.000
   105: 67894.000 68031.000 68140.000 68155.000 68169.000
   110: 68224.000 68249.000 68397.000 68416.000 69445.000
   115: 69473.000 69503.000 69541.000 69659.000 69727.000
   120: 69744.000 70685.000 70701.000 70737.000 70780.000
   125: 70822.000 70866.000 70906.000 70922.000 71024.000
   130: 72204.000 72395.000 72417.000 72482.000 92085.000
   135: 92139.000 92191.000 92213.000 92354.000 92379.000
   140: 92388.000 92469.000 92522.000 92609.000 93349.000
   145: 93389.000 93425.000 93461.000 93501.000 93512.000
   150: 94042.000 94055.000 94090.000 94108.000 94144.000
   155: 94166.000 94216.000 94277.000 95872.000 95920.000
   160: 95956.000 95979.000 96013.000 96030.000 96063.000
   165: 96075.000 96109.000 96127.000 97383.000 97427.000
   170: 97452.000 97516.000 97541.000 97555.000 98253.000
   175: 98276.000 98300.000 98335.000 98388.000 98419.000
   180: 98432.000 98460.000 98572.000 99613.000 99634.000
   185: 99672.000 99719.000 99789.000 99800.000 99872.000
   190: 99981.000 100930.000 100957.000 100994.000 101029.000
   195: 101066.000 101092.000 101105.000 101138.000 101154.000
   200: 101183.000 101195.000 101308.000 102898.000 102948.000
   205: 102955.000 103008.000 103037.000 103066.000 103085.000
   210: 103134.000 103146.000 103185.000 104192.000 104227.000
   215: 104244.000 104263.000 104288.000 104305.000 104354.000
   220: 104369.000 104495.000 106305.000 106353.000 106365.000
   225: 106425.000 106439.000 110333.000 110394.000 110428.000
   230: 110482.000 110505.000 110533.000 110800.000 110861.000
   235: 110913.000 110955.000 110968.000 110984.000 111004.000
   240: 111097.000 111229.000 112363.000 112386.000 112416.000
   245: 112467.000 112525.000 112568.000 112581.000 112679.000
   250: 113632.000 113663.000 113700.000 113733.000 113760.000
   255: 113783.000 113796.000 114362.000 114383.000 114400.000
   260: 114454.000 114480.000 114495.000 114521.000 114538.000
   265: 114571.000 119559.000 119732.000 119747.000 120468.000
   270: 120497.000 120529.000 120560.000 120586.000 120600.000
   275: 120737.000 121203.000 121240.000 121281.000 121307.000
   280: 121328.000 121348.000 121409.000 121422.000 121454.000
   285: 122498.000 122526.000 122576.000 122597.000 122648.000
   290: 122664.000 122717.000 122757.000 122770.000 133717.000
   295: 136259.000 136999.000 140458.000 140505.000 140705.000
   300: 140739.000 140811.000 141152.000 141207.000 141233.000
   305: 141269.000 141282.000 141318.000 141411.000 141855.000
   310: 141889.000 141898.000 141915.000 141934.000 142001.000
   315: 142034.000 142067.000 142079.000 142230.000 143185.000
   320: 143213.000 143230.000 143241.000 143271.000 143303.000
   325: 143321.000 143369.000 143378.000 143430.000 143483.000
   330: 143550.000 144648.000 144681.000 144700.000 144762.000
   335: 144772.000 144803.000 144849.000 144861.000 151477.000
   340: 151628.000 151647.000 151670.000 151681.000 151713.000
   345: 151725.000 152195.000 152211.000 152238.000 152284.000
   350: 152310.000 152322.000 152368.000 152414.000 152452.000
   355: 153405.000 153448.000 153495.000 153514.000 153537.000
   360: 153570.000 153650.000 153725.000 154469.000 154486.000
   365: 154512.000 154563.000 154609.000 154700.000 154750.000
   370: 155354.000 155389.000 155414.000 155441.000 155483.000
   375: 155531.000 155576.000 155591.000 177796.000 177947.000
   380: 177962.000 178143.000 178158.000 178185.000 191356.000
   385: 191666.000 191824.000 194494.000 199937.000 200019.000
   390: 200029.000 200049.000 200079.000 200098.000 200149.000
   395: 200191.000 200253.000 201754.000 201786.000 201800.000
   400: 201820.000 201845.000 201860.000 201878.000 201908.000
   405: 201919.000 201939.000 202979.000 203046.000 203089.000
   410: 203133.000 203190.000 203675.000 203715.000 203738.000
   415: 203773.000 203794.000 203838.000 203852.000 203915.000
   420: 205066.000 205139.000 205189.000 205222.000 205238.000
   425: 205262.000 205302.000 205899.000 205945.000 205982.000
   430: 206002.000 206047.000 206084.000 206105.000 206203.000
   435: 206948.000 208134.000 208162.000 208198.000 208227.000
   440: 208253.000 208267.000 208292.000 208321.000 208331.000
   445: 208354.000 208393.000 209609.000 209661.000 209688.000
   450: 209703.000 209757.000 209799.000 210374.000 210389.000
   455: 210427.000 210466.000 210480.000 210518.000 210555.000
   460: 210570.000 210965.000 211009.000 211047.000 211102.000
   465: 211336.000 211358.000 212623.000 212654.000 212682.000
   470: 212738.000 212858.000 212917.000 213278.000 213312.000
   475: 213341.000 213361.000 213392.000 213406.000 213459.000
   480: 213490.000 213544.000 213551.000 213661.000 214718.000
   485: 214745.000 214761.000 214781.000 214810.000 214830.000
   490: 214871.000 214884.000 214956.000 214998.000 215948.000
   495: 215983.000 215999.000 216021.000 216049.000 216114.000
   500: 216124.000 216167.000 216184.000 216199.000 216236.000
   505: 217130.000 217211.000 217229.000 217256.000 217294.000
   510: 217308.000 217330.000 217373.000 225210.000 225299.000
   515: 225691.000 225735.000 225745.000 225838.000 225855.000
   520: 225877.000 225893.000 225979.000 226314.000 226352.000
   525: 234076.000 234487.000 234721.000 238301.000 239117.000
   530: 239221.000 239250.000 239263.000 239286.000 239658.000
   535: 239879.000 242849.000 243937.000 243956.000 243971.000
   540: 244027.000 244105.000 244116.000 244200.000 244712.000
   545: 244753.000 244789.000 244815.000 244833.000 244876.000
   550: 244887.000 244986.000 245812.000 245854.000 245904.000
   555: 245940.000 245992.000 246061.000 246639.000 246672.000
   560: 246707.000 246750.000 246788.000 246797.000 246853.000
   565: 246910.000 251449.000 263528.000 263608.000 263746.000
   570: 263791.000 269793.000 272934.000 280429.000 280526.000
   575: 280544.000 280640.000 280652.000 280668.000 280700.000
   580: 280739.000 280750.000 281608.000 281635.000 281666.000
   585: 281689.000 281722.000 281770.000 282139.000 282155.000
   590: 282218.000 282250.000 282299.000 282346.000 282831.000
   595: 282869.000 282901.000 282929.000 282967.000 283015.000
   600: 283030.000 283564.000 283608.000 283658.000 283709.000
   605: 283775.000 283786.000 283819.000 284181.000 284207.000
   610: 284248.000 285084.000 285108.000 285137.000 285159.000
   615: 285172.000 285215.000 285248.000 285262.000 285298.000
   620: 285447.000 285475.000 286509.000 286574.000 286604.000
   625: 286646.000 286659.000 286772.000 287811.000 287834.000
   630: 287861.000 287887.000 287902.000 287994.000 288041.000
   635: 288052.000 289067.000 289092.000 289121.000 289166.000
   640: 289179.000 291774.000 291850.000 291916.000 291964.000
   645: 291976.000 292080.000 292169.000 292216.000 293273.000
   650: 293322.000 293342.000 308162.000 308327.000 308536.000
   655: 314875.000 319459.000 324647.000 333266.000 339216.000
   660: 348679.000 348733.000 348746.000 350788.000 354854.000
   665: 355075.000 356043.000 356073.000 356092.000 356142.000
   670: 356160.000 357136.000 357166.000 357183.000 357205.000
   675: 357295.000 357312.000 359497.000 359695.000
D:
     0: 18710.000 28256.000 45347.000 48503.000 51907.000
     5: 53233.000 68224.000 70922.000 92469.000 94277.000
    10: 96075.000 98460.000 99981.000 101138.000 103134.000
    15: 104369.000 111097.000 112679.000 114538.000 121422.000
    20: 122757.000 142067.000 143369.000 144861.000 152414.000
    25: 153725.000 155591.000 191666.000 200191.000 201908.000
    30: 203915.000 206203.000 208321.000 210570.000 213490.000
    35: 214884.000 216167.000 217373.000 225877.000 242849.000
    40: 244986.000 246910.000 280526.000 284181.000 285262.000
    45: 288052.000 292216.000 354854.000 359695.000
E:
     0: 1055.000 1063.000 5426.000 5794.000 19078.000
     5: 26772.000 26987.000 28778.000 31147.000 34984.000
    10: 36288.000 36301.000 36305.000 42924.000 43825.000
    15: 43973.000 43976.000 44389.000 45556.000 46912.000
    20: 47939.000 48683.000 48769.000 50414.000 52316.000
    25: 53386.000 53495.000 55021.000 55029.000 55037.000
    30: 55162.000 57633.000 60664.000 67204.000 68696.000
    35: 70025.000 71126.000 71259.000 72637.000 72742.000
    40: 76840.000 85532.000 85624.000 91391.000 92758.000
    45: 93732.000 94512.000 94603.000 96333.000 97778.000
    50: 98695.000 98780.000 98791.000 100049.000 100143.000
    55: 101413.000 101416.000 101504.000 103272.000 103366.000
    60: 104600.000 104682.000 106643.000 109775.000 110657.000
    65: 111573.000 112749.000 112833.000 114090.000 114869.000
    70: 119928.000 121003.000 121595.000 122828.000 122946.000
    75: 128385.000 128393.000 135130.000 135155.000 141023.000
    80: 141524.000 142503.000 143610.000 143779.000 144983.000
    85: 145057.000 145798.000 150903.000 151841.000 151941.000
    90: 152572.000 152713.000 153990.000 154882.000 154888.000
    95: 154903.000 155775.000 155859.000 164644.000 177324.000
   100: 192212.000 194792.000 199449.000 200910.000 202001.000
   105: 202115.000 203312.000 203389.000 204011.000 204076.000
   110: 205392.000 205400.000 205408.000 205413.000 205492.000
   115: 207306.000 208665.000 209994.000 211640.000 213040.000
   120: 213851.000 215198.000 216300.000 216447.000 220270.000
   125: 222115.000 226597.000 230437.000 238739.000 243257.000
   130: 244411.000 245050.000 246348.000 246976.000 246994.000
   135: 247004.000 247088.000 252173.000 262742.000 280873.000
   140: 280903.000 281837.000 281844.000 281908.000 282423.000
   145: 282433.000 283249.000 284446.000 285631.000 286979.000
   150: 288317.000 291366.000 292602.000 307306.000 320463.000
   155: 355340.000 356433.000
Q:
     0: 14374.000 35749.000 43491.000 46418.000 48228.000
     5: 49859.000 54722.000 61236.000 69445.000 72204.000
    10: 92085.000 94042.000 97383.000 100930.000 104192.000
    15: 106305.000 110800.000 113632.000 119559.000 121203.000
    20: 133717.000 141855.000 144648.000 151477.000 154469.000
    25: 155354.000 194494.000 201754.000 205066.000 205899.000
    30: 210374.000 212623.000 215948.000 217130.000 239117.000
    35: 244712.000 246639.000 263528.000 282139.000 283564.000
    40: 286509.000 289067.000 293273.000 324647.000 357136.000
