File: C:\MED-PC\Data\2019-07-25_17h38m_Subject 19004.txt


Start Date: 07/25/19
End Date: 07/25/19
Subject: 19004
Experiment: fr8
Group: 1
Box: 1
Start Time: 17:38:47
End Time: 18:42:07
MSN: FR8 8p First Lever Laser 50
B:   8.000
F:   2.000
H: 282.000
L: 1429.000
R: 119.000
U:  80.000
V: 222.000
A:
     0:    0.000    1.000
C:
     0: 12074.000 12121.000 12172.000 12192.000 12740.000
     5: 12765.000 12793.000 12823.000 12843.000 12885.000
    10: 12942.000 13404.000 13429.000 13455.000 13465.000
    15: 13478.000 13502.000 13510.000 13550.000 13583.000
    20: 13597.000 15737.000 15820.000 15840.000 15882.000
    25: 17196.000 17217.000 17244.000 17273.000 17327.000
    30: 17380.000 17417.000 17443.000 20815.000 20886.000
    35: 20901.000 20929.000 20972.000 21000.000 21025.000
    40: 21632.000 21701.000 21718.000 21745.000 21774.000
    45: 21808.000 21866.000 22333.000 22347.000 22364.000
    50: 22394.000 22411.000 22438.000 22490.000 22539.000
    55: 28765.000 28847.000 28888.000 28899.000 28918.000
    60: 28949.000 29371.000 29388.000 29419.000 29446.000
    65: 29473.000 29526.000 32207.000 32268.000 32304.000
    70: 32349.000 32405.000 32790.000 32808.000 32846.000
    75: 32879.000 32897.000 32932.000 32956.000 32968.000
    80: 34702.000 34752.000 34784.000 34791.000 34808.000
    85: 34827.000 34838.000 34857.000 34883.000 34938.000
    90: 36523.000 36551.000 36582.000 36610.000 36621.000
    95: 36643.000 37290.000 37322.000 37349.000 37374.000
   100: 37391.000 37415.000 37431.000 37463.000 39280.000
   105: 39351.000 39385.000 39397.000 39433.000 39971.000
   110: 39993.000 40021.000 40059.000 40073.000 40100.000
   115: 40125.000 40139.000 40166.000 40180.000 41407.000
   120: 41457.000 41480.000 41496.000 41520.000 41562.000
   125: 41592.000 42677.000 42713.000 42727.000 42763.000
   130: 42785.000 42811.000 42833.000 42862.000 42873.000
   135: 44518.000 44564.000 44599.000 44620.000 44644.000
   140: 44679.000 44700.000 45544.000 45582.000 45618.000
   145: 45627.000 45644.000 45663.000 45681.000 45702.000
   150: 45743.000 45766.000 47388.000 47425.000 47455.000
   155: 47476.000 47486.000 47497.000 47509.000 47543.000
   160: 50431.000 50436.000 50463.000 50475.000 50491.000
   165: 50509.000 50562.000 50585.000 50606.000 52028.000
   170: 52054.000 52092.000 52112.000 52136.000 52151.000
   175: 52170.000 52189.000 53398.000 53430.000 53443.000
   180: 53451.000 53470.000 53486.000 53504.000 54018.000
   185: 54058.000 54080.000 54122.000 54155.000 54177.000
   190: 54196.000 54773.000 54814.000 54835.000 54846.000
   195: 54854.000 54872.000 54889.000 54932.000 54942.000
   200: 54978.000 55024.000 56102.000 56137.000 56172.000
   205: 56197.000 56215.000 56229.000 56246.000 56263.000
   210: 56273.000 57614.000 57645.000 57663.000 57687.000
   215: 57710.000 57726.000 57766.000 57774.000 57800.000
   220: 57822.000 57835.000 59258.000 59303.000 59329.000
   225: 59346.000 59373.000 59400.000 59424.000 59432.000
   230: 59471.000 59485.000 60815.000 60881.000 60894.000
   235: 60908.000 60918.000 60939.000 60956.000 60975.000
   240: 61001.000 61017.000 61029.000 62343.000 62388.000
   245: 62393.000 62414.000 62432.000 62452.000 62480.000
   250: 62959.000 63040.000 63061.000 63098.000 63125.000
   255: 63166.000 63194.000 63214.000 64222.000 64236.000
   260: 64250.000 64272.000 64299.000 64319.000 64337.000
   265: 64358.000 64387.000 64412.000 65544.000 65582.000
   270: 65612.000 68522.000 68566.000 68594.000 68616.000
   275: 68643.000 68664.000 68677.000 69223.000 69235.000
   280: 69254.000 69271.000 69296.000 69317.000 69382.000
   285: 69409.000 69421.000 69434.000 70640.000 70665.000
   290: 70685.000 70722.000 70764.000 70785.000 70794.000
   295: 71379.000 71408.000 71434.000 71449.000 71466.000
   300: 71480.000 71520.000 71527.000 71570.000 72768.000
   305: 72812.000 72842.000 72860.000 72874.000 72890.000
   310: 72935.000 72946.000 72966.000 74019.000 74084.000
   315: 74102.000 74119.000 74146.000 74166.000 74193.000
   320: 74219.000 75277.000 75299.000 75313.000 75336.000
   325: 75363.000 75415.000 75459.000 75906.000 75939.000
   330: 75959.000 75976.000 75991.000 76014.000 76037.000
   335: 76053.000 76100.000 79220.000 79231.000 79277.000
   340: 79314.000 79357.000 79386.000 79399.000 79781.000
   345: 79837.000 79856.000 79872.000 79890.000 79912.000
   350: 79927.000 79941.000 79960.000 79971.000 79983.000
   355: 81132.000 81163.000 81175.000 81198.000 81215.000
   360: 81235.000 81247.000 81273.000 82203.000 82240.000
   365: 82257.000 82270.000 82279.000 82315.000 82339.000
   370: 82361.000 82390.000 83353.000 83386.000 83398.000
   375: 83436.000 83467.000 83475.000 83519.000 85573.000
   380: 85610.000 85652.000 85689.000 85710.000 85733.000
   385: 85761.000 85786.000 85818.000 85839.000 85853.000
   390: 85866.000 86748.000 86785.000 86805.000 86838.000
   395: 86863.000 86887.000 86911.000 87254.000 87302.000
   400: 87319.000 87338.000 87365.000 87384.000 87397.000
   405: 87425.000 87437.000 87448.000 87478.000 88686.000
   410: 88744.000 88773.000 88798.000 88821.000 88857.000
   415: 88883.000 88896.000 90044.000 90121.000 90147.000
   420: 90166.000 90194.000 90208.000 90237.000 90251.000
   425: 90267.000 91358.000 91388.000 91435.000 91450.000
   430: 91479.000 91508.000 91520.000 91550.000 92469.000
   435: 92498.000 92539.000 92554.000 92573.000 92581.000
   440: 92597.000 92643.000 93677.000 93720.000 93747.000
   445: 93762.000 93785.000 93812.000 93859.000 93881.000
   450: 93914.000 95056.000 95095.000 95112.000 95135.000
   455: 95169.000 95194.000 95242.000 95266.000 95288.000
   460: 96339.000 96362.000 96392.000 96414.000 96435.000
   465: 96461.000 96486.000 96511.000 96534.000 97726.000
   470: 97766.000 97827.000 97841.000 97863.000 97874.000
   475: 97905.000 97923.000 97950.000 97980.000 98958.000
   480: 98996.000 99007.000 99031.000 99056.000 99064.000
   485: 99093.000 99128.000 99140.000 100305.000 100340.000
   490: 100351.000 100366.000 100411.000 100449.000 100462.000
   495: 100892.000 100945.000 100985.000 101011.000 101025.000
   500: 101053.000 101072.000 101090.000 101114.000 101985.000
   505: 102006.000 102041.000 102055.000 102074.000 102093.000
   510: 102108.000 102165.000 102194.000 102218.000 103250.000
   515: 103282.000 103307.000 103325.000 103354.000 103377.000
   520: 103416.000 103428.000 103449.000 104453.000 104518.000
   525: 104529.000 104547.000 104572.000 104588.000 104611.000
   530: 104634.000 105692.000 105714.000 105724.000 105740.000
   535: 105767.000 105788.000 105814.000 105832.000 105857.000
   540: 105882.000 106900.000 106966.000 106979.000 107002.000
   545: 107023.000 107048.000 107085.000 107561.000 107601.000
   550: 107638.000 107658.000 107675.000 107690.000 107735.000
   555: 107744.000 108611.000 108621.000 108633.000 108652.000
   560: 108675.000 108695.000 108725.000 108748.000 108779.000
   565: 109953.000 109979.000 110001.000 110045.000 110061.000
   570: 110088.000 110108.000 110127.000 110153.000 110181.000
   575: 111181.000 111210.000 111274.000 111307.000 111330.000
   580: 111347.000 111382.000 111844.000 111866.000 111885.000
   585: 111903.000 111924.000 111939.000 111948.000 111992.000
   590: 112011.000 112027.000 112912.000 112954.000 112972.000
   595: 112984.000 113001.000 113017.000 113035.000 113057.000
   600: 113083.000 113126.000 114162.000 114242.000 114256.000
   605: 114286.000 114308.000 114324.000 114337.000 114706.000
   610: 114746.000 114764.000 114787.000 114799.000 114827.000
   615: 114863.000 114873.000 114915.000 114932.000 115926.000
   620: 115961.000 121304.000 121348.000 121366.000 121380.000
   625: 121401.000 121425.000 121457.000 121481.000 121498.000
   630: 126111.000 126153.000 126222.000 126243.000 126273.000
   635: 126314.000 126345.000 126819.000 126881.000 126897.000
   640: 126925.000 126949.000 126990.000 127014.000 127026.000
   645: 127039.000 127069.000 127103.000 127964.000 127989.000
   650: 128016.000 128059.000 128103.000 128126.000 128156.000
   655: 128190.000 129253.000 129279.000 129316.000 129331.000
   660: 129365.000 129378.000 129398.000 129410.000 129433.000
   665: 129446.000 129454.000 130431.000 130482.000 130515.000
   670: 130534.000 130552.000 130569.000 130581.000 130606.000
   675: 130635.000 130657.000 130667.000 131642.000 131730.000
   680: 131739.000 131779.000 131796.000 131816.000 131843.000
   685: 131870.000 132990.000 133001.000 133023.000 133033.000
   690: 133063.000 133080.000 133099.000 133108.000 133138.000
   695: 133177.000 134381.000 134403.000 134658.000 134669.000
   700: 134716.000 134730.000 134763.000 134783.000 134799.000
   705: 134816.000 134829.000 135735.000 135785.000 135806.000
   710: 135835.000 135853.000 135879.000 135895.000 135942.000
   715: 135971.000 135986.000 137005.000 137049.000 137078.000
   720: 137104.000 137141.000 137161.000 137185.000 137223.000
   725: 137237.000 137247.000 138251.000 138313.000 138342.000
   730: 138362.000 138388.000 138410.000 138428.000 138453.000
   735: 138481.000 139566.000 139599.000 139611.000 139648.000
   740: 139668.000 139676.000 139686.000 139696.000 139723.000
   745: 139746.000 139762.000 139770.000 140947.000 140976.000
   750: 140990.000 141017.000 141044.000 141059.000 141071.000
   755: 141119.000 141141.000 141159.000 141167.000 142283.000
   760: 142321.000 142354.000 142378.000 142420.000 142433.000
   765: 142456.000 142471.000 142488.000 142498.000 143594.000
   770: 143616.000 143677.000 143694.000 143719.000 143743.000
   775: 143772.000 144149.000 144175.000 144218.000 144229.000
   780: 144244.000 144264.000 144275.000 144306.000 144333.000
   785: 144366.000 145436.000 145474.000 145481.000 145513.000
   790: 145529.000 145550.000 145578.000 145606.000 145631.000
   795: 145720.000 146769.000 146809.000 146838.000 146855.000
   800: 146884.000 146909.000 146926.000 146954.000 146976.000
   805: 146993.000 147003.000 148085.000 148098.000 148123.000
   810: 148143.000 148188.000 148223.000 148249.000 148272.000
   815: 148287.000 148314.000 149273.000 149327.000 149354.000
   820: 149379.000 149394.000 149417.000 149438.000 149454.000
   825: 149476.000 149489.000 149509.000 150474.000 150510.000
   830: 150568.000 150596.000 150644.000 150673.000 150700.000
   835: 150717.000 150744.000 159664.000 159707.000 159719.000
   840: 159739.000 159768.000 159810.000 159819.000 159834.000
   845: 159846.000 160740.000 160772.000 160780.000 160800.000
   850: 160821.000 160847.000 160876.000 160887.000 160962.000
   855: 162089.000 162143.000 162161.000 162197.000 162212.000
   860: 162239.000 162288.000 162783.000 162847.000 162860.000
   865: 162882.000 162901.000 162926.000 162946.000 162975.000
   870: 162998.000 164006.000 164060.000 164077.000 164104.000
   875: 164126.000 164151.000 164168.000 164240.000 164284.000
   880: 164298.000 164362.000 165232.000 165253.000 165265.000
   885: 165285.000 165303.000 165318.000 165336.000 165362.000
   890: 165403.000 165415.000 166356.000 166407.000 166441.000
   895: 166455.000 166493.000 166518.000 166564.000 166591.000
   900: 167619.000 167640.000 167684.000 167701.000 167736.000
   905: 167754.000 167789.000 167824.000 167848.000 168635.000
   910: 168655.000 168674.000 168702.000 168736.000 168758.000
   915: 168782.000 168791.000 168842.000 169711.000 169749.000
   920: 169801.000 169826.000 169867.000 169907.000 169920.000
   925: 170507.000 170545.000 170594.000 170628.000 170645.000
   930: 170658.000 170683.000 170707.000 170742.000 170750.000
   935: 170766.000 170786.000 170801.000 170835.000 171555.000
   940: 171592.000 171607.000 171640.000 171658.000 171682.000
   945: 171713.000 171740.000 171763.000 171775.000 171786.000
   950: 171796.000 171813.000 171829.000 172684.000 172702.000
   955: 172716.000 172767.000 172787.000 172807.000 172823.000
   960: 172835.000 172852.000 172867.000 172884.000 172898.000
   965: 173815.000 173855.000 173875.000 173887.000 173910.000
   970: 173939.000 173948.000 173970.000 173988.000 174003.000
   975: 174019.000 174034.000 174062.000 174089.000 193745.000
   980: 193821.000 193879.000 193916.000 193925.000 193989.000
   985: 194018.000 194045.000 194881.000 194911.000 194927.000
   990: 194942.000 194962.000 194978.000 194995.000 195007.000
   995: 195030.000 195056.000 195084.000 195111.000 196084.000
  1000: 196098.000 196122.000 196154.000 196180.000 196203.000
  1005: 196229.000 196239.000 196251.000 196276.000 196299.000
  1010: 196329.000 197246.000 197293.000 197336.000 197359.000
  1015: 197395.000 197420.000 197445.000 197473.000 198638.000
  1020: 198682.000 198710.000 198728.000 198740.000 198797.000
  1025: 198824.000 198843.000 198855.000 199722.000 199743.000
  1030: 199778.000 199803.000 199815.000 199855.000 199901.000
  1035: 199917.000 199952.000 199967.000 201007.000 201037.000
  1040: 201089.000 201109.000 201128.000 201148.000 201185.000
  1045: 201204.000 201224.000 201243.000 201270.000 202248.000
  1050: 202269.000 202295.000 202316.000 202364.000 202375.000
  1055: 202392.000 202405.000 202423.000 202436.000 202454.000
  1060: 203354.000 203379.000 203397.000 203408.000 203422.000
  1065: 203442.000 203462.000 203485.000 203497.000 203522.000
  1070: 203564.000 203583.000 203598.000 203610.000 203639.000
  1075: 204278.000 204376.000 204383.000 204415.000 204433.000
  1080: 204457.000 204483.000 204505.000 221292.000 221314.000
  1085: 221328.000 221373.000 221416.000 221574.000 221621.000
  1090: 221643.000 221652.000 221670.000 221698.000 221716.000
  1095: 221730.000 221741.000 221758.000 221779.000 221799.000
  1100: 221812.000 221822.000 228842.000 228882.000 228909.000
  1105: 228930.000 228963.000 229000.000 229023.000 229036.000
  1110: 229710.000 229772.000 229790.000 229819.000 229837.000
  1115: 229878.000 229906.000 229924.000 229932.000 229959.000
  1120: 230936.000 230970.000 230987.000 231020.000 231041.000
  1125: 231068.000 231079.000 231114.000 231131.000 232231.000
  1130: 232255.000 232326.000 232371.000 232398.000 232417.000
  1135: 232429.000 232462.000 232495.000 233586.000 233622.000
  1140: 233639.000 233666.000 233686.000 233716.000 233725.000
  1145: 233741.000 233766.000 233787.000 234857.000 234902.000
  1150: 234919.000 234943.000 234954.000 234994.000 235021.000
  1155: 235496.000 235573.000 235644.000 235668.000 235704.000
  1160: 236205.000 236223.000 236254.000 236272.000 236280.000
  1165: 236303.000 236341.000 236371.000 236382.000 236443.000
  1170: 236470.000 236484.000 237281.000 237303.000 237320.000
  1175: 237343.000 237358.000 237429.000 237456.000 237472.000
  1180: 238499.000 238535.000 238555.000 238574.000 238605.000
  1185: 238623.000 238643.000 238655.000 238666.000 238687.000
  1190: 238704.000 238732.000 238749.000 238768.000 239729.000
  1195: 239777.000 239793.000 239819.000 239835.000 239868.000
  1200: 239908.000 240214.000 240260.000 240277.000 240301.000
  1205: 240323.000 240337.000 240348.000 240371.000 240388.000
  1210: 240402.000 240435.000 240457.000 246094.000 258178.000
  1215: 258204.000 258256.000 258322.000 258365.000 258403.000
  1220: 258744.000 258785.000 258807.000 258821.000 258849.000
  1225: 258859.000 258873.000 258885.000 258896.000 258944.000
  1230: 259830.000 259865.000 259873.000 259890.000 259908.000
  1235: 259935.000 259953.000 259979.000 260000.000 260011.000
  1240: 260021.000 260031.000 260055.000 260075.000 279976.000
  1245: 279996.000 280053.000 280346.000 280800.000 280813.000
  1250: 287429.000 287466.000 287475.000 287517.000 287553.000
  1255: 287580.000 287609.000 288354.000 288393.000 288422.000
  1260: 288451.000 288484.000 288511.000 288860.000 288870.000
  1265: 288883.000 288895.000 288929.000 288951.000 288985.000
  1270: 288994.000 289017.000 289034.000 289041.000 289855.000
  1275: 289874.000 289910.000 289948.000 289968.000 289994.000
  1280: 290020.000 290062.000 290073.000 290089.000 290115.000
  1285: 291442.000 291552.000 291603.000 291634.000 291658.000
  1290: 291686.000 291712.000 291734.000 293236.000 293280.000
  1295: 293330.000 293361.000 293383.000 293397.000 293409.000
  1300: 293430.000 293455.000 294678.000 294711.000 294761.000
  1305: 294831.000 294859.000 294881.000 294914.000 294928.000
  1310: 294955.000 296024.000 296048.000 296109.000 296128.000
  1315: 296154.000 296182.000 296207.000 296278.000 296316.000
  1320: 296346.000 297519.000 297540.000 297559.000 297579.000
  1325: 297601.000 297619.000 297641.000 297649.000 297682.000
  1330: 297719.000 297732.000 297743.000 298843.000 298901.000
  1335: 298958.000 298990.000 299013.000 299028.000 299047.000
  1340: 299062.000 299068.000 299083.000 299111.000 300117.000
  1345: 300156.000 300197.000 300218.000 300237.000 300244.000
  1350: 300274.000 300283.000 301435.000 301473.000 301508.000
  1355: 301529.000 301563.000 301600.000 301630.000 302002.000
  1360: 302021.000 302069.000 302103.000 302129.000 302155.000
  1365: 302168.000 302213.000 302233.000 302248.000 303205.000
  1370: 303245.000 303264.000 303281.000 303295.000 303318.000
  1375: 303338.000 303389.000 303410.000 304463.000 304525.000
  1380: 304544.000 304563.000 304571.000 304588.000 304613.000
  1385: 304640.000 304662.000 304672.000 314263.000 314341.000
  1390: 314364.000 314385.000 314404.000 314427.000 314437.000
  1395: 314451.000 314477.000 328670.000 328731.000 334355.000
  1400: 334367.000 334407.000 334446.000 334456.000 334481.000
  1405: 334497.000 334508.000 335520.000 335554.000 335661.000
  1410: 335681.000 335717.000 335760.000 335777.000 335787.000
  1415: 336873.000 336907.000 336944.000 336973.000 336997.000
  1420: 337025.000 337458.000 337487.000 337505.000 337525.000
  1425: 337547.000 337568.000 337600.000 337637.000
D:
     0: 13550.000 17443.000 22539.000 32968.000 34857.000
     5: 37463.000 40139.000 42862.000 45702.000 47543.000
    10: 50585.000 52189.000 54932.000 56263.000 57774.000
    15: 59432.000 60975.000 63214.000 64358.000 69409.000
    20: 71527.000 72946.000 74219.000 76053.000 79941.000
    25: 81273.000 82361.000 85786.000 87425.000 88896.000
    30: 90251.000 91550.000 92643.000 93881.000 95266.000
    35: 96511.000 97923.000 99128.000 101090.000 102165.000
    40: 103428.000 104634.000 105832.000 107744.000 108748.000
    45: 110127.000 111992.000 113057.000 114873.000 121481.000
    50: 127026.000 128190.000 129410.000 130606.000 131870.000
    55: 133108.000 134783.000 135942.000 137223.000 138453.000
    60: 139696.000 141119.000 142471.000 144306.000 145606.000
    65: 146954.000 148272.000 149454.000 150717.000 159834.000
    70: 160887.000 162975.000 164240.000 165362.000 166591.000
    75: 167824.000 168791.000 170707.000 171740.000 172835.000
    80: 173970.000 194045.000 195007.000 196239.000 197473.000
    85: 198843.000 199917.000 201204.000 202405.000 203485.000
    90: 204505.000 221643.000 229036.000 229924.000 231114.000
    95: 232462.000 233741.000 236371.000 237472.000 238655.000
   100: 240371.000 258885.000 259979.000 288994.000 290062.000
   105: 291734.000 293430.000 294928.000 296278.000 297649.000
   110: 299062.000 300283.000 302213.000 303389.000 304640.000
   115: 314451.000 334508.000 335787.000 337637.000
E:
     0: 2476.000 6643.000 7655.000 9254.000 10682.000
     5: 12464.000 13171.000 13824.000 16311.000 16872.000
    10: 17909.000 19048.000 19813.000 19864.000 21247.000
    15: 22118.000 22806.000 25577.000 25923.000 28002.000
    20: 29154.000 29827.000 29849.000 31933.000 32605.000
    25: 33066.000 34037.000 35309.000 36850.000 37710.000
    30: 39000.000 39675.000 40297.000 41996.000 42000.000
    35: 43204.000 44177.000 44180.000 44184.000 44264.000
    40: 44990.000 45907.000 46277.000 47817.000 50168.000
    45: 50671.000 50912.000 52456.000 53704.000 54453.000
    50: 55249.000 56524.000 57945.000 58398.000 59092.000
    55: 59558.000 60004.000 61302.000 62552.000 62795.000
    60: 63538.000 64509.000 64704.000 66517.000 66745.000
    65: 68263.000 68924.000 69717.000 70326.000 71027.000
    70: 71889.000 73162.000 74472.000 75681.000 76457.000
    75: 78922.000 79575.000 80062.000 80542.000 81384.000
    80: 81391.000 81395.000 81775.000 82487.000 83001.000
    85: 83595.000 83865.000 85362.000 86099.000 87046.000
    90: 87680.000 89079.000 90439.000 91640.000 91973.000
    95: 92885.000 94193.000 94864.000 95393.000 95739.000
   100: 96619.000 97173.000 98211.000 99344.000 100640.000
   105: 101296.000 102429.000 103668.000 104816.000 106109.000
   110: 107290.000 107921.000 109048.000 110335.000 111610.000
   115: 112225.000 113208.000 113493.000 114407.000 114558.000
   120: 115144.000 117383.000 118037.000 118188.000 121172.000
   125: 121765.000 125056.000 126488.000 127282.000 128427.000
   130: 129738.000 130980.000 132087.000 133388.000 135121.000
   135: 136157.000 137429.000 138671.000 139875.000 140307.000
   140: 140772.000 141311.000 141515.000 142585.000 142924.000
   145: 143866.000 143982.000 144536.000 145801.000 146050.000
   150: 147169.000 147873.000 148416.000 148687.000 149615.000
   155: 149620.000 150062.000 150966.000 153532.000 154733.000
   160: 159260.000 159329.000 159952.000 160126.000 160213.000
   165: 161193.000 161891.000 162435.000 162568.000 163286.000
   170: 164553.000 165520.000 165788.000 166692.000 166985.000
   175: 168143.000 169011.000 170246.000 170931.000 171127.000
   180: 171945.000 172281.000 172983.000 173364.000 174189.000
   185: 174512.000 176192.000 178531.000 181780.000 193339.000
   190: 193608.000 193626.000 194184.000 195290.000 196524.000
   195: 197709.000 199037.000 200217.000 201387.000 201731.000
   200: 202555.000 202818.000 203838.000 204726.000 206547.000
   205: 209575.000 210901.000 213262.000 220999.000 221992.000
   210: 224687.000 228573.000 229150.000 230120.000 231289.000
   215: 232693.000 233402.000 233990.000 235191.000 235929.000
   220: 236007.000 236679.000 237629.000 238920.000 240079.000
   225: 240551.000 240797.000 243478.000 245883.000 249154.000
   230: 249809.000 257652.000 258532.000 259156.000 260306.000
   235: 261934.000 264412.000 264423.000 268684.000 277702.000
   240: 279656.000 280892.000 285025.000 287770.000 288720.000
   245: 289227.000 290200.000 290373.000 291888.000 293647.000
   250: 295127.000 296586.000 297827.000 298007.000 299215.000
   255: 299628.000 300452.000 301811.000 302424.000 303635.000
   260: 304764.000 305052.000 308387.000 308396.000 310955.000
   265: 313928.000 314558.000 314795.000 316964.000 316981.000
   270: 321366.000 322122.000 327332.000 334080.000 334686.000
   275: 335955.000 337211.000 337899.000 347306.000 347411.000
   280: 353911.000 359041.000
Q:
     0: 12074.000 15737.000 20815.000 21632.000 28765.000
     5: 32207.000 34702.000 39280.000 41407.000 44518.000
    10: 45544.000 52028.000 54018.000 54773.000 59258.000
    15: 60815.000 62959.000 65544.000 70640.000 72768.000
    20: 74019.000 79220.000 79781.000 82203.000 85573.000
    25: 87254.000 91358.000 93677.000 95056.000 97726.000
    30: 100892.000 101985.000 104453.000 107561.000 109953.000
    35: 111181.000 114162.000 115926.000 126111.000 126819.000
    40: 130431.000 131642.000 135735.000 137005.000 140947.000
    45: 143594.000 145436.000 146769.000 150474.000 159664.000
    50: 162089.000 164006.000 167619.000 169711.000 170507.000
    55: 173815.000 193745.000 197246.000 198638.000 201007.000
    60: 204278.000 228842.000 229710.000 232231.000 235496.000
    65: 236205.000 238499.000 240214.000 258178.000 279976.000
    70: 287429.000 289855.000 293236.000 296024.000 298843.000
    75: 301435.000 302002.000 314263.000 328670.000 335520.000
\300
