File: C:\MED-PC\Data\2019-07-31_13h17m_Subject 19007.txt


Start Date: 07/31/19
End Date: 07/31/19
Subject: 19007
Experiment: 
Group: 1
Box: 4
Start Time: 13:17:49
End Time: 14:20:54
MSN: FR8 8p First Lever Laser 50
B:   8.000
F:   2.000
H: 226.000
L: 729.000
R:  56.000
U:  49.000
V:  70.000
A:
     0:    0.000    1.000
C:
     0: 6879.000 7766.000 7779.000 7798.000 7821.000
     5: 7841.000 7860.000 7878.000 7900.000 7950.000
    10: 7969.000 8030.000 9368.000 9383.000 9428.000
    15: 9444.000 9484.000 9496.000 9520.000 9559.000
    20: 11143.000 11168.000 11186.000 11213.000 11222.000
    25: 11242.000 11258.000 11302.000 11337.000 13450.000
    30: 13508.000 13527.000 13568.000 13588.000 13701.000
    35: 14605.000 14617.000 14637.000 15263.000 15296.000
    40: 15322.000 15337.000 15355.000 15389.000 15401.000
    45: 15424.000 15515.000 15524.000 16956.000 17015.000
    50: 17030.000 17077.000 17091.000 17108.000 17134.000
    55: 17188.000 17308.000 19050.000 19076.000 19088.000
    60: 19140.000 19199.000 19238.000 19283.000 20627.000
    65: 20661.000 20708.000 20734.000 20768.000 20788.000
    70: 20809.000 21433.000 21451.000 21466.000 21477.000
    75: 21500.000 21515.000 21570.000 21608.000 21630.000
    80: 21646.000 21682.000 21763.000 22825.000 22863.000
    85: 22909.000 22932.000 22952.000 22977.000 23001.000
    90: 23086.000 25040.000 25140.000 25163.000 25172.000
    95: 25182.000 25200.000 25218.000 25287.000 25322.000
   100: 25379.000 26863.000 26894.000 27032.000 27057.000
   105: 27076.000 27100.000 27123.000 27156.000 27190.000
   110: 28921.000 28949.000 28960.000 28995.000 29016.000
   115: 29034.000 29084.000 29787.000 29833.000 29844.000
   120: 29858.000 29882.000 29917.000 29936.000 29951.000
   125: 30024.000 30078.000 30104.000 31601.000 31622.000
   130: 31666.000 31682.000 31701.000 31762.000 31794.000
   135: 31811.000 39308.000 39334.000 39351.000 39378.000
   140: 39398.000 39434.000 39455.000 39483.000 43033.000
   145: 43084.000 43094.000 43109.000 43124.000 43161.000
   150: 43167.000 43276.000 44251.000 44271.000 44286.000
   155: 44306.000 44352.000 44377.000 44427.000 45503.000
   160: 45539.000 45558.000 45665.000 45686.000 45711.000
   165: 46710.000 46763.000 46799.000 46816.000 46835.000
   170: 46864.000 46891.000 46910.000 46929.000 46974.000
   175: 46997.000 47911.000 47933.000 47983.000 47998.000
   180: 48023.000 48042.000 48048.000 48152.000 49339.000
   185: 49368.000 49383.000 49420.000 49437.000 49452.000
   190: 49513.000 49534.000 49555.000 49628.000 51099.000
   195: 51114.000 51138.000 51169.000 51189.000 51218.000
   200: 51248.000 51280.000 52682.000 52719.000 52729.000
   205: 52763.000 52779.000 52810.000 52825.000 53318.000
   210: 53392.000 53409.000 53427.000 53464.000 53481.000
   215: 53491.000 53526.000 53564.000 54651.000 54815.000
   220: 54833.000 54861.000 54893.000 54962.000 54993.000
   225: 55004.000 55060.000 55082.000 56277.000 56302.000
   230: 56333.000 56367.000 56427.000 56497.000 56858.000
   235: 56876.000 56890.000 56911.000 56936.000 56951.000
   240: 58153.000 58167.000 58187.000 58221.000 58315.000
   245: 58332.000 58847.000 58922.000 58943.000 58987.000
   250: 59006.000 59067.000 59094.000 59511.000 59530.000
   255: 59548.000 59586.000 59622.000 59692.000 59853.000
   260: 60293.000 60306.000 60323.000 60340.000 60354.000
   265: 60367.000 60431.000 60460.000 66806.000 66885.000
   270: 66909.000 66938.000 66991.000 67368.000 67381.000
   275: 67405.000 67441.000 67452.000 67486.000 67509.000
   280: 67528.000 67593.000 68240.000 68309.000 68327.000
   285: 68352.000 68374.000 68429.000 68443.000 68472.000
   290: 71285.000 71308.000 71322.000 71388.000 71418.000
   295: 71433.000 71453.000 71464.000 71478.000 71563.000
   300: 72550.000 72572.000 72601.000 72616.000 72671.000
   305: 72723.000 72753.000 73346.000 73365.000 73379.000
   310: 73408.000 73424.000 73437.000 73450.000 73501.000
   315: 73528.000 73548.000 73577.000 73644.000 74726.000
   320: 74744.000 74761.000 74792.000 74820.000 74852.000
   325: 74875.000 74941.000 74958.000 76020.000 76103.000
   330: 76118.000 76182.000 76207.000 76805.000 76832.000
   335: 76882.000 76892.000 76909.000 76927.000 76950.000
   340: 76966.000 77000.000 77131.000 78538.000 78578.000
   345: 78609.000 78623.000 78640.000 78652.000 78690.000
   350: 78714.000 78725.000 78759.000 83633.000 83652.000
   355: 83671.000 83700.000 83755.000 84119.000 84147.000
   360: 84168.000 84221.000 84246.000 84297.000 84330.000
   365: 84343.000 84369.000 84413.000 86214.000 86283.000
   370: 86308.000 86339.000 86377.000 86394.000 86409.000
   375: 86426.000 87461.000 87492.000 87536.000 87556.000
   380: 87573.000 87598.000 87617.000 88131.000 88151.000
   385: 88172.000 88206.000 88218.000 88245.000 88273.000
   390: 88346.000 89190.000 89272.000 89281.000 89296.000
   395: 89328.000 89349.000 89367.000 90042.000 90129.000
   400: 90159.000 90229.000 90350.000 90373.000 90388.000
   405: 90479.000 92415.000 92442.000 92464.000 92504.000
   410: 92599.000 92617.000 92713.000 92723.000 99078.000
   415: 99114.000 99166.000 99261.000 99301.000 99309.000
   420: 99328.000 99822.000 99854.000 99871.000 99889.000
   425: 99926.000 99943.000 99967.000 100353.000 100380.000
   430: 100448.000 100464.000 100496.000 100512.000 100532.000
   435: 100542.000 100596.000 100626.000 100710.000 104106.000
   440: 113109.000 114856.000 114959.000 115014.000 115047.000
   445: 115078.000 115092.000 115120.000 115714.000 115747.000
   450: 115807.000 115849.000 115886.000 115964.000 115982.000
   455: 116072.000 116100.000 121506.000 121543.000 121557.000
   460: 121575.000 121586.000 121611.000 121638.000 121649.000
   465: 121778.000 122764.000 124934.000 124956.000 125016.000
   470: 125047.000 125169.000 125194.000 125208.000 125239.000
   475: 126058.000 126137.000 126179.000 126210.000 126765.000
   480: 126808.000 126841.000 126923.000 126959.000 126983.000
   485: 127058.000 127621.000 127693.000 127711.000 127729.000
   490: 127767.000 127785.000 127814.000 127834.000 129191.000
   495: 129229.000 129273.000 129288.000 129303.000 129327.000
   500: 129358.000 130268.000 130293.000 130308.000 130323.000
   505: 130357.000 130385.000 130397.000 130408.000 130429.000
   510: 130453.000 130482.000 131439.000 131525.000 131538.000
   515: 131553.000 131564.000 131643.000 131650.000 131665.000
   520: 132729.000 132758.000 132816.000 132831.000 132847.000
   525: 132890.000 132927.000 132956.000 132999.000 133013.000
   530: 133040.000 134101.000 134120.000 134131.000 134149.000
   535: 134172.000 134205.000 134222.000 134244.000 134268.000
   540: 134281.000 135146.000 135167.000 135188.000 135216.000
   545: 135232.000 135257.000 135302.000 135897.000 135976.000
   550: 135987.000 136005.000 136112.000 136130.000 136198.000
   555: 136331.000 137341.000 137446.000 137457.000 137504.000
   560: 137534.000 137554.000 137570.000 137592.000 137620.000
   565: 137642.000 138631.000 138658.000 138668.000 138697.000
   570: 138736.000 138786.000 138807.000 138824.000 143131.000
   575: 143242.000 143263.000 143300.000 143317.000 143336.000
   580: 143354.000 143824.000 143841.000 143865.000 143906.000
   585: 143921.000 143951.000 144010.000 144050.000 144092.000
   590: 144954.000 144994.000 145010.000 145036.000 145057.000
   595: 145077.000 145109.000 145166.000 145187.000 148878.000
   600: 148948.000 149044.000 149059.000 149086.000 149136.000
   605: 157905.000 157998.000 158015.000 158032.000 158121.000
   610: 158140.000 160596.000 160651.000 160671.000 160708.000
   615: 160722.000 160739.000 160787.000 160858.000 165356.000
   620: 165381.000 165425.000 165442.000 167978.000 168069.000
   625: 168089.000 168114.000 168315.000 168330.000 169936.000
   630: 170013.000 170101.000 170118.000 173854.000 173935.000
   635: 173953.000 174029.000 174043.000 174063.000 174082.000
   640: 174096.000 174115.000 174142.000 174170.000 177400.000
   645: 177701.000 180964.000 203726.000 211259.000 224329.000
   650: 224416.000 224505.000 224529.000 224586.000 224593.000
   655: 224627.000 224647.000 240741.000 240779.000 240795.000
   660: 240835.000 240859.000 240879.000 240895.000 241280.000
   665: 241299.000 241315.000 241344.000 241374.000 241389.000
   670: 241423.000 241468.000 241511.000 242406.000 242470.000
   675: 242487.000 242524.000 242559.000 242749.000 242798.000
   680: 242824.000 242851.000 242978.000 243009.000 244159.000
   685: 244369.000 244426.000 244435.000 244451.000 244466.000
   690: 244481.000 251975.000 282395.000 282411.000 282441.000
   695: 282473.000 282489.000 282522.000 282545.000 282565.000
   700: 282603.000 329254.000 343395.000 343535.000 349045.000
   705: 349075.000 349139.000 349179.000 349216.000 349250.000
   710: 349273.000 349302.000 350571.000 350645.000 350659.000
   715: 350676.000 350716.000 350734.000 350751.000 350783.000
   720: 350849.000 357659.000 357680.000 357710.000 357803.000
   725: 357824.000 357955.000 357983.000 358006.000
D:
     0: 7878.000 9559.000 11302.000 15424.000 17188.000
     5: 21608.000 23086.000 25287.000 27156.000 29951.000
    10: 31811.000 39483.000 43276.000 46910.000 48152.000
    15: 49534.000 51280.000 53526.000 55004.000 56876.000
    20: 60460.000 67528.000 68472.000 71464.000 73501.000
    25: 74941.000 76966.000 78714.000 84343.000 86426.000
    30: 88346.000 90479.000 92723.000 100542.000 116072.000
    35: 121649.000 125239.000 127834.000 130408.000 131665.000
    40: 132956.000 134244.000 136331.000 137592.000 138824.000
    45: 144050.000 145166.000 160858.000 174096.000 224647.000
    50: 241468.000 242824.000 282565.000 349302.000 350783.000
    55: 358006.000
E:
     0:  972.000 3365.000 3392.000 4485.000 8130.000
     5: 9649.000 11436.000 13796.000 14759.000 15628.000
    10: 17605.000 18773.000 19346.000 20429.000 20971.000
    15: 21021.000 21291.000 21835.000 23219.000 24725.000
    20: 25506.000 26666.000 27286.000 29176.000 29590.000
    25: 30207.000 30210.000 31900.000 31903.000 33195.000
    30: 36438.000 38900.000 39742.000 39880.000 40311.000
    35: 40338.000 41991.000 42784.000 43361.000 44049.000
    40: 44524.000 45938.000 47125.000 47147.000 48256.000
    45: 49683.000 50880.000 51379.000 52912.000 53734.000
    50: 55189.000 57165.000 57800.000 58498.000 59213.000
    55: 59964.000 60589.000 63636.000 63644.000 64989.000
    60: 66432.000 66658.000 67112.000 67647.000 68615.000
    65: 70863.000 71668.000 72371.000 72843.000 73717.000
    70: 75060.000 76337.000 76668.000 77246.000 78837.000
    75: 78846.000 79559.000 80835.000 80921.000 80996.000
    80: 81002.000 82265.000 83265.000 83940.000 84519.000
    85: 85724.000 85731.000 86490.000 87244.000 87703.000
    90: 88448.000 89499.000 90559.000 91248.000 91308.000
    95: 92039.000 92827.000 92833.000 95050.000 97306.000
   100: 98084.000 98813.000 99382.000 99391.000 100049.000
   105: 100866.000 100883.000 103104.000 106609.000 106694.000
   110: 106768.000 110842.000 112747.000 114726.000 115256.000
   115: 119562.000 121129.000 121837.000 122461.000 123793.000
   120: 124700.000 125378.000 126373.000 127223.000 128047.000
   125: 128175.000 129483.000 130551.000 131742.000 133096.000
   130: 134388.000 135448.000 135465.000 136444.000 137129.000
   135: 137728.000 138908.000 140571.000 141591.000 142824.000
   140: 143568.000 144168.000 144611.000 145263.000 147294.000
   145: 148533.000 149233.000 151680.000 154049.000 155687.000
   150: 157502.000 158220.000 160435.000 160908.000 162359.000
   155: 165569.000 165672.000 167648.000 168479.000 169620.000
   160: 170202.000 171627.000 173603.000 174243.000 176394.000
   165: 176631.000 180137.000 180754.000 185655.000 208405.000
   170: 216677.000 218538.000 224021.000 224794.000 224809.000
   175: 226864.000 226880.000 226894.000 226914.000 226965.000
   180: 227192.000 237495.000 240262.000 240954.000 241116.000
   185: 241604.000 242170.000 243086.000 243100.000 243959.000
   190: 244602.000 245062.000 247788.000 250049.000 255812.000
   195: 258347.000 264359.000 273679.000 274556.000 282017.000
   200: 282646.000 284768.000 288345.000 290826.000 293326.000
   205: 296644.000 303179.000 303198.000 303263.000 307230.000
   210: 307398.000 318971.000 330048.000 330053.000 339335.000
   215: 345307.000 345341.000 348051.000 348862.000 349424.000
   220: 350939.000 353493.000 355893.000 357302.000 358066.000
   225: 359612.000
Q:
     0: 9368.000 11143.000 15263.000 16956.000 20627.000
     5: 22825.000 26863.000 29787.000 43033.000 45503.000
    10: 46710.000 51099.000 53318.000 54651.000 58847.000
    15: 59511.000 66806.000 68240.000 72550.000 76020.000
    20: 78538.000 84119.000 86214.000 89190.000 90042.000
    25: 99078.000 100353.000 114856.000 115714.000 124934.000
    30: 126058.000 127621.000 131439.000 132729.000 135897.000
    35: 137341.000 143131.000 148878.000 160596.000 167978.000
    40: 173854.000 180964.000 203726.000 224329.000 242406.000
    45: 251975.000 329254.000 349045.000 350571.000
\300
