File: C:\MED-PC\Data\2019-08-02_14h38m_Subject 19010.txt


Start Date: 08/02/19
End Date: 08/02/19
Subject: 19010
Experiment: 
Group: 1
Box: 4
Start Time: 14:38:59
End Time: 15:42:25
MSN: FR8 8p First Lever Laser 50
B:   8.000
F:   2.000
H: 425.000
L: 954.000
R:  74.000
U:  57.000
V: 173.000
A:
     0:    0.000    1.000
C:
     0: 6301.000 6329.000 6387.000 6439.000 6483.000
     5: 6796.000 6833.000 6910.000 6930.000 6950.000
    10: 6971.000 6993.000 9332.000 9402.000 9483.000
    15: 9922.000 9966.000 10997.000 11022.000 11040.000
    20: 11049.000 11118.000 11152.000 11177.000 11193.000
    25: 11210.000 14293.000 14308.000 14335.000 14349.000
    30: 14402.000 14906.000 14964.000 15116.000 15489.000
    35: 15533.000 15570.000 15588.000 15601.000 17840.000
    40: 17882.000 17895.000 17905.000 17957.000 18094.000
    45: 19142.000 19191.000 19205.000 19261.000 19273.000
    50: 19299.000 19357.000 19368.000 21004.000 21197.000
    55: 21535.000 21577.000 21598.000 21631.000 21662.000
    60: 21692.000 21734.000 25009.000 25110.000 25373.000
    65: 25583.000 25606.000 25643.000 25681.000 25753.000
    70: 27782.000 27814.000 27846.000 27895.000 27915.000
    75: 27963.000 27994.000 28018.000 29738.000 29815.000
    80: 29994.000 30296.000 30314.000 30342.000 30418.000
    85: 30451.000 30472.000 32685.000 32725.000 32781.000
    90: 32801.000 32879.000 32944.000 32977.000 33271.000
    95: 33301.000 33341.000 33375.000 33390.000 33414.000
   100: 33485.000 33527.000 33567.000 35241.000 35276.000
   105: 35309.000 35330.000 35412.000 35465.000 35727.000
   110: 35751.000 35796.000 35902.000 35934.000 35960.000
   115: 35997.000 37772.000 37807.000 37985.000 38138.000
   120: 38347.000 38364.000 38377.000 38411.000 38527.000
   125: 38566.000 39905.000 39947.000 39958.000 39984.000
   130: 40023.000 40060.000 40080.000 40112.000 42195.000
   135: 42770.000 44851.000 44887.000 44922.000 44954.000
   140: 44974.000 45119.000 45177.000 46956.000 46999.000
   145: 47020.000 47083.000 47119.000 47133.000 47376.000
   150: 47392.000 47411.000 47416.000 47531.000 47541.000
   155: 47568.000 47577.000 49473.000 49711.000 49912.000
   160: 49972.000 50104.000 50127.000 50209.000 50225.000
   165: 50246.000 51914.000 51935.000 52014.000 52079.000
   170: 52092.000 52112.000 52178.000 52444.000 52472.000
   175: 52490.000 54262.000 54342.000 54573.000 54828.000
   180: 54902.000 54919.000 54951.000 55004.000 55104.000
   185: 57385.000 57420.000 57566.000 57606.000 57821.000
   190: 58394.000 58459.000 58515.000 59010.000 59033.000
   195: 59085.000 59112.000 59157.000 59183.000 61193.000
   200: 61219.000 61233.000 61244.000 61285.000 61320.000
   205: 61567.000 61645.000 61656.000 61678.000 61744.000
   210: 61775.000 61806.000 63385.000 63649.000 63702.000
   215: 63929.000 63939.000 64053.000 64096.000 64112.000
   220: 64148.000 64192.000 65613.000 66193.000 66256.000
   225: 66279.000 66544.000 66594.000 66616.000 66626.000
   230: 66648.000 66705.000 66727.000 66736.000 66796.000
   235: 69153.000 69182.000 69217.000 69288.000 69307.000
   240: 69316.000 69353.000 69397.000 69459.000 70352.000
   245: 70387.000 70406.000 70440.000 70483.000 70494.000
   250: 70527.000 70545.000 70560.000 70593.000 70616.000
   255: 71852.000 71882.000 72060.000 72446.000 72486.000
   260: 72560.000 72585.000 72613.000 72629.000 72643.000
   265: 73915.000 73969.000 74037.000 74065.000 74090.000
   270: 74164.000 74194.000 74223.000 76092.000 83164.000
   275: 83779.000 83834.000 83860.000 83874.000 84272.000
   280: 84348.000 84365.000 84436.000 84639.000 84653.000
   285: 84713.000 84739.000 84769.000 84840.000 84869.000
   290: 84925.000 86057.000 86290.000 86511.000 86633.000
   295: 86669.000 86709.000 86727.000 86750.000 88767.000
   300: 88795.000 88809.000 88824.000 88896.000 88953.000
   305: 89222.000 89238.000 89265.000 89295.000 89332.000
   310: 89372.000 89432.000 89473.000 89494.000 89523.000
   315: 91081.000 91681.000 91767.000 91794.000 92070.000
   320: 92101.000 92139.000 92197.000 92242.000 92277.000
   325: 92316.000 92366.000 93621.000 93696.000 94194.000
   330: 94230.000 94258.000 94293.000 94337.000 94682.000
   335: 94756.000 95297.000 95359.000 95386.000 95404.000
   340: 95863.000 95889.000 95919.000 95979.000 96010.000
   345: 96045.000 96055.000 96083.000 96125.000 97601.000
   350: 97667.000 97703.000 97725.000 97755.000 97783.000
   355: 97795.000 98103.000 98145.000 99821.000 101437.000
   360: 101501.000 101527.000 102090.000 102296.000 102321.000
   365: 102364.000 102420.000 102488.000 102520.000 102600.000
   370: 102628.000 104281.000 104355.000 104818.000 104836.000
   375: 104924.000 104986.000 105011.000 105051.000 105126.000
   380: 105140.000 106537.000 106597.000 106666.000 106740.000
   385: 106751.000 106799.000 106810.000 107202.000 107264.000
   390: 107272.000 107340.000 107381.000 107420.000 107483.000
   395: 107534.000 107557.000 107591.000 107625.000 108747.000
   400: 109344.000 109408.000 109526.000 109553.000 109605.000
   405: 109767.000 109788.000 111032.000 111624.000 111793.000
   410: 111867.000 111908.000 112371.000 112412.000 112430.000
   415: 112440.000 112497.000 112549.000 112628.000 115614.000
   420: 115662.000 115692.000 115726.000 115785.000 115822.000
   425: 115862.000 116087.000 116173.000 116204.000 116233.000
   430: 116245.000 116278.000 116333.000 116363.000 116401.000
   435: 118537.000 118665.000 118936.000 118947.000 119135.000
   440: 122494.000 122585.000 122644.000 122705.000 122745.000
   445: 122779.000 122787.000 124406.000 125006.000 125132.000
   450: 125207.000 125496.000 125520.000 125580.000 125623.000
   455: 125696.000 125716.000 127760.000 127816.000 127836.000
   460: 127929.000 127962.000 128032.000 128410.000 128454.000
   465: 128587.000 128626.000 129042.000 129139.000 129214.000
   470: 129268.000 131571.000 131628.000 131654.000 131690.000
   475: 131732.000 131753.000 131793.000 131817.000 135025.000
   480: 138048.000 138101.000 138629.000 138753.000 139169.000
   485: 139206.000 139255.000 139272.000 139301.000 139351.000
   490: 139410.000 141910.000 141934.000 144695.000 144757.000
   495: 144788.000 144992.000 145092.000 145240.000 145315.000
   500: 145373.000 145490.000 147481.000 147548.000 147589.000
   505: 147638.000 147668.000 147723.000 147752.000 147808.000
   510: 151423.000 151469.000 152069.000 152242.000 152417.000
   515: 152461.000 152480.000 152922.000 153027.000 155451.000
   520: 155579.000 155615.000 156039.000 156136.000 156217.000
   525: 156264.000 156482.000 156503.000 156525.000 156564.000
   530: 156615.000 156675.000 156720.000 159161.000 159224.000
   535: 159242.000 159301.000 159344.000 159374.000 159619.000
   540: 159649.000 159664.000 159749.000 159815.000 159879.000
   545: 162050.000 162255.000 162900.000 163203.000 163252.000
   550: 163311.000 163352.000 163371.000 164413.000 164489.000
   555: 164502.000 164589.000 164704.000 164719.000 164770.000
   560: 165340.000 165748.000 166054.000 166558.000 166623.000
   565: 166651.000 166690.000 166789.000 166805.000 166839.000
   570: 166885.000 166907.000 167936.000 168018.000 168154.000
   575: 168179.000 168197.000 168265.000 170171.000 170223.000
   580: 170255.000 170262.000 170303.000 170354.000 170398.000
   585: 170471.000 170542.000 173560.000 173634.000 173712.000
   590: 174792.000 174820.000 174854.000 179046.000 179075.000
   595: 179109.000 179675.000 179744.000 179870.000 180447.000
   600: 180514.000 180540.000 180617.000 180627.000 180649.000
   605: 180676.000 182516.000 182566.000 182607.000 182688.000
   610: 182718.000 182739.000 182767.000 182783.000 187371.000
   615: 187654.000 187864.000 188337.000 188380.000 189784.000
   620: 189867.000 189890.000 189932.000 189966.000 189992.000
   625: 192226.000 192277.000 192423.000 192455.000 192749.000
   630: 192821.000 192850.000 192867.000 192960.000 192967.000
   635: 193005.000 195103.000 195823.000 195833.000 195873.000
   640: 198957.000 198994.000 199060.000 199108.000 199132.000
   645: 199158.000 199739.000 199770.000 199781.000 199803.000
   650: 199979.000 201317.000 201339.000 201366.000 201418.000
   655: 201466.000 201566.000 201789.000 201848.000 201882.000
   660: 201923.000 201985.000 216640.000 217303.000 217407.000
   665: 219874.000 219926.000 219969.000 220050.000 224082.000
   670: 224168.000 224222.000 224250.000 224697.000 224773.000
   675: 224812.000 224829.000 224853.000 224883.000 227369.000
   680: 227418.000 227476.000 228148.000 228215.000 228706.000
   685: 228772.000 228848.000 228864.000 231203.000 231261.000
   690: 231853.000 231974.000 232494.000 232541.000 232564.000
   695: 232574.000 232628.000 232666.000 233532.000 233596.000
   700: 233681.000 233751.000 234150.000 234201.000 234251.000
   705: 234280.000 234312.000 236847.000 236896.000 236960.000
   710: 237001.000 237094.000 237336.000 237370.000 237407.000
   715: 237439.000 237510.000 240165.000 241295.000 241355.000
   720: 241374.000 241608.000 245605.000 245986.000 246324.000
   725: 250675.000 250855.000 252690.000 256512.000 260107.000
   730: 260363.000 260694.000 262560.000 262624.000 262655.000
   735: 262676.000 262748.000 263302.000 263343.000 263377.000
   740: 263489.000 263516.000 263709.000 263733.000 263824.000
   745: 263849.000 263856.000 263901.000 263914.000 263935.000
   750: 266038.000 266135.000 266731.000 266803.000 266847.000
   755: 266865.000 266891.000 266905.000 266919.000 269198.000
   760: 269207.000 269261.000 269307.000 269359.000 269399.000
   765: 269421.000 269860.000 270063.000 270530.000 270587.000
   770: 270618.000 270687.000 270710.000 271518.000 271564.000
   775: 272118.000 272157.000 272183.000 272243.000 272279.000
   780: 273029.000 273070.000 273097.000 273121.000 273169.000
   785: 273192.000 273442.000 273471.000 273557.000 273614.000
   790: 273652.000 275639.000 275688.000 275718.000 275774.000
   795: 275796.000 275806.000 275850.000 276043.000 276118.000
   800: 276143.000 276176.000 276226.000 276280.000 277968.000
   805: 278098.000 278546.000 278600.000 278690.000 278757.000
   810: 283535.000 284101.000 284211.000 284687.000 284734.000
   815: 284774.000 284884.000 285174.000 285341.000 285376.000
   820: 287447.000 287663.000 287696.000 287769.000 287803.000
   825: 288062.000 288171.000 288266.000 288333.000 288360.000
   830: 291583.000 293093.000 293106.000 293374.000 293424.000
   835: 293745.000 293856.000 293973.000 294289.000 294354.000
   840: 294402.000 298646.000 301184.000 301243.000 301580.000
   845: 301635.000 301867.000 301966.000 306206.000 306430.000
   850: 306670.000 309240.000 309285.000 309298.000 309338.000
   855: 311241.000 313567.000 313617.000 314529.000 314594.000
   860: 314655.000 315155.000 315323.000 315415.000 315796.000
   865: 315839.000 315886.000 315948.000 316001.000 317672.000
   870: 317788.000 317823.000 317885.000 317955.000 318314.000
   875: 318374.000 319023.000 319079.000 319121.000 319137.000
   880: 319240.000 319283.000 321793.000 323580.000 323680.000
   885: 323708.000 323717.000 323754.000 324220.000 324317.000
   890: 324517.000 324729.000 325029.000 326743.000 326876.000
   895: 326907.000 327138.000 328410.000 328492.000 328578.000
   900: 328620.000 328639.000 328651.000 330498.000 330975.000
   905: 331336.000 331443.000 331578.000 331811.000 331876.000
   910: 332311.000 332877.000 336747.000 337280.000 337912.000
   915: 339533.000 339591.000 339639.000 339659.000 339681.000
   920: 339697.000 339753.000 341358.000 344331.000 344388.000
   925: 345049.000 345126.000 345415.000 345468.000 345494.000
   930: 345507.000 345550.000 345569.000 345794.000 345820.000
   935: 345837.000 345999.000 348739.000 349048.000 349342.000
   940: 349540.000 349883.000 349967.000 349992.000 350019.000
   945: 350040.000 350064.000 352012.000 352104.000 352170.000
   950: 354981.000 355108.000 355535.000 357752.000
D:
     0: 6910.000 11040.000 15601.000 19191.000 21692.000
     5: 25753.000 28018.000 30451.000 33271.000 35751.000
    10: 38411.000 40112.000 45119.000 47392.000 50225.000
    15: 52444.000 55004.000 59112.000 61645.000 64112.000
    20: 66626.000 69397.000 70545.000 72613.000 74223.000
    25: 84739.000 86750.000 89473.000 92366.000 95889.000
    30: 98103.000 102420.000 105051.000 107534.000 109788.000
    35: 116087.000 122644.000 125623.000 129268.000 131817.000
    40: 139272.000 145373.000 147808.000 152922.000 156482.000
    45: 159649.000 163371.000 166789.000 170471.000 180514.000
    50: 182783.000 189890.000 192867.000 199770.000 201848.000
    55: 224829.000 228848.000 234280.000 237407.000 263824.000
    60: 266905.000 273471.000 276043.000 285174.000 288266.000
    65: 294289.000 311241.000 315839.000 319283.000 326907.000
    70: 332311.000 341358.000 345820.000 350019.000
E:
     0:  738.000 3473.000 4646.000 5850.000 6083.000
     5: 7265.000 9040.000 11621.000 14614.000 15886.000
    10: 17637.000 19620.000 22041.000 24813.000 26069.000
    15: 28297.000 30812.000 32404.000 34015.000 36203.000
    20: 38792.000 40442.000 45411.000 48122.000 50358.000
    25: 50384.000 50392.000 51215.000 52595.000 52597.000
    30: 52615.000 52630.000 53247.000 53263.000 53991.000
    35: 55241.000 55995.000 57098.000 57718.000 59295.000
    40: 60811.000 62103.000 64613.000 67006.000 67584.000
    45: 68798.000 69581.000 70721.000 72734.000 73589.000
    50: 74331.000 75034.000 75475.000 80108.000 80154.000
    55: 84086.000 85046.000 85303.000 86828.000 87161.000
    60: 87178.000 87188.000 87194.000 87204.000 87244.000
    65: 87264.000 87280.000 87288.000 87343.000 87353.000
    70: 87358.000 88371.000 89079.000 89613.000 89781.000
    75: 89799.000 89802.000 89815.000 89824.000 89879.000
    80: 89931.000 89975.000 89989.000 90010.000 90053.000
    85: 90556.000 91928.000 91941.000 92461.000 92468.000
    90: 92655.000 94505.000 96429.000 99030.000 99039.000
    95: 101104.000 102724.000 103096.000 103114.000 103133.000
   100: 103140.000 103259.000 103318.000 103321.000 103771.000
   105: 105296.000 105541.000 105550.000 105557.000 105580.000
   110: 105586.000 105751.000 105762.000 106907.000 107754.000
   115: 107871.000 108116.000 108154.000 109881.000 110105.000
   120: 110127.000 110132.000 110148.000 110212.000 110223.000
   125: 110227.000 110233.000 110275.000 110315.000 110319.000
   130: 110324.000 110329.000 110332.000 110335.000 110340.000
   135: 110351.000 110409.000 110478.000 110481.000 110536.000
   140: 110796.000 111992.000 112203.000 112776.000 115015.000
   145: 116484.000 117359.000 117560.000 122871.000 123218.000
   150: 123240.000 123288.000 123957.000 125876.000 126031.000
   155: 126050.000 126100.000 126168.000 126468.000 126708.000
   160: 126728.000 126743.000 128168.000 129450.000 129732.000
   165: 129738.000 129755.000 129766.000 129774.000 129784.000
   170: 129800.000 129809.000 129819.000 129854.000 129861.000
   175: 129870.000 129878.000 129951.000 129961.000 129972.000
   180: 129987.000 130005.000 131932.000 134283.000 137640.000
   185: 139559.000 139575.000 139902.000 139910.000 139919.000
   190: 139954.000 139969.000 140007.000 140022.000 140028.000
   195: 140072.000 140083.000 140520.000 143747.000 145587.000
   200: 146042.000 146051.000 146059.000 146067.000 146094.000
   205: 146221.000 146334.000 147934.000 147944.000 148217.000
   210: 148226.000 148236.000 148245.000 148253.000 148261.000
   215: 148272.000 148298.000 148572.000 148575.000 148584.000
   220: 148599.000 149100.000 149136.000 150517.000 150819.000
   225: 153327.000 154764.000 156816.000 157244.000 157249.000
   230: 157263.000 157370.000 158006.000 160026.000 160284.000
   235: 160449.000 160513.000 160530.000 161118.000 163534.000
   240: 164110.000 164897.000 167031.000 168385.000 169759.000
   245: 170721.000 173008.000 177733.000 178808.000 180844.000
   250: 181269.000 181980.000 182908.000 186730.000 190118.000
   255: 190451.000 190474.000 190489.000 190497.000 190505.000
   260: 190509.000 190514.000 190522.000 190530.000 190537.000
   265: 190554.000 190564.000 190600.000 190683.000 190753.000
   270: 190762.000 190766.000 190777.000 190798.000 190800.000
   275: 190803.000 190811.000 190831.000 190837.000 190846.000
   280: 190881.000 190890.000 190899.000 190944.000 190975.000
   285: 190997.000 191003.000 191806.000 193123.000 193347.000
   290: 193352.000 193360.000 193363.000 193368.000 193386.000
   295: 193394.000 193402.000 193437.000 193655.000 194692.000
   300: 198513.000 200087.000 200356.000 200365.000 200373.000
   305: 200377.000 200403.000 200411.000 200420.000 200456.000
   310: 200473.000 200484.000 200814.000 202089.000 202262.000
   315: 202269.000 202294.000 202360.000 202363.000 202383.000
   320: 202393.000 202429.000 203435.000 207410.000 211916.000
   325: 223664.000 225008.000 225462.000 226785.000 226907.000
   330: 228969.000 228979.000 229969.000 232121.000 232798.000
   335: 234416.000 234430.000 235286.000 236563.000 237606.000
   340: 238029.000 238033.000 238377.000 245049.000 247774.000
   345: 261530.000 262999.000 264201.000 265685.000 267028.000
   350: 267406.000 268283.000 269550.000 270837.000 272420.000
   355: 272442.000 273772.000 274076.000 274083.000 274092.000
   360: 274158.000 274164.000 274173.000 274182.000 274209.000
   365: 274217.000 274231.000 274234.000 274254.000 274950.000
   370: 276438.000 276828.000 276837.000 276845.000 276861.000
   375: 276931.000 276941.000 276947.000 276955.000 277499.000
   380: 281647.000 283190.000 285525.000 286284.000 286898.000
   385: 287020.000 288451.000 288681.000 288707.000 288714.000
   390: 289050.000 289643.000 292905.000 294534.000 295535.000
   395: 295911.000 298204.000 300859.000 305791.000 311742.000
   400: 313282.000 313878.000 314251.000 316251.000 318085.000
   405: 319399.000 319405.000 319409.000 320618.000 321457.000
   410: 323926.000 327372.000 329867.000 333650.000 339056.000
   415: 342208.000 343995.000 345246.000 346097.000 347181.000
   420: 348443.000 350156.000 351413.000 354639.000 357464.000
Q:
     0: 9332.000 14906.000 21004.000 25009.000 29738.000
     5: 37772.000 42195.000 49473.000 54262.000 57821.000
    10: 63385.000 65613.000 71852.000 76092.000 83164.000
    15: 86057.000 91081.000 93621.000 94682.000 101437.000
    20: 104281.000 108747.000 111032.000 118537.000 124406.000
    25: 128410.000 138048.000 144695.000 151423.000 155451.000
    30: 162050.000 165340.000 173560.000 179046.000 187371.000
    35: 195103.000 216640.000 227369.000 231203.000 233532.000
    40: 245605.000 250675.000 266038.000 269860.000 271518.000
    45: 277968.000 283535.000 293093.000 301184.000 306206.000
    50: 314529.000 318314.000 324220.000 336747.000 344331.000
    55: 348739.000 354981.000
