File: C:\MED-PC\Data\2019-07-29_14h14m_Subject 19003.txt


Start Date: 07/29/19
End Date: 07/29/19
Subject: 19003
Experiment: 
Group: 1
Box: 1
Start Time: 14:14:43
End Time: 15:25:22
MSN: FR8 8p First Lever Laser 50
B:   8.000
F:   2.000
H: 343.000
L: 272.000
R:  14.000
U:  22.000
V:  31.000
A:
     0:    0.000    1.000
C:
     0: 6612.000 6714.000 10186.000 10226.000 10238.000
     5: 10481.000 10525.000 10685.000 10744.000 13817.000
    10: 17030.000 17089.000 17183.000 17198.000 17412.000
    15: 17499.000 17510.000 22123.000 27297.000 34917.000
    20: 34959.000 35000.000 35063.000 36386.000 36412.000
    25: 36460.000 36473.000 36537.000 36554.000 36595.000
    30: 52838.000 52885.000 52944.000 52977.000 53041.000
    35: 53060.000 60764.000 60814.000 67615.000 67657.000
    40: 67682.000 67699.000 70693.000 73962.000 74001.000
    45: 74047.000 74058.000 77397.000 77422.000 77479.000
    50: 82391.000 82443.000 82480.000 82495.000 82507.000
    55: 82633.000 82958.000 82995.000 83041.000 83111.000
    60: 91410.000 91472.000 93321.000 93469.000 93758.000
    65: 93786.000 93851.000 93864.000 100750.000 104680.000
    70: 104738.000 104760.000 104806.000 104820.000 105160.000
    75: 105187.000 105239.000 105261.000 105278.000 105329.000
    80: 105375.000 111900.000 111923.000 111938.000 111969.000
    85: 112001.000 112062.000 112224.000 112285.000 112304.000
    90: 126958.000 127212.000 135294.000 135339.000 135372.000
    95: 135385.000 135436.000 135466.000 137556.000 137582.000
   100: 151429.000 151459.000 152901.000 152916.000 153022.000
   105: 153280.000 161795.000 161843.000 161911.000 161960.000
   110: 161971.000 161990.000 162020.000 162242.000 162289.000
   115: 162304.000 162340.000 162356.000 162371.000 162478.000
   120: 162492.000 162549.000 162594.000 162606.000 162623.000
   125: 172187.000 172217.000 172226.000 172241.000 172286.000
   130: 172297.000 172493.000 172532.000 172556.000 172567.000
   135: 172580.000 172831.000 172855.000 172867.000 172877.000
   140: 172924.000 172936.000 172974.000 172984.000 172995.000
   145: 182640.000 182680.000 182733.000 183083.000 183191.000
   150: 183238.000 183400.000 183412.000 183421.000 183450.000
   155: 183478.000 183508.000 183517.000 189229.000 189312.000
   160: 194282.000 194374.000 194402.000 194414.000 194634.000
   165: 194892.000 194931.000 194944.000 194957.000 195061.000
   170: 195075.000 195090.000 195142.000 197568.000 197638.000
   175: 197671.000 197687.000 197979.000 197995.000 198004.000
   180: 200778.000 200820.000 200849.000 200951.000 200972.000
   185: 201006.000 201062.000 201072.000 209360.000 209419.000
   190: 209821.000 209835.000 209863.000 209901.000 210112.000
   195: 210132.000 210145.000 210156.000 210176.000 210189.000
   200: 210226.000 210239.000 210258.000 210285.000 238084.000
   205: 238155.000 238171.000 238202.000 238234.000 238243.000
   210: 238432.000 238454.000 238468.000 238489.000 238515.000
   215: 238539.000 238548.000 238600.000 238651.000 238764.000
   220: 261679.000 261726.000 265581.000 265854.000 265980.000
   225: 266000.000 266013.000 266031.000 266060.000 266071.000
   230: 277838.000 277872.000 277903.000 277937.000 277966.000
   235: 277975.000 278016.000 278027.000 278065.000 278074.000
   240: 278085.000 278099.000 289802.000 289831.000 289854.000
   245: 289871.000 289916.000 289961.000 298641.000 298667.000
   250: 325218.000 325244.000 325262.000 325271.000 325281.000
   255: 325296.000 325342.000 325569.000 325613.000 325652.000
   260: 325682.000 325966.000 326005.000 326017.000 326037.000
   265: 326052.000 326067.000 326104.000 329192.000 329224.000
   270: 329266.000 329550.000
D:
     0: 13817.000 82995.000 93864.000 105239.000 112285.000
     5: 162492.000 172867.000 183412.000 195090.000 201072.000
    10: 210239.000 238600.000 266071.000 278027.000
E:
     0:  392.000 4624.000 5616.000 7953.000 8841.000
     5: 9563.000 15635.000 16034.000 16048.000 16606.000
    10: 16703.000 16737.000 17610.000 17688.000 17697.000
    15: 17735.000 17754.000 18012.000 18062.000 18072.000
    20: 18188.000 19237.000 20026.000 20050.000 20475.000
    25: 25318.000 26667.000 29368.000 29391.000 29986.000
    30: 30305.000 31676.000 35191.000 40927.000 46078.000
    35: 46370.000 47622.000 47959.000 49098.000 51004.000
    40: 52463.000 52483.000 52522.000 53138.000 53180.000
    45: 53201.000 53222.000 53906.000 53910.000 53918.000
    50: 54152.000 54532.000 54625.000 54661.000 54820.000
    55: 54845.000 55746.000 58059.000 59059.000 59561.000
    60: 60190.000 60572.000 61126.000 64071.000 64092.000
    65: 64537.000 66093.000 66098.000 66112.000 66750.000
    70: 67088.000 67093.000 68007.000 68611.000 69865.000
    75: 70081.000 71178.000 72014.000 72913.000 73244.000
    80: 74201.000 74231.000 74257.000 74412.000 74416.000
    85: 74677.000 74705.000 74724.000 74832.000 74871.000
    90: 74875.000 75000.000 76247.000 76869.000 77234.000
    95: 79009.000 79774.000 79849.000 82066.000 83205.000
   100: 83261.000 83279.000 83288.000 83467.000 83475.000
   105: 83585.000 84156.000 84713.000 85432.000 87378.000
   110: 88712.000 90866.000 94043.000 94048.000 94215.000
   115: 94232.000 94813.000 95408.000 96670.000 97944.000
   120: 99124.000 99129.000 99135.000 100500.000 101562.000
   125: 102286.000 105492.000 105652.000 105666.000 105738.000
   130: 105763.000 105845.000 107031.000 107136.000 107774.000
   135: 108739.000 110261.000 110291.000 111417.000 111651.000
   140: 112430.000 112437.000 112460.000 112605.000 112868.000
   145: 113052.000 113279.000 113286.000 113650.000 113689.000
   150: 114311.000 114379.000 115182.000 117219.000 118501.000
   155: 119023.000 120297.000 122203.000 131280.000 132774.000
   160: 132783.000 132792.000 134326.000 134337.000 137306.000
   165: 137327.000 139738.000 143306.000 143318.000 143904.000
   170: 144584.000 149205.000 155819.000 158895.000 160525.000
   175: 160536.000 162125.000 162738.000 162802.000 163545.000
   180: 165118.000 165123.000 166198.000 166382.000 169727.000
   185: 171991.000 172377.000 173171.000 173176.000 173209.000
   190: 173320.000 173372.000 173376.000 173379.000 175939.000
   195: 175976.000 176071.000 176098.000 176141.000 176418.000
   200: 178577.000 178698.000 179162.000 180267.000 180827.000
   205: 180847.000 183605.000 184276.000 184939.000 185444.000
   210: 187589.000 187605.000 187611.000 188957.000 189449.000
   215: 190814.000 191155.000 191399.000 193701.000 194483.000
   220: 195233.000 195369.000 195420.000 195437.000 195503.000
   225: 195909.000 196368.000 196944.000 196978.000 198081.000
   230: 199355.000 201194.000 201330.000 202161.000 202477.000
   235: 202608.000 203234.000 203321.000 203341.000 203444.000
   240: 203598.000 207682.000 208547.000 209993.000 210406.000
   245: 210421.000 211030.000 211096.000 211780.000 212171.000
   250: 213272.000 213282.000 213774.000 214489.000 215371.000
   255: 217199.000 220552.000 220567.000 222299.000 230489.000
   260: 236783.000 238342.000 238350.000 238850.000 239064.000
   265: 241342.000 243680.000 243876.000 244306.000 246099.000
   270: 247367.000 247389.000 247409.000 248382.000 250684.000
   275: 252840.000 252856.000 258057.000 259617.000 259636.000
   280: 263824.000 266120.000 266150.000 266166.000 266175.000
   285: 266186.000 266272.000 266299.000 266316.000 266939.000
   290: 268257.000 268355.000 268395.000 268516.000 270606.000
   295: 274912.000 274926.000 274946.000 275772.000 276969.000
   300: 276981.000 278212.000 278365.000 278807.000 278964.000
   305: 279467.000 281098.000 281743.000 283571.000 283580.000
   310: 284358.000 285974.000 288257.000 288269.000 292651.000
   315: 292806.000 294378.000 297585.000 297596.000 300311.000
   320: 302544.000 309158.000 316202.000 319885.000 321710.000
   325: 321723.000 321737.000 324008.000 324787.000 325408.000
   330: 325420.000 325812.000 326175.000 326230.000 326285.000
   335: 328431.000 332954.000 340390.000 341572.000 352358.000
   340: 353412.000 353427.000 358392.000
Q:
     0: 6612.000 17030.000 34917.000 52838.000 67615.000
     5: 73962.000 82391.000 91410.000 104680.000 135294.000
    10: 151429.000 162242.000 172493.000 182640.000 194282.000
    15: 200778.000 209360.000 238084.000 261679.000 289802.000
    20: 298641.000 325569.000
\300
