File: C:\MED-PC\Data\2019-07-25_10h00m_Subject 19006.txt


Start Date: 07/25/19
End Date: 07/25/19
Subject: 19006
Experiment: fr8
Group: 1
Box: 1
Start Time: 10:00:39
End Time: 11:03:16
MSN: FR8 8p First Lever Laser 50
B:   8.000
F:   1.000
H: 115.000
L: 258.000
R:  18.000
U:  16.000
V:  60.000
A:
     0:    0.000    1.000
C:
     0: 35028.000 35063.000 35112.000 35137.000 35168.000
     5: 36660.000 36691.000 36924.000 37348.000 37600.000
    10: 37631.000 37700.000 37716.000 37744.000 41170.000
    15: 41256.000 41387.000 41864.000 41887.000 41903.000
    20: 41948.000 42287.000 42299.000 42309.000 42395.000
    25: 45576.000 45596.000 45608.000 45625.000 45749.000
    30: 45801.000 48675.000 48810.000 48849.000 48879.000
    35: 48893.000 48933.000 48994.000 49066.000 63103.000
    40: 63109.000 63219.000 63270.000 63294.000 63314.000
    45: 63771.000 63818.000 63968.000 64149.000 64395.000
    50: 64435.000 64476.000 64491.000 64804.000 64863.000
    55: 64878.000 64902.000 67342.000 68064.000 68073.000
    60: 68088.000 68173.000 68219.000 70347.000 70357.000
    65: 70477.000 70494.000 70562.000 73746.000 73951.000
    70: 73964.000 74479.000 74550.000 74561.000 74578.000
    75: 74607.000 74920.000 75179.000 75193.000 75272.000
    80: 75291.000 75305.000 84362.000 84439.000 84473.000
    85: 91494.000 98357.000 98386.000 98430.000 98442.000
    90: 98517.000 98569.000 98608.000 98655.000 98671.000
    95: 98693.000 98765.000 105835.000 106556.000 106602.000
   100: 107076.000 107144.000 107160.000 107427.000 107568.000
   105: 107587.000 107609.000 110099.000 110119.000 110161.000
   110: 110174.000 110210.000 110305.000 110320.000 115389.000
   115: 115627.000 115782.000 116024.000 116088.000 116144.000
   120: 116163.000 116173.000 116212.000 119501.000 119549.000
   125: 119563.000 119589.000 119621.000 119638.000 119685.000
   130: 119714.000 123459.000 124404.000 124448.000 124462.000
   135: 124482.000 124502.000 127991.000 128170.000 128183.000
   140: 128225.000 128275.000 128291.000 128339.000 128826.000
   145: 128942.000 128991.000 129028.000 129265.000 129276.000
   150: 129296.000 129366.000 133303.000 133612.000 133922.000
   155: 133987.000 134005.000 134061.000 134070.000 134083.000
   160: 134110.000 134125.000 134159.000 144875.000 145476.000
   165: 145496.000 145596.000 145621.000 154780.000 154954.000
   170: 155132.000 155135.000 155179.000 155239.000 155255.000
   175: 172327.000 174819.000 175523.000 175541.000 175554.000
   180: 181336.000 181436.000 181547.000 181731.000 185361.000
   185: 185774.000 200969.000 201188.000 201201.000 201215.000
   190: 202294.000 202353.000 202435.000 202451.000 202471.000
   195: 202507.000 202518.000 202530.000 202570.000 219987.000
   200: 220110.000 237443.000 250442.000 254991.000 255108.000
   205: 255203.000 255262.000 255279.000 255314.000 255380.000
   210: 255411.000 285244.000 286013.000 286033.000 301032.000
   215: 301041.000 301063.000 304872.000 305778.000 305795.000
   220: 305829.000 305843.000 307014.000 307060.000 307133.000
   225: 307150.000 307245.000 307261.000 307278.000 307288.000
   230: 307325.000 307341.000 307520.000 307751.000 307807.000
   235: 322311.000 340413.000 340512.000 340530.000 340551.000
   240: 340575.000 340594.000 340644.000 340747.000 340767.000
   245: 343495.000 343508.000 343582.000 343626.000 343639.000
   250: 343658.000 343786.000 343804.000 343840.000 343877.000
   255: 348140.000 348216.000 348823.000
D:
     0: 37716.000 42287.000 48810.000 64491.000 74607.000
     5: 98608.000 107568.000 116173.000 119714.000 128826.000
    10: 134083.000 155132.000 181731.000 202451.000 255380.000
    15: 307133.000 340747.000 343804.000
E:
     0: 3685.000 3718.000 3772.000 21337.000 31417.000
     5: 32990.000 33550.000 33780.000 33789.000 35356.000
    10: 35377.000 35389.000 35454.000 35478.000 35494.000
    15: 38876.000 39381.000 39895.000 43282.000 44629.000
    20: 50385.000 56778.000 56839.000 57040.000 57187.000
    25: 57266.000 59836.000 59870.000 61150.000 63532.000
    30: 65083.000 65099.000 65127.000 68374.000 70635.000
    35: 70653.000 75405.000 77283.000 82894.000 82899.000
    40: 82932.000 83104.000 87008.000 99016.000 100336.000
    45: 103432.000 107733.000 107739.000 109519.000 109809.000
    50: 110505.000 110526.000 114532.000 114541.000 115010.000
    55: 115023.000 115040.000 116540.000 116558.000 119862.000
    60: 119870.000 121464.000 121466.000 124655.000 124680.000
    65: 125293.000 129593.000 134279.000 136809.000 136823.000
    70: 136826.000 138854.000 155500.000 155503.000 155508.000
    75: 155518.000 158055.000 163272.000 163287.000 172549.000
    80: 172567.000 172970.000 181984.000 182006.000 182011.000
    85: 183768.000 183791.000 185999.000 199577.000 202704.000
    90: 206202.000 213316.000 248757.000 248802.000 255644.000
    95: 259519.000 260477.000 260486.000 268437.000 268464.000
   100: 286158.000 289942.000 296304.000 296330.000 296395.000
   105: 304213.000 308066.000 313718.000 324951.000 341214.000
   110: 342130.000 342418.000 344006.000 344391.000 349495.000
Q:
     0: 36660.000 41170.000 63771.000 67342.000 73746.000
     5: 105835.000 115389.000 123459.000 133303.000 144875.000
    10: 174819.000 219987.000 285244.000 304872.000 322311.000
    15: 348140.000
