File: C:\MED-PC\Data\2019-08-01_10h31m_Subject 19003.txt


Start Date: 08/01/19
End Date: 08/01/19
Subject: 19003
Experiment: 
Group: 1
Box: 4
Start Time: 10:31:14
End Time: 11:31:32
MSN: FR8 8p First Lever Laser 50
B:   8.000
F:   2.000
H: 101.000
L:  96.000
R:   3.000
U:  10.000
V:   4.000
A:
     0:    0.000    1.000
C:
     0: 16609.000 39320.000 39455.000 39563.000 39578.000
     5: 49383.000 50687.000 65247.000 65301.000 65542.000
    10: 65658.000 65667.000 65674.000 65900.000 65944.000
    15: 81216.000 81296.000 81646.000 81718.000 97161.000
    20: 97263.000 97278.000 97317.000 102204.000 103574.000
    25: 104121.000 113380.000 113508.000 113520.000 113567.000
    30: 113741.000 114123.000 114553.000 126480.000 128739.000
    35: 128793.000 129637.000 129778.000 129797.000 129863.000
    40: 137095.000 137139.000 137584.000 160140.000 169541.000
    45: 169554.000 176187.000 176273.000 176532.000 176568.000
    50: 176651.000 176707.000 187408.000 187497.000 187526.000
    55: 187655.000 187682.000 187787.000 188734.000 189157.000
    60: 189289.000 189478.000 214278.000 214289.000 214420.000
    65: 214518.000 232544.000 237835.000 237891.000 237904.000
    70: 238419.000 247048.000 247095.000 247109.000 247120.000
    75: 247141.000 247220.000 247390.000 247444.000 247566.000
    80: 247993.000 285545.000 285569.000 285636.000 285651.000
    85: 285664.000 285772.000 306508.000 333055.000 333316.000
    90: 333453.000 333464.000 333492.000 333504.000 337523.000
    95: 347827.000
D:
     0: 65944.000 189157.000 247444.000
E:
     0: 2316.000 2340.000 4174.000 6564.000 6685.000
     5: 7804.000 8265.000 13551.000 13711.000 13725.000
    10: 14441.000 14616.000 14921.000 18960.000 19522.000
    15: 25107.000 31975.000 34849.000 34854.000 34940.000
    20: 37127.000 38576.000 50176.000 50183.000 51130.000
    25: 66255.000 73394.000 74059.000 79565.000 96804.000
    30: 106036.000 111589.000 118014.000 132444.000 138572.000
    35: 138589.000 138663.000 138783.000 138841.000 170863.000
    40: 176891.000 176908.000 179071.000 179087.000 180140.000
    45: 180147.000 180150.000 184150.000 184154.000 190794.000
    50: 190807.000 191572.000 192523.000 192585.000 194401.000
    55: 194437.000 195404.000 204157.000 208976.000 210149.000
    60: 212251.000 228093.000 232013.000 234514.000 236540.000
    65: 239413.000 241498.000 241883.000 246731.000 248493.000
    70: 249422.000 250660.000 250667.000 250721.000 252548.000
    75: 253322.000 257895.000 260468.000 260479.000 262934.000
    80: 264183.000 266167.000 266171.000 274406.000 276875.000
    85: 276911.000 277781.000 283289.000 284711.000 286758.000
    90: 287377.000 291158.000 292293.000 294487.000 300137.000
    95: 317977.000 321275.000 329468.000 338518.000 346562.000
   100: 353510.000
Q:
     0: 39320.000 65247.000 97161.000 113380.000 160140.000
     5: 187408.000 232544.000 247048.000 306508.000 333055.000
\300
