File: C:\MED-PC\Data\2019-08-03_17h24m_Subject 19002.txt


Start Date: 08/03/19
End Date: 08/03/19
Subject: 19002
Experiment: 
Group: 1
Box: 4
Start Time: 17:24:47
End Time: 18:32:29
MSN: FR8 8p First Lever Laser 50
B:   8.000
F:   2.000
H: 326.000
L: 1508.000
R:  83.000
U: 109.000
V: 138.000
A:
     0:    0.000    1.000
C:
     0: 6419.000 6425.000 6444.000 6611.000 6653.000
     5: 6664.000 6803.000 6957.000 7028.000 7215.000
    10: 7256.000 7302.000 8309.000 8326.000 8350.000
    15: 8374.000 8417.000 8432.000 8445.000 8646.000
    20: 8665.000 8686.000 8733.000 8747.000 8759.000
    25: 8782.000 8938.000 8966.000 8981.000 9006.000
    30: 9062.000 9118.000 10521.000 11132.000 11248.000
    35: 11337.000 12013.000 12031.000 12051.000 12679.000
    40: 12751.000 12782.000 12793.000 13873.000 14845.000
    45: 15064.000 15090.000 15107.000 15137.000 15175.000
    50: 15192.000 16910.000 17121.000 17199.000 17305.000
    55: 17615.000 17635.000 17647.000 17662.000 19021.000
    60: 19057.000 19096.000 19116.000 19463.000 19705.000
    65: 20154.000 20208.000 20241.000 20282.000 20305.000
    70: 20317.000 20338.000 20361.000 20424.000 21431.000
    75: 21460.000 21492.000 21524.000 21559.000 21587.000
    80: 21998.000 22063.000 22338.000 22613.000 22627.000
    85: 23116.000 23156.000 23581.000 24372.000 24427.000
    90: 24468.000 24478.000 24529.000 24861.000 24881.000
    95: 24903.000 24945.000 24957.000 25232.000 26111.000
   100: 26211.000 26485.000 26507.000 26528.000 26547.000
   105: 26566.000 26597.000 26619.000 26878.000 26918.000
   110: 26944.000 26969.000 26996.000 27012.000 27280.000
   115: 27313.000 27328.000 27431.000 27543.000 27867.000
   120: 27914.000 28054.000 29300.000 29911.000 29936.000
   125: 29953.000 29989.000 30007.000 30081.000 30111.000
   130: 30123.000 31299.000 31311.000 31328.000 31370.000
   135: 31430.000 31453.000 31469.000 31770.000 31788.000
   140: 32030.000 32428.000 32443.000 32466.000 32506.000
   145: 32552.000 32567.000 35195.000 35264.000 37467.000
   150: 37751.000 37795.000 38161.000 38188.000 38251.000
   155: 38490.000 38511.000 38530.000 38552.000 38576.000
   160: 38596.000 38611.000 38643.000 39651.000 39670.000
   165: 39694.000 39714.000 39728.000 39748.000 39776.000
   170: 40019.000 40251.000 40708.000 40844.000 40892.000
   175: 40957.000 41346.000 41388.000 41487.000 41663.000
   180: 41743.000 42012.000 42059.000 42100.000 42109.000
   185: 43981.000 44001.000 44026.000 44052.000 44064.000
   190: 44084.000 44103.000 44115.000 44146.000 44156.000
   195: 44624.000 45020.000 45074.000 45092.000 45327.000
   200: 46233.000 46267.000 46317.000 46377.000 46392.000
   205: 46403.000 46419.000 46621.000 46639.000 46659.000
   210: 46694.000 46934.000 47192.000 47340.000 47631.000
   215: 47647.000 47733.000 47751.000 47761.000 47774.000
   220: 48788.000 48810.000 48836.000 48871.000 48903.000
   225: 48935.000 48952.000 48963.000 48981.000 48992.000
   230: 49083.000 49122.000 50047.000 50154.000 50479.000
   235: 50669.000 50809.000 50820.000 50874.000 50903.000
   240: 51093.000 51832.000 51839.000 51865.000 52154.000
   245: 52478.000 52538.000 53003.000 53033.000 53066.000
   250: 53107.000 53123.000 53135.000 53149.000 53395.000
   255: 54149.000 54205.000 54263.000 54293.000 54331.000
   260: 54628.000 54657.000 54708.000 54729.000 54739.000
   265: 54753.000 54989.000 55046.000 55111.000 55134.000
   270: 55144.000 55161.000 55381.000 55577.000 55590.000
   275: 55939.000 55974.000 55993.000 56016.000 56039.000
   280: 56048.000 56084.000 56094.000 56106.000 56136.000
   285: 56147.000 56181.000 56196.000 56985.000 57024.000
   290: 57066.000 57076.000 57091.000 57120.000 57136.000
   295: 57210.000 57227.000 57242.000 58640.000 59028.000
   300: 59360.000 59368.000 59388.000 59415.000 59433.000
   305: 59455.000 59470.000 59487.000 59498.000 60183.000
   310: 60217.000 60260.000 60271.000 60285.000 60307.000
   315: 60330.000 60357.000 62071.000 62260.000 62798.000
   320: 64541.000 65047.000 65084.000 65115.000 65144.000
   325: 65154.000 65169.000 65187.000 65479.000 65535.000
   330: 65555.000 65589.000 65681.000 65926.000 66129.000
   335: 66148.000 66214.000 66279.000 66312.000 66348.000
   340: 67045.000 67080.000 67140.000 67152.000 67368.000
   345: 67598.000 67712.000 67984.000 68059.000 68516.000
   350: 68640.000 69172.000 69190.000 69225.000 69237.000
   355: 69252.000 69275.000 69287.000 70203.000 70234.000
   360: 70269.000 70281.000 70295.000 70324.000 70337.000
   365: 70350.000 70364.000 70379.000 71593.000 71972.000
   370: 72128.000 72241.000 72604.000 72704.000 72752.000
   375: 72772.000 72806.000 72823.000 73318.000 73351.000
   380: 73371.000 73431.000 73471.000 73480.000 73495.000
   385: 73507.000 73519.000 73534.000 73549.000 74497.000
   390: 74512.000 74732.000 74967.000 75184.000 75267.000
   395: 75685.000 75724.000 75747.000 75781.000 75791.000
   400: 76109.000 76123.000 76252.000 76421.000 76801.000
   405: 76862.000 77104.000 77139.000 77179.000 77191.000
   410: 77201.000 77240.000 77257.000 77400.000 77431.000
   415: 77937.000 77994.000 78027.000 78048.000 78061.000
   420: 78096.000 78108.000 79202.000 79236.000 79334.000
   425: 79817.000 79860.000 79933.000 79946.000 79987.000
   430: 81023.000 81057.000 81099.000 81114.000 81123.000
   435: 81145.000 81172.000 81202.000 81240.000 81853.000
   440: 82561.000 82612.000 82627.000 82658.000 82703.000
   445: 82713.000 82724.000 82735.000 82755.000 83425.000
   450: 83456.000 83501.000 83514.000 83524.000 83564.000
   455: 83577.000 83589.000 84354.000 84369.000 84391.000
   460: 84441.000 84488.000 84502.000 84515.000 84559.000
   465: 84570.000 84583.000 84597.000 87738.000 87842.000
   470: 87941.000 88383.000 88408.000 88470.000 88710.000
   475: 88902.000 89015.000 89335.000 89381.000 89401.000
   480: 89447.000 89467.000 89484.000 89513.000 89524.000
   485: 89540.000 89551.000 90216.000 90249.000 90278.000
   490: 90315.000 90359.000 90388.000 90400.000 90660.000
   495: 90802.000 91000.000 91046.000 91249.000 91328.000
   500: 92066.000 92135.000 92171.000 92219.000 92231.000
   505: 92478.000 92528.000 93217.000 93291.000 93313.000
   510: 93362.000 93418.000 93686.000 93722.000 93742.000
   515: 93790.000 93832.000 94024.000 94053.000 94069.000
   520: 94101.000 94116.000 94135.000 94166.000 94208.000
   525: 94255.000 94267.000 95024.000 95178.000 96088.000
   530: 96106.000 96116.000 96268.000 96698.000 96744.000
   535: 96764.000 96776.000 96789.000 96822.000 96840.000
   540: 96854.000 96902.000 97957.000 97999.000 98017.000
   545: 98054.000 98067.000 98106.000 98115.000 98136.000
   550: 98911.000 99138.000 99232.000 99495.000 99576.000
   555: 99598.000 99644.000 100003.000 100037.000 100056.000
   560: 100091.000 100153.000 100167.000 100184.000 100357.000
   565: 100388.000 101012.000 101103.000 101135.000 101157.000
   570: 101164.000 101181.000 101197.000 101211.000 101227.000
   575: 101266.000 105962.000 106018.000 106040.000 106057.000
   580: 106068.000 106084.000 107184.000 107213.000 107240.000
   585: 107287.000 107303.000 107328.000 107342.000 107362.000
   590: 108172.000 108322.000 108741.000 108850.000 108889.000
   595: 108940.000 108965.000 109410.000 109436.000 109463.000
   600: 109774.000 110086.000 110100.000 110146.000 110180.000
   605: 110583.000 110611.000 110636.000 110660.000 110673.000
   610: 110689.000 110714.000 110728.000 111672.000 111687.000
   615: 111764.000 111919.000 112228.000 112366.000 112405.000
   620: 112421.000 112446.000 113018.000 113084.000 113113.000
   625: 113150.000 113164.000 113178.000 113494.000 113505.000
   630: 113758.000 116103.000 116781.000 116889.000 116966.000
   635: 116983.000 117001.000 117301.000 117312.000 117721.000
   640: 117838.000 117885.000 117904.000 117942.000 117978.000
   645: 117997.000 118774.000 118816.000 118851.000 118862.000
   650: 118880.000 118892.000 119181.000 119249.000 119302.000
   655: 119315.000 119356.000 119385.000 119400.000 119612.000
   660: 119624.000 119874.000 120087.000 120140.000 120220.000
   665: 120251.000 120309.000 120330.000 121200.000 121236.000
   670: 121257.000 121280.000 121297.000 121355.000 121392.000
   675: 121692.000 121709.000 121788.000 121897.000 122362.000
   680: 122404.000 122426.000 122463.000 122480.000 122494.000
   685: 123296.000 123321.000 123378.000 123389.000 123443.000
   690: 123678.000 123699.000 123775.000 124032.000 124317.000
   695: 124380.000 124727.000 124798.000 124812.000 124825.000
   700: 124847.000 124877.000 124894.000 124909.000 124932.000
   705: 125439.000 125529.000 125658.000 125903.000 125917.000
   710: 125992.000 126065.000 126098.000 126131.000 126149.000
   715: 126176.000 126208.000 126975.000 126989.000 127058.000
   720: 127102.000 127141.000 127345.000 127680.000 127901.000
   725: 128034.000 128376.000 128419.000 128475.000 128500.000
   730: 128530.000 128545.000 128557.000 128761.000 128865.000
   735: 129337.000 129389.000 129407.000 129762.000 130249.000
   740: 130293.000 130356.000 130411.000 130448.000 130636.000
   745: 130676.000 130697.000 130718.000 130740.000 130766.000
   750: 130802.000 130835.000 131756.000 131768.000 131878.000
   755: 131912.000 131926.000 131942.000 131961.000 132228.000
   760: 132252.000 132305.000 132346.000 132699.000 132792.000
   765: 132823.000 132847.000 132871.000 132880.000 132903.000
   770: 135165.000 135223.000 135255.000 135289.000 135424.000
   775: 135555.000 136143.000 136195.000 136249.000 136267.000
   780: 136288.000 136308.000 136630.000 136646.000 136682.000
   785: 136698.000 136720.000 136755.000 136770.000 136785.000
   790: 136800.000 137537.000 137664.000 138184.000 138191.000
   795: 138216.000 138306.000 138610.000 138631.000 139173.000
   800: 139231.000 139279.000 139546.000 139594.000 139646.000
   805: 139675.000 139705.000 139733.000 139750.000 139764.000
   810: 140807.000 141411.000 141494.000 141512.000 141556.000
   815: 141571.000 141893.000 141932.000 141968.000 141998.000
   820: 142007.000 142022.000 142037.000 142078.000 142109.000
   825: 143509.000 143987.000 144147.000 144158.000 144172.000
   830: 144322.000 144452.000 144468.000 144634.000 144694.000
   835: 144724.000 145653.000 145717.000 145748.000 145787.000
   840: 145857.000 145909.000 146200.000 146379.000 146796.000
   845: 146885.000 146906.000 146950.000 147227.000 147243.000
   850: 147501.000 147534.000 147566.000 147581.000 147965.000
   855: 147989.000 148002.000 148029.000 148066.000 148099.000
   860: 148140.000 148151.000 148166.000 148939.000 148978.000
   865: 148993.000 149001.000 149012.000 149038.000 149048.000
   870: 149095.000 149108.000 149176.000 149192.000 149973.000
   875: 150021.000 150038.000 150084.000 150111.000 150145.000
   880: 150163.000 150433.000 150796.000 151158.000 151180.000
   885: 151498.000 151556.000 151605.000 151650.000 151679.000
   890: 151903.000 151928.000 151995.000 152038.000 152073.000
   895: 152087.000 152098.000 152797.000 152803.000 152927.000
   900: 153051.000 153121.000 153462.000 153493.000 153515.000
   905: 153563.000 153627.000 153662.000 154301.000 154410.000
   910: 154606.000 154687.000 154963.000 155007.000 155054.000
   915: 155490.000 155525.000 155583.000 155613.000 155628.000
   920: 155642.000 155687.000 155704.000 156698.000 156772.000
   925: 157219.000 157297.000 157324.000 157371.000 157403.000
   930: 157434.000 157450.000 157460.000 158438.000 158474.000
   935: 158604.000 158621.000 158662.000 158691.000 158700.000
   940: 158712.000 159733.000 159930.000 159953.000 160333.000
   945: 160366.000 160404.000 160422.000 160452.000 160505.000
   950: 160520.000 161060.000 161111.000 161123.000 161187.000
   955: 161231.000 161245.000 161261.000 161565.000 161587.000
   960: 164265.000 164301.000 164322.000 164355.000 164375.000
   965: 164391.000 164430.000 164445.000 164459.000 165229.000
   970: 165478.000 165559.000 165836.000 165885.000 166008.000
   975: 166383.000 166440.000 166479.000 166520.000 166532.000
   980: 166547.000 166594.000 166616.000 167580.000 167849.000
   985: 168218.000 168272.000 168299.000 168340.000 168389.000
   990: 168751.000 168801.000 168860.000 168907.000 168916.000
   995: 169119.000 169136.000 169215.000 169299.000 172611.000
  1000: 174616.000 174676.000 174684.000 176175.000 176220.000
  1005: 176323.000 176659.000 176735.000 177299.000 177409.000
  1010: 177719.000 177769.000 177780.000 177801.000 177816.000
  1015: 177858.000 177891.000 178133.000 178252.000 178786.000
  1020: 178834.000 178871.000 178880.000 178893.000 178917.000
  1025: 179598.000 179643.000 179666.000 179787.000 179818.000
  1030: 180085.000 180308.000 180657.000 180735.000 180780.000
  1035: 180875.000 180894.000 180913.000 180929.000 181927.000
  1040: 181997.000 182006.000 182017.000 182044.000 182071.000
  1045: 182086.000 182097.000 182110.000 182123.000 182138.000
  1050: 183183.000 184185.000 184222.000 184266.000 184322.000
  1055: 184630.000 184648.000 184711.000 184743.000 185257.000
  1060: 185297.000 185310.000 185333.000 185358.000 185389.000
  1065: 186125.000 186195.000 186217.000 186232.000 186269.000
  1070: 186316.000 186358.000 186384.000 187105.000 187135.000
  1075: 187162.000 187185.000 187230.000 187257.000 187287.000
  1080: 187302.000 188561.000 188576.000 189237.000 189295.000
  1085: 189318.000 189377.000 189388.000 189447.000 190105.000
  1090: 190224.000 190809.000 190831.000 190850.000 191211.000
  1095: 191226.000 191275.000 191288.000 191299.000 191312.000
  1100: 191353.000 191368.000 192213.000 192352.000 192808.000
  1105: 192869.000 192908.000 192925.000 192973.000 193008.000
  1110: 193023.000 193073.000 193114.000 194577.000 194625.000
  1115: 194665.000 194703.000 194730.000 194744.000 194793.000
  1120: 194809.000 194823.000 195490.000 196174.000 196215.000
  1125: 196226.000 196251.000 196734.000 196860.000 196903.000
  1130: 196917.000 196944.000 196977.000 196989.000 197268.000
  1135: 197323.000 197339.000 197388.000 197430.000 197487.000
  1140: 197508.000 197522.000 197559.000 198406.000 198583.000
  1145: 198618.000 199023.000 199041.000 199083.000 199217.000
  1150: 199343.000 200382.000 200415.000 200429.000 200450.000
  1155: 200462.000 200516.000 200544.000 200555.000 200575.000
  1160: 200595.000 201539.000 202187.000 202251.000 202320.000
  1165: 202364.000 202823.000 202853.000 202936.000 202994.000
  1170: 203050.000 203405.000 203501.000 203558.000 204501.000
  1175: 204548.000 204569.000 204617.000 204633.000 204644.000
  1180: 204658.000 204677.000 205477.000 205677.000 206110.000
  1185: 206161.000 206185.000 206260.000 206283.000 206614.000
  1190: 206666.000 206681.000 206730.000 206785.000 206799.000
  1195: 207005.000 207280.000 207346.000 207354.000 207701.000
  1200: 207766.000 207828.000 207847.000 207861.000 208674.000
  1205: 208711.000 208731.000 208777.000 208790.000 208805.000
  1210: 208836.000 208848.000 209754.000 209796.000 209823.000
  1215: 209854.000 209869.000 209901.000 209917.000 210271.000
  1220: 210410.000 210908.000 210976.000 211019.000 211112.000
  1225: 211365.000 211387.000 212064.000 212101.000 212130.000
  1230: 212457.000 212520.000 212544.000 212560.000 212601.000
  1235: 212661.000 212677.000 212857.000 213154.000 213449.000
  1240: 213487.000 213509.000 213557.000 213560.000 213599.000
  1245: 213647.000 214609.000 214672.000 214684.000 214734.000
  1250: 214769.000 214782.000 214829.000 215075.000 215351.000
  1255: 215695.000 215745.000 215799.000 215833.000 216196.000
  1260: 216266.000 216285.000 216334.000 216348.000 216521.000
  1265: 216587.000 216639.000 216693.000 216956.000 217013.000
  1270: 217246.000 217564.000 217597.000 217615.000 217662.000
  1275: 217669.000 217707.000 217731.000 217764.000 218665.000
  1280: 218679.000 219365.000 219428.000 219445.000 219456.000
  1285: 219867.000 219952.000 219987.000 220013.000 220041.000
  1290: 220072.000 220236.000 220284.000 220314.000 220346.000
  1295: 220392.000 220445.000 220467.000 220673.000 220767.000
  1300: 222369.000 222609.000 224647.000 224763.000 225263.000
  1305: 225349.000 225414.000 225501.000 225519.000 225710.000
  1310: 225740.000 225761.000 225797.000 226014.000 226043.000
  1315: 226064.000 226130.000 226144.000 226158.000 226500.000
  1320: 226655.000 227139.000 227395.000 227609.000 227900.000
  1325: 228290.000 228331.000 228376.000 228394.000 228563.000
  1330: 228610.000 228661.000 228725.000 228742.000 229351.000
  1335: 232574.000 235023.000 235061.000 235144.000 235212.000
  1340: 235590.000 236478.000 236516.000 242507.000 242644.000
  1345: 242703.000 243181.000 243228.000 243275.000 243469.000
  1350: 243510.000 243541.000 243572.000 243590.000 243606.000
  1355: 243628.000 243637.000 243650.000 244404.000 252119.000
  1360: 252886.000 252966.000 252989.000 253016.000 253188.000
  1365: 253267.000 253620.000 253783.000 254336.000 254401.000
  1370: 254471.000 254546.000 254866.000 254920.000 254938.000
  1375: 254959.000 255034.000 255127.000 255141.000 255332.000
  1380: 255351.000 255429.000 256240.000 256657.000 256690.000
  1385: 256723.000 256744.000 256757.000 256789.000 256804.000
  1390: 256829.000 256848.000 257670.000 257746.000 257865.000
  1395: 257991.000 258354.000 258438.000 258486.000 258526.000
  1400: 259664.000 259753.000 259770.000 259793.000 259808.000
  1405: 259882.000 260189.000 260847.000 260909.000 260978.000
  1410: 261519.000 261548.000 261612.000 261642.000 261685.000
  1415: 261712.000 261898.000 261916.000 262754.000 262877.000
  1420: 263346.000 263394.000 263412.000 263464.000 263478.000
  1425: 263497.000 263662.000 263780.000 264537.000 264595.000
  1430: 264657.000 264960.000 264997.000 265020.000 265082.000
  1435: 265095.000 265150.000 265161.000 267974.000 286104.000
  1440: 286966.000 287474.000 287673.000 289258.000 289285.000
  1445: 289319.000 289370.000 289408.000 292100.000 294319.000
  1450: 298501.000 299570.000 299694.000 300470.000 310340.000
  1455: 310700.000 311041.000 314853.000 315107.000 315569.000
  1460: 316002.000 316060.000 316075.000 316141.000 316163.000
  1465: 316176.000 316236.000 317403.000 318886.000 319302.000
  1470: 319597.000 320460.000 322101.000 322487.000 322812.000
  1475: 322869.000 323441.000 323447.000 323512.000 327060.000
  1480: 331982.000 332054.000 332234.000 332347.000 332506.000
  1485: 332530.000 333034.000 333228.000 334169.000 334641.000
  1490: 334771.000 335090.000 335160.000 336322.000 336433.000
  1495: 336965.000 337082.000 337452.000 342048.000 348781.000
  1500: 349380.000 349402.000 349530.000 349591.000 349667.000
  1505: 350367.000 356433.000 358842.000
D:
     0: 6957.000 8938.000 15192.000 17662.000 20317.000
     5: 28054.000 30111.000 32552.000 38643.000 42100.000
    10: 44115.000 47761.000 48963.000 50903.000 56039.000
    15: 57210.000 59455.000 60357.000 66148.000 69275.000
    20: 70350.000 73507.000 78096.000 79987.000 81202.000
    25: 82724.000 83589.000 84559.000 89467.000 94208.000
    30: 96776.000 98136.000 101181.000 107362.000 110180.000
    35: 110728.000 112421.000 117978.000 120309.000 122463.000
    40: 124909.000 126098.000 130835.000 132847.000 136785.000
    45: 139764.000 142078.000 144634.000 147989.000 149095.000
    50: 151995.000 153515.000 155704.000 157434.000 158712.000
    55: 160452.000 164445.000 166616.000 178917.000 180913.000
    60: 182097.000 185333.000 186384.000 187302.000 189447.000
    65: 191368.000 193008.000 194809.000 197522.000 199343.000
    70: 200555.000 203558.000 204677.000 207847.000 208848.000
    75: 213599.000 217669.000 228610.000 243637.000 256744.000
    80: 258526.000 298501.000 317403.000
E:
     0: 1381.000 5298.000 7398.000 7423.000 8544.000
     5: 9190.000 11483.000 11489.000 12980.000 15237.000
    10: 15271.000 16363.000 16562.000 17825.000 18831.000
    15: 18846.000 19228.000 20546.000 21280.000 21639.000
    20: 22803.000 23254.000 23269.000 24610.000 24620.000
    25: 24630.000 24779.000 25026.000 25050.000 26294.000
    30: 26677.000 27066.000 27103.000 28135.000 30185.000
    35: 31119.000 31517.000 32646.000 32663.000 33455.000
    40: 34592.000 36087.000 37048.000 37058.000 38324.000
    45: 38695.000 39850.000 41018.000 42227.000 43372.000
    50: 44217.000 45618.000 45640.000 45695.000 46519.000
    55: 46832.000 46868.000 47849.000 49190.000 51194.000
    60: 52769.000 53192.000 54428.000 54431.000 54809.000
    65: 55313.000 56263.000 57287.000 59561.000 60407.000
    70: 61661.000 61886.000 64670.000 65241.000 66411.000
    75: 67201.000 68177.000 69347.000 70426.000 71384.000
    80: 72401.000 72886.000 73248.000 73596.000 75375.000
    85: 75881.000 76936.000 77302.000 77322.000 78173.000
    90: 80090.000 81305.000 82832.000 83667.000 84667.000
    95: 86058.000 86177.000 87533.000 88548.000 89604.000
   100: 90462.000 91846.000 92303.000 92322.000 92330.000
   105: 92405.000 93472.000 93885.000 94333.000 94356.000
   110: 95779.000 96961.000 98204.000 99747.000 100226.000
   115: 100249.000 101383.000 105685.000 106148.000 106173.000
   120: 107084.000 107444.000 107456.000 109053.000 110277.000
   125: 110802.000 112536.000 113245.000 116420.000 117059.000
   130: 118067.000 118075.000 118969.000 119454.000 120402.000
   135: 121444.000 121465.000 122573.000 123503.000 124500.000
   140: 125001.000 125029.000 125038.000 126278.000 127212.000
   145: 128190.000 128640.000 129511.000 130541.000 130896.000
   150: 132017.000 132027.000 132038.000 133013.000 134158.000
   155: 135469.000 136482.000 136861.000 136885.000 136888.000
   160: 138401.000 139360.000 139368.000 139377.000 139833.000
   165: 141666.000 142157.000 142180.000 143683.000 144856.000
   170: 145986.000 145992.000 147055.000 148307.000 149253.000
   175: 150255.000 151307.000 152172.000 153783.000 155198.000
   180: 155755.000 155759.000 155780.000 157593.000 158800.000
   185: 159510.000 160636.000 161319.000 161341.000 163890.000
   190: 164521.000 166108.000 166713.000 166728.000 168492.000
   195: 168991.000 169029.000 172736.000 174773.000 176442.000
   200: 177535.000 177547.000 177956.000 178998.000 179421.000
   205: 179875.000 179893.000 179905.000 180991.000 181746.000
   210: 182195.000 182951.000 184392.000 185494.000 186436.000
   215: 187368.000 188113.000 189543.000 190960.000 191425.000
   220: 191448.000 191462.000 193217.000 194235.000 194897.000
   225: 196369.000 196568.000 197049.000 197078.000 197619.000
   230: 199473.000 200661.000 202520.000 203691.000 204741.000
   235: 206384.000 206873.000 207978.000 208924.000 210031.000
   240: 210138.000 211204.000 212268.000 212750.000 213740.000
   245: 214898.000 215990.000 216422.000 216782.000 216823.000
   250: 216833.000 217883.000 219607.000 220120.000 220155.000
   255: 220565.000 222769.000 224455.000 225614.000 225624.000
   260: 225626.000 225901.000 225941.000 226225.000 226255.000
   265: 227525.000 228811.000 228828.000 234369.000 239573.000
   270: 242223.000 243372.000 243716.000 243729.000 243754.000
   275: 244249.000 252312.000 253378.000 254675.000 255196.000
   280: 255216.000 255250.000 256922.000 258674.000 259942.000
   285: 261075.000 261082.000 261778.000 263020.000 263572.000
   290: 264765.000 265493.000 267785.000 270077.000 272132.000
   295: 274340.000 275037.000 275277.000 287202.000 288995.000
   300: 298703.000 299300.000 299319.000 306143.000 307638.000
   305: 311189.000 311205.000 311225.000 315791.000 319738.000
   310: 319746.000 321820.000 323190.000 327229.000 330437.000
   315: 333129.000 334878.000 335304.000 335311.000 337249.000
   320: 348955.000 352862.000 356300.000 356317.000 356332.000
   325: 358393.000
Q:
     0: 6419.000 10521.000 12013.000 16910.000 19463.000
     5: 21998.000 23581.000 25232.000 27280.000 29300.000
    10: 31770.000 37467.000 40019.000 41346.000 44624.000
    15: 46934.000 50047.000 51832.000 53395.000 55381.000
    20: 58640.000 62071.000 65479.000 67368.000 68516.000
    25: 71593.000 74497.000 76109.000 77400.000 79202.000
    30: 81853.000 87738.000 88710.000 90660.000 92478.000
    35: 95024.000 96088.000 98911.000 100357.000 108172.000
    40: 109410.000 111672.000 113494.000 117301.000 119612.000
    45: 121692.000 123678.000 125439.000 127345.000 128761.000
    50: 129762.000 132228.000 135555.000 137537.000 138610.000
    55: 140807.000 143987.000 146200.000 147227.000 150433.000
    60: 152797.000 154301.000 156698.000 159733.000 161565.000
    65: 165229.000 167580.000 169119.000 176659.000 178133.000
    70: 180085.000 183183.000 184630.000 188561.000 190105.000
    75: 192213.000 195490.000 198406.000 201539.000 202823.000
    80: 205477.000 207005.000 210271.000 211365.000 212857.000
    85: 215075.000 216956.000 218665.000 220673.000 224647.000
    90: 226500.000 227609.000 242507.000 244404.000 253620.000
    95: 255332.000 257670.000 260189.000 261898.000 263662.000
   100: 286104.000 287474.000 299570.000 314853.000 322101.000
   105: 331982.000 333228.000 336322.000 349380.000
