File: C:\MED-PC\Data\2019-07-29_15h29m_Subject 19009.txt


Start Date: 07/29/19
End Date: 07/29/19
Subject: 19009
Experiment: 
Group: 1
Box: 1
Start Time: 15:29:13
End Time: 16:30:19
MSN: FR8 8p First Lever Laser 50
B:   8.000
F:   1.000
H: 354.000
L: 881.000
R:  33.000
U:  79.000
V:  42.000
A:
     0:    0.000    1.000
C:
     0: 9558.000 9568.000 9600.000 10732.000 10860.000
     5: 10882.000 10894.000 10981.000 11166.000 11934.000
    10: 11947.000 13893.000 15465.000 17985.000 18234.000
    15: 18281.000 18373.000 18411.000 18438.000 18965.000
    20: 18997.000 19005.000 19048.000 19113.000 19138.000
    25: 19200.000 19228.000 19256.000 20363.000 20424.000
    30: 20430.000 23688.000 23710.000 23776.000 23854.000
    35: 24222.000 24324.000 24393.000 24617.000 24646.000
    40: 26131.000 27269.000 27290.000 27325.000 27385.000
    45: 27399.000 27427.000 27451.000 27486.000 27495.000
    50: 27527.000 27552.000 27579.000 29380.000 29398.000
    55: 29505.000 31904.000 31931.000 32003.000 33287.000
    60: 33333.000 34747.000 34759.000 34800.000 34831.000
    65: 34850.000 34931.000 34982.000 35002.000 35058.000
    70: 35133.000 39151.000 39212.000 39314.000 39342.000
    75: 39368.000 39791.000 39882.000 40013.000 40032.000
    80: 40084.000 40229.000 44650.000 44680.000 44703.000
    85: 47120.000 47203.000 47351.000 47372.000 47806.000
    90: 47827.000 47876.000 47929.000 47947.000 49762.000
    95: 49857.000 49897.000 49929.000 49947.000 49975.000
   100: 50041.000 50064.000 53232.000 53298.000 53307.000
   105: 53327.000 53383.000 53392.000 53475.000 53490.000
   110: 55961.000 56069.000 56184.000 58071.000 58189.000
   115: 58227.000 58259.000 58278.000 58306.000 58402.000
   120: 58719.000 58772.000 58784.000 58823.000 58864.000
   125: 58918.000 58936.000 58957.000 59005.000 59048.000
   130: 59075.000 59122.000 59885.000 59949.000 59984.000
   135: 60001.000 60030.000 60056.000 60076.000 60836.000
   140: 60894.000 60917.000 61032.000 61074.000 61161.000
   145: 61178.000 61196.000 61220.000 61252.000 61271.000
   150: 66753.000 66769.000 66807.000 66846.000 66866.000
   155: 66891.000 66909.000 69804.000 69818.000 69858.000
   160: 69909.000 69940.000 69964.000 70029.000 70047.000
   165: 71320.000 71337.000 71371.000 71465.000 71485.000
   170: 71968.000 72005.000 72040.000 72106.000 72126.000
   175: 72162.000 72289.000 72799.000 72878.000 72956.000
   180: 73862.000 73903.000 73977.000 74008.000 74078.000
   185: 74123.000 74557.000 74628.000 74784.000 74838.000
   190: 74857.000 74875.000 75373.000 75463.000 75527.000
   195: 75565.000 75582.000 76014.000 76045.000 76105.000
   200: 76121.000 76182.000 76235.000 76301.000 76628.000
   205: 76676.000 76707.000 76772.000 76803.000 76818.000
   210: 76844.000 76857.000 76940.000 77235.000 77304.000
   215: 78179.000 78200.000 78288.000 78300.000 78311.000
   220: 78368.000 78399.000 78429.000 78465.000 79745.000
   225: 79786.000 79878.000 79921.000 79942.000 79955.000
   230: 87900.000 87992.000 88108.000 88850.000 88971.000
   235: 88994.000 89010.000 89037.000 89449.000 89468.000
   240: 89486.000 89534.000 89581.000 89859.000 89932.000
   245: 89989.000 90022.000 90168.000 90186.000 90577.000
   250: 90630.000 90683.000 90708.000 90796.000 91083.000
   255: 91098.000 91120.000 91145.000 91155.000 91175.000
   260: 91256.000 91302.000 91313.000 91345.000 91363.000
   265: 92564.000 92616.000 92743.000 92777.000 92815.000
   270: 94899.000 94905.000 94922.000 94977.000 95012.000
   275: 95089.000 99515.000 99689.000 99715.000 99778.000
   280: 100711.000 101301.000 101317.000 101346.000 101439.000
   285: 101472.000 101924.000 101986.000 102096.000 102113.000
   290: 102175.000 102189.000 102210.000 102237.000 102255.000
   295: 103551.000 103567.000 103596.000 103655.000 103716.000
   300: 103758.000 104171.000 104191.000 104235.000 104285.000
   305: 104303.000 104342.000 104371.000 104389.000 106749.000
   310: 106818.000 109377.000 109423.000 109473.000 109487.000
   315: 109518.000 111043.000 111075.000 111123.000 122211.000
   320: 122347.000 122390.000 122424.000 122818.000 122826.000
   325: 122860.000 122896.000 122929.000 122973.000 122991.000
   330: 123361.000 123417.000 123467.000 123499.000 123528.000
   335: 123548.000 123581.000 123681.000 123697.000 123715.000
   340: 124602.000 124670.000 124749.000 124766.000 124788.000
   345: 124822.000 124840.000 125449.000 125453.000 125475.000
   350: 125493.000 125548.000 125578.000 125594.000 125625.000
   355: 125642.000 125688.000 125748.000 127277.000 127293.000
   360: 127320.000 127335.000 127367.000 127397.000 127735.000
   365: 127751.000 127767.000 127786.000 127849.000 127869.000
   370: 127994.000 128435.000 128456.000 128472.000 128514.000
   375: 128548.000 128565.000 128636.000 129064.000 129121.000
   380: 129187.000 129245.000 129266.000 129283.000 129335.000
   385: 129685.000 129703.000 129719.000 129748.000 129852.000
   390: 129903.000 131096.000 131142.000 131175.000 131229.000
   395: 131262.000 131380.000 131617.000 131633.000 131711.000
   400: 131727.000 131753.000 131815.000 132036.000 132052.000
   405: 132090.000 132153.000 132170.000 132215.000 132245.000
   410: 132276.000 132290.000 133378.000 133392.000 133413.000
   415: 133452.000 133475.000 133483.000 133507.000 133524.000
   420: 133540.000 134755.000 134785.000 134809.000 134844.000
   425: 134865.000 134885.000 134900.000 136726.000 136797.000
   430: 136903.000 137350.000 137406.000 137452.000 137499.000
   435: 137541.000 137792.000 137809.000 137831.000 137848.000
   440: 137945.000 138176.000 138182.000 138199.000 138242.000
   445: 138292.000 138310.000 138336.000 138446.000 138684.000
   450: 138704.000 138736.000 138765.000 139816.000 139903.000
   455: 139931.000 139953.000 139975.000 140022.000 140044.000
   460: 140345.000 140377.000 140399.000 140441.000 140462.000
   465: 140819.000 140872.000 140943.000 140957.000 141004.000
   470: 141053.000 141694.000 151496.000 151553.000 151572.000
   475: 151591.000 151608.000 151628.000 151644.000 151685.000
   480: 151751.000 151845.000 154736.000 154780.000 154813.000
   485: 154855.000 154910.000 154928.000 156830.000 158301.000
   490: 158367.000 158401.000 158416.000 158469.000 158511.000
   495: 158543.000 158827.000 158837.000 158903.000 158923.000
   500: 158960.000 158973.000 159051.000 159102.000 159801.000
   505: 159905.000 159917.000 159938.000 160418.000 160437.000
   510: 160463.000 160501.000 160527.000 160542.000 160559.000
   515: 160584.000 163708.000 163824.000 163877.000 163895.000
   520: 164122.000 164147.000 164150.000 164162.000 164201.000
   525: 164213.000 164229.000 164271.000 164870.000 164891.000
   530: 164913.000 164924.000 164949.000 164971.000 165023.000
   535: 165494.000 165502.000 165526.000 165575.000 165598.000
   540: 165624.000 165914.000 165928.000 165944.000 165999.000
   545: 166039.000 166074.000 166092.000 166129.000 166893.000
   550: 166953.000 166964.000 166987.000 167016.000 167066.000
   555: 167075.000 167139.000 167157.000 167280.000 167991.000
   560: 168008.000 168068.000 168078.000 168106.000 168119.000
   565: 168138.000 168185.000 169186.000 169234.000 169268.000
   570: 169289.000 169973.000 169996.000 170075.000 170144.000
   575: 170463.000 170483.000 170502.000 170577.000 170598.000
   580: 170984.000 171004.000 171046.000 171097.000 171115.000
   585: 171177.000 171437.000 171462.000 171498.000 171521.000
   590: 171884.000 171895.000 171960.000 172329.000 172350.000
   595: 172380.000 172431.000 172457.000 172518.000 172531.000
   600: 172882.000 172912.000 172934.000 172985.000 173002.000
   605: 173067.000 173363.000 173407.000 173471.000 173512.000
   610: 173529.000 173584.000 174799.000 175263.000 175309.000
   615: 175340.000 175369.000 175400.000 175439.000 175684.000
   620: 175736.000 175808.000 175828.000 175914.000 178273.000
   625: 178290.000 178329.000 178347.000 178367.000 178417.000
   630: 178501.000 178848.000 178871.000 178916.000 178944.000
   635: 179034.000 179171.000 179187.000 179207.000 179417.000
   640: 179482.000 182668.000 182692.000 182730.000 182794.000
   645: 182818.000 185426.000 185460.000 186010.000 186033.000
   650: 186057.000 186087.000 186116.000 186135.000 186290.000
   655: 186303.000 186319.000 189695.000 189753.000 190324.000
   660: 191541.000 191559.000 191577.000 191600.000 191618.000
   665: 191634.000 191663.000 191681.000 192283.000 192298.000
   670: 192340.000 192401.000 192429.000 192451.000 192821.000
   675: 192845.000 192868.000 192895.000 192921.000 192935.000
   680: 194595.000 195160.000 195187.000 195743.000 196483.000
   685: 200865.000 202304.000 202319.000 202360.000 202397.000
   690: 202418.000 202479.000 202698.000 202753.000 202825.000
   695: 202869.000 203120.000 203140.000 203219.000 203234.000
   700: 203525.000 203547.000 203575.000 203657.000 207138.000
   705: 207159.000 207184.000 209345.000 209376.000 209426.000
   710: 209726.000 216310.000 216366.000 216422.000 216441.000
   715: 216520.000 216545.000 216815.000 216828.000 216910.000
   720: 216999.000 217035.000 217058.000 217666.000 217706.000
   725: 219080.000 219136.000 219147.000 219237.000 219499.000
   730: 219567.000 219621.000 219686.000 220046.000 220064.000
   735: 220085.000 220136.000 220154.000 220193.000 221764.000
   740: 222285.000 222308.000 222350.000 222372.000 222394.000
   745: 222571.000 222653.000 222669.000 222745.000 222766.000
   750: 222855.000 222908.000 223114.000 223129.000 223182.000
   755: 223187.000 223197.000 223324.000 223341.000 223358.000
   760: 227226.000 227241.000 232492.000 232616.000 233461.000
   765: 233487.000 233504.000 233578.000 237177.000 237186.000
   770: 237686.000 238715.000 238735.000 239563.000 239587.000
   775: 239648.000 242673.000 242722.000 245536.000 246022.000
   780: 258439.000 258480.000 262306.000 263455.000 264466.000
   785: 264801.000 265709.000 265724.000 271463.000 271549.000
   790: 273601.000 273884.000 275529.000 279870.000 279920.000
   795: 279926.000 279968.000 279982.000 280014.000 280035.000
   800: 280334.000 280353.000 280365.000 280389.000 280451.000
   805: 280467.000 280492.000 280510.000 286784.000 286888.000
   810: 299266.000 299296.000 300606.000 304128.000 313666.000
   815: 322439.000 324351.000 324366.000 324377.000 324398.000
   820: 324422.000 324448.000 324476.000 324713.000 324730.000
   825: 324772.000 324790.000 324853.000 324877.000 324918.000
   830: 325883.000 325907.000 325974.000 326000.000 326021.000
   835: 326043.000 326915.000 326976.000 327090.000 327146.000
   840: 327188.000 327218.000 327240.000 327293.000 331378.000
   845: 331462.000 331475.000 331496.000 331519.000 331559.000
   850: 331578.000 331897.000 331917.000 331961.000 331982.000
   855: 332005.000 332036.000 332059.000 332096.000 332114.000
   860: 332129.000 334662.000 334691.000 334819.000 336416.000
   865: 336433.000 336494.000 336521.000 336543.000 336824.000
   870: 336868.000 336915.000 336931.000 336950.000 337020.000
   875: 337081.000 337120.000 341239.000 357868.000 358189.000
   880: 359103.000
D:
     0: 19228.000 27486.000 35002.000 50064.000 53490.000
     5: 58957.000 61196.000 70047.000 76857.000 78429.000
    10: 91302.000 102237.000 104389.000 123681.000 125625.000
    15: 132276.000 133524.000 138446.000 151685.000 159102.000
    20: 160584.000 164271.000 166129.000 167139.000 168185.000
    25: 179207.000 186303.000 191681.000 223358.000 280510.000
    30: 327293.000 332096.000 337120.000
E:
     0: 4034.000 7080.000 9028.000 9881.000 11355.000
     5: 12176.000 16992.000 18545.000 19402.000 20069.000
    10: 21635.000 22004.000 22707.000 22711.000 23215.000
    15: 24002.000 24744.000 24774.000 24783.000 25615.000
    20: 27130.000 27677.000 27684.000 28360.000 29651.000
    25: 30120.000 30126.000 30208.000 30775.000 30778.000
    30: 30790.000 30812.000 30826.000 30910.000 31063.000
    35: 31589.000 32081.000 32747.000 33124.000 34250.000
    40: 35238.000 35893.000 36254.000 36656.000 37285.000
    45: 37349.000 37961.000 38424.000 38973.000 39498.000
    50: 39619.000 40367.000 40385.000 40548.000 40583.000
    55: 42922.000 43543.000 43945.000 45443.000 45475.000
    60: 46738.000 47559.000 48092.000 49405.000 50153.000
    65: 50812.000 51518.000 51845.000 52627.000 53605.000
    70: 54445.000 54606.000 54626.000 55017.000 55570.000
    75: 56337.000 56706.000 57195.000 57708.000 58517.000
    80: 59221.000 59628.000 60202.000 60649.000 61430.000
    85: 62065.000 62560.000 63361.000 63759.000 64414.000
    90: 64462.000 67015.000 67023.000 69121.000 69140.000
    95: 69150.000 69169.000 69203.000 69290.000 70189.000
   100: 70681.000 70949.000 71618.000 72428.000 73084.000
   105: 73608.000 74270.000 75046.000 75773.000 76400.000
   110: 76544.000 77406.000 77914.000 78606.000 80151.000
   115: 80921.000 84755.000 85418.000 87296.000 87618.000
   120: 88255.000 89198.000 89655.000 90315.000 90924.000
   125: 91483.000 92937.000 94539.000 95174.000 96306.000
   130: 98794.000 99028.000 99885.000 100612.000 101587.000
   135: 102324.000 103200.000 103837.000 104522.000 105724.000
   140: 106098.000 106949.000 108884.000 109178.000 109628.000
   145: 110676.000 111256.000 112741.000 116046.000 116932.000
   150: 118054.000 119857.000 121955.000 122555.000 123130.000
   155: 123811.000 124420.000 124958.000 125841.000 126816.000
   160: 127502.000 128101.000 128243.000 128259.000 128730.000
   165: 129498.000 130001.000 130602.000 131455.000 131890.000
   170: 131947.000 132374.000 133648.000 135001.000 135700.000
   175: 136964.000 137619.000 138013.000 138846.000 139420.000
   180: 140138.000 140603.000 141143.000 141478.000 149578.000
   185: 150412.000 151222.000 152017.000 152688.000 152786.000
   190: 153640.000 154376.000 155029.000 155617.000 155722.000
   195: 157918.000 158106.000 158631.000 159202.000 160052.000
   200: 160658.000 162968.000 163971.000 164364.000 165161.000
   205: 165728.000 166225.000 167351.000 168252.000 169461.000
   210: 170281.000 170766.000 171271.000 171689.000 172119.000
   215: 172648.000 172677.000 173169.000 173193.000 173724.000
   220: 174966.000 175505.000 175983.000 176701.000 176708.000
   225: 178607.000 179565.000 181284.000 181325.000 181330.000
   230: 181498.000 182493.000 185562.000 185735.000 186392.000
   235: 187158.000 188786.000 189399.000 190975.000 190992.000
   240: 191753.000 192517.000 193034.000 193670.000 193971.000
   245: 195829.000 195839.000 195855.000 195941.000 195960.000
   250: 197447.000 198324.000 201963.000 202001.000 202006.000
   255: 202542.000 202997.000 203021.000 203375.000 206144.000
   260: 207277.000 208395.000 211269.000 214916.000 216168.000
   265: 216693.000 217194.000 218821.000 219361.000 219834.000
   270: 219877.000 220314.000 222468.000 222980.000 223899.000
   275: 223915.000 224683.000 225916.000 226668.000 227360.000
   280: 229138.000 230647.000 232252.000 233043.000 233055.000
   285: 237821.000 238425.000 238867.000 241800.000 242366.000
   290: 245371.000 247246.000 251000.000 252719.000 258229.000
   295: 265594.000 274117.000 274806.000 278398.000 278860.000
   300: 280209.000 280234.000 280650.000 281706.000 287553.000
   305: 288325.000 288570.000 288580.000 293245.000 293248.000
   310: 297506.000 298845.000 300259.000 302323.000 307626.000
   315: 309143.000 311118.000 315202.000 320962.000 322180.000
   320: 322186.000 323462.000 323479.000 323491.000 323511.000
   325: 324550.000 324602.000 325101.000 325552.000 326239.000
   330: 327470.000 329472.000 330402.000 331081.000 331733.000
   335: 332200.000 333892.000 334002.000 334018.000 335467.000
   340: 335611.000 336116.000 336674.000 339701.000 340394.000
   345: 340933.000 342148.000 345496.000 348367.000 350845.000
   350: 352558.000 354459.000 358857.000 359722.000
Q:
     0: 10732.000 13893.000 17985.000 20363.000 24222.000
     5: 29380.000 33287.000 39151.000 39791.000 47120.000
    10: 49762.000 58071.000 59885.000 66753.000 69804.000
    15: 72799.000 74557.000 75373.000 76628.000 87900.000
    20: 88850.000 89859.000 92564.000 99515.000 101924.000
    25: 104171.000 106749.000 122211.000 123361.000 124602.000
    30: 127735.000 129064.000 131096.000 132036.000 134755.000
    35: 137350.000 138176.000 139816.000 140819.000 154736.000
    40: 158301.000 158827.000 163708.000 164122.000 165914.000
    45: 166893.000 169973.000 170984.000 171437.000 172882.000
    50: 174799.000 175684.000 178848.000 186010.000 189695.000
    55: 192283.000 194595.000 200865.000 202698.000 207138.000
    60: 216310.000 217666.000 219499.000 221764.000 222571.000
    65: 232492.000 233461.000 242673.000 245536.000 275529.000
    70: 279870.000 286784.000 300606.000 322439.000 324713.000
    75: 326915.000 331378.000 334662.000 336824.000 357868.000
\300
