File: C:\MED-PC\Data\2019-07-26_11h29m_Subject 19004.txt


Start Date: 07/26/19
End Date: 07/26/19
Subject: 19004
Experiment: 
Group: 1
Box: 2
Start Time: 11:29:42
End Time: 12:32:47
MSN: FR8 8p First Lever Laser 50
B:   8.000
F:   1.000
H: 198.000
L: 1246.000
R: 103.000
U:  61.000
V: 313.000
A:
     0:    0.000    1.000
C:
     0: 68432.000 68532.000 68560.000 68573.000 68587.000
     5: 68635.000 68652.000 68688.000 69216.000 85520.000
    10: 85536.000 85562.000 85579.000 85596.000 85617.000
    15: 85640.000 85669.000 85691.000 85712.000 85738.000
    20: 85755.000 85767.000 85800.000 90010.000 90033.000
    25: 90042.000 90066.000 90082.000 90094.000 90680.000
    30: 90695.000 90730.000 90737.000 90752.000 90791.000
    35: 90804.000 90814.000 90835.000 92001.000 92065.000
    40: 92105.000 92115.000 92125.000 92141.000 92161.000
    45: 92172.000 92229.000 92242.000 92255.000 92274.000
    50: 94121.000 94169.000 94183.000 94201.000 94224.000
    55: 94239.000 94276.000 94902.000 94908.000 94945.000
    60: 94969.000 94993.000 95018.000 95035.000 95065.000
    65: 95079.000 95096.000 96075.000 96084.000 96096.000
    70: 96120.000 96137.000 96175.000 96203.000 96272.000
    75: 96299.000 96321.000 96341.000 97808.000 97824.000
    80: 97848.000 97865.000 97879.000 97896.000 97942.000
    85: 97976.000 98027.000 98039.000 98105.000 99191.000
    90: 99230.000 99267.000 99291.000 99322.000 99342.000
    95: 99929.000 99974.000 100005.000 100034.000 100070.000
   100: 100084.000 100131.000 100164.000 101359.000 101372.000
   105: 101402.000 101441.000 101501.000 101513.000 101535.000
   110: 101571.000 102579.000 102613.000 102629.000 102656.000
   115: 102682.000 102741.000 102753.000 102788.000 102802.000
   120: 103710.000 103725.000 103749.000 103768.000 103802.000
   125: 103846.000 104299.000 104357.000 104373.000 104418.000
   130: 104454.000 104499.000 104528.000 104973.000 104988.000
   135: 105019.000 105036.000 105056.000 105077.000 105096.000
   140: 105144.000 105174.000 105192.000 105205.000 105240.000
   145: 106462.000 106489.000 106503.000 106531.000 106563.000
   150: 106594.000 106629.000 107072.000 107098.000 107132.000
   155: 107162.000 107187.000 107225.000 107245.000 107279.000
   160: 107311.000 107340.000 108399.000 108414.000 108471.000
   165: 108494.000 108505.000 108539.000 108558.000 108580.000
   170: 108595.000 109628.000 109640.000 109655.000 109673.000
   175: 109682.000 109706.000 109722.000 109749.000 109804.000
   180: 109816.000 109852.000 111642.000 111689.000 111704.000
   185: 111728.000 111761.000 111796.000 111859.000 112291.000
   190: 112309.000 112323.000 112341.000 112385.000 112411.000
   195: 112439.000 112463.000 112484.000 112500.000 112535.000
   200: 112558.000 113799.000 113823.000 113841.000 113851.000
   205: 113868.000 113881.000 113922.000 113939.000 113964.000
   210: 114938.000 114960.000 114974.000 115015.000 115065.000
   215: 115079.000 115096.000 115127.000 115144.000 115154.000
   220: 115187.000 115215.000 115257.000 115295.000 115303.000
   225: 115312.000 116276.000 116313.000 116335.000 116361.000
   230: 116398.000 116433.000 116455.000 116473.000 116509.000
   235: 116537.000 117538.000 117572.000 117588.000 117604.000
   240: 117630.000 117672.000 117708.000 117719.000 117746.000
   245: 117774.000 117806.000 127159.000 127334.000 127364.000
   250: 131383.000 131393.000 131424.000 131453.000 131467.000
   255: 131527.000 131539.000 131564.000 131593.000 131607.000
   260: 131640.000 132444.000 132461.000 132489.000 132508.000
   265: 132533.000 132553.000 132565.000 132579.000 132596.000
   270: 132636.000 133601.000 133645.000 133661.000 133676.000
   275: 133701.000 133711.000 133738.000 133763.000 133806.000
   280: 133827.000 133840.000 133862.000 134684.000 134715.000
   285: 134728.000 134775.000 134801.000 134834.000 134895.000
   290: 134910.000 135794.000 135812.000 135834.000 135857.000
   295: 135871.000 135909.000 135916.000 135947.000 135970.000
   300: 135982.000 135993.000 136018.000 136035.000 136116.000
   305: 136866.000 136886.000 136907.000 136925.000 136937.000
   310: 137000.000 137390.000 137402.000 137414.000 137441.000
   315: 137475.000 137502.000 137515.000 137536.000 137557.000
   320: 137575.000 137603.000 137636.000 138389.000 138428.000
   325: 138448.000 138503.000 138530.000 138573.000 138614.000
   330: 139125.000 139146.000 139167.000 139183.000 139199.000
   335: 139225.000 139248.000 139261.000 139282.000 139315.000
   340: 139336.000 139353.000 139361.000 139420.000 142304.000
   345: 142327.000 142346.000 142367.000 142383.000 142406.000
   350: 142422.000 142446.000 142477.000 142490.000 142496.000
   355: 142514.000 142540.000 142574.000 142598.000 142611.000
   360: 144192.000 144207.000 144244.000 144267.000 144273.000
   365: 144287.000 144311.000 144329.000 144344.000 144364.000
   370: 144378.000 144390.000 144396.000 144415.000 145595.000
   375: 145625.000 145640.000 145655.000 145682.000 145701.000
   380: 145715.000 145742.000 145773.000 145806.000 146790.000
   385: 146807.000 146818.000 146842.000 146905.000 146930.000
   390: 146946.000 146948.000 146982.000 147011.000 147029.000
   395: 148022.000 148040.000 148073.000 148089.000 148101.000
   400: 148155.000 148178.000 148198.000 148212.000 148230.000
   405: 148972.000 149013.000 149053.000 149074.000 149090.000
   410: 149109.000 149123.000 149139.000 149150.000 149184.000
   415: 149288.000 149307.000 149324.000 150165.000 150189.000
   420: 150247.000 150262.000 150278.000 150280.000 150285.000
   425: 150297.000 150329.000 150366.000 150394.000 151154.000
   430: 151186.000 151204.000 151223.000 151238.000 151249.000
   435: 151287.000 151310.000 151365.000 152417.000 152439.000
   440: 152471.000 152487.000 152504.000 152528.000 152543.000
   445: 152570.000 152608.000 152628.000 152651.000 152693.000
   450: 152750.000 152779.000 153547.000 153588.000 153608.000
   455: 153630.000 153648.000 153661.000 153688.000 153713.000
   460: 153767.000 154678.000 154699.000 154713.000 154729.000
   465: 154746.000 154790.000 154814.000 154832.000 154848.000
   470: 155654.000 155684.000 155708.000 155721.000 155750.000
   475: 155768.000 155784.000 155811.000 155844.000 155866.000
   480: 155883.000 156977.000 156994.000 157025.000 157038.000
   485: 157052.000 157079.000 157099.000 157125.000 157137.000
   490: 158054.000 158073.000 158106.000 158116.000 158133.000
   495: 158156.000 158171.000 158231.000 158246.000 158256.000
   500: 158288.000 158314.000 158972.000 159041.000 159049.000
   505: 159086.000 159100.000 159111.000 159144.000 159184.000
   510: 159221.000 159991.000 160015.000 160045.000 160055.000
   515: 160091.000 160155.000 160226.000 160244.000 160280.000
   520: 160315.000 161348.000 161369.000 161378.000 161394.000
   525: 161422.000 161454.000 161481.000 161496.000 161531.000
   530: 161535.000 161551.000 161578.000 162185.000 162211.000
   535: 162239.000 162256.000 162289.000 162308.000 162334.000
   540: 162354.000 162394.000 162409.000 163101.000 163131.000
   545: 163150.000 163162.000 163190.000 163204.000 163217.000
   550: 163243.000 163280.000 163295.000 163307.000 163348.000
   555: 163932.000 163950.000 163981.000 163993.000 164020.000
   560: 164030.000 164063.000 164086.000 164097.000 164114.000
   565: 164173.000 164210.000 164252.000 164284.000 164317.000
   570: 164996.000 165011.000 165036.000 165076.000 165097.000
   575: 165103.000 165113.000 165132.000 165162.000 165170.000
   580: 165185.000 166248.000 166257.000 166286.000 166305.000
   585: 166324.000 166345.000 166355.000 166363.000 167065.000
   590: 167107.000 167139.000 167166.000 167187.000 167218.000
   595: 167234.000 167248.000 167255.000 167281.000 167921.000
   600: 167956.000 167981.000 168014.000 168038.000 168047.000
   605: 168069.000 168101.000 168118.000 168132.000 178706.000
   610: 178741.000 178748.000 178756.000 178777.000 178797.000
   615: 178831.000 178849.000 178864.000 178887.000 178926.000
   620: 179704.000 179720.000 179734.000 179755.000 179767.000
   625: 179793.000 179818.000 179845.000 179853.000 179891.000
   630: 180735.000 180772.000 180808.000 180835.000 180860.000
   635: 180870.000 180884.000 180905.000 180935.000 180983.000
   640: 181002.000 181734.000 181747.000 181765.000 181788.000
   645: 181799.000 181814.000 181839.000 181865.000 181888.000
   650: 181904.000 181921.000 181933.000 181956.000 181974.000
   655: 181990.000 182670.000 182685.000 182711.000 182747.000
   660: 182768.000 182799.000 182829.000 182849.000 182868.000
   665: 182894.000 182911.000 182928.000 182957.000 182967.000
   670: 182992.000 183942.000 183958.000 183972.000 183998.000
   675: 184021.000 184029.000 184049.000 184063.000 184090.000
   680: 184103.000 184897.000 184912.000 184937.000 184963.000
   685: 184983.000 185009.000 185047.000 185059.000 185075.000
   690: 185087.000 185113.000 185127.000 185153.000 186000.000
   695: 186025.000 186051.000 186067.000 186088.000 186113.000
   700: 186144.000 186185.000 186203.000 186903.000 186933.000
   705: 186944.000 186972.000 187002.000 187032.000 187053.000
   710: 187396.000 187422.000 187446.000 187471.000 187482.000
   715: 187504.000 187514.000 187532.000 187543.000 187572.000
   720: 187595.000 187609.000 188325.000 188343.000 188355.000
   725: 188379.000 188409.000 188444.000 188459.000 188472.000
   730: 188490.000 188515.000 188527.000 188608.000 189631.000
   735: 189661.000 189669.000 189688.000 189705.000 189723.000
   740: 189731.000 189747.000 189756.000 189776.000 189808.000
   745: 189830.000 189862.000 189880.000 190196.000 190210.000
   750: 190228.000 190240.000 190279.000 190294.000 190314.000
   755: 190342.000 190355.000 190362.000 190382.000 190394.000
   760: 190411.000 190433.000 191134.000 191151.000 191180.000
   765: 191203.000 191215.000 191247.000 191270.000 191287.000
   770: 191305.000 191329.000 191352.000 191381.000 191423.000
   775: 192407.000 192430.000 192442.000 192474.000 192506.000
   780: 192519.000 192543.000 192571.000 192586.000 192603.000
   785: 192623.000 210874.000 210898.000 210925.000 210979.000
   790: 211012.000 211038.000 211117.000 211150.000 211166.000
   795: 212564.000 212606.000 212651.000 212731.000 213098.000
   800: 213116.000 213129.000 213141.000 213158.000 213175.000
   805: 213195.000 213212.000 213231.000 213254.000 213266.000
   810: 213293.000 213307.000 214189.000 214204.000 214234.000
   815: 214250.000 214266.000 214291.000 214313.000 214366.000
   820: 214395.000 214418.000 214447.000 214463.000 214493.000
   825: 215258.000 215282.000 215296.000 215321.000 215334.000
   830: 215354.000 215395.000 215407.000 215424.000 215437.000
   835: 215458.000 215470.000 216472.000 216498.000 216515.000
   840: 216528.000 216553.000 216568.000 216587.000 216606.000
   845: 216628.000 216653.000 216672.000 216696.000 216731.000
   850: 217344.000 217350.000 217368.000 217382.000 217398.000
   855: 217420.000 217445.000 217489.000 217499.000 217512.000
   860: 217575.000 218234.000 218266.000 218291.000 218306.000
   865: 218326.000 218338.000 218358.000 218383.000 218402.000
   870: 218416.000 219282.000 219318.000 219356.000 219377.000
   875: 219419.000 219438.000 219453.000 219468.000 219483.000
   880: 231589.000 231605.000 231635.000 231652.000 231672.000
   885: 231694.000 231718.000 231737.000 232555.000 232592.000
   890: 232619.000 232632.000 232647.000 232662.000 232704.000
   895: 232746.000 237589.000 237609.000 237631.000 237656.000
   900: 237670.000 237709.000 237727.000 237755.000 237763.000
   905: 237804.000 237820.000 237840.000 238704.000 238720.000
   910: 238741.000 238759.000 238779.000 238801.000 238819.000
   915: 238851.000 238901.000 240319.000 240355.000 240370.000
   920: 240386.000 240401.000 240421.000 240766.000 240780.000
   925: 240806.000 240823.000 240833.000 240867.000 240889.000
   930: 240904.000 240930.000 240947.000 240960.000 240976.000
   935: 241007.000 241712.000 241730.000 241775.000 241796.000
   940: 241823.000 241839.000 241859.000 241872.000 242673.000
   945: 242721.000 242761.000 242782.000 242808.000 242827.000
   950: 242846.000 243168.000 243203.000 243220.000 243246.000
   955: 243264.000 243301.000 243323.000 243336.000 243368.000
   960: 243396.000 243981.000 244006.000 244033.000 244059.000
   965: 244092.000 244111.000 244120.000 244139.000 244152.000
   970: 244162.000 244188.000 244207.000 244249.000 245025.000
   975: 245056.000 245075.000 245097.000 245118.000 245129.000
   980: 245140.000 245159.000 245180.000 245230.000 246037.000
   985: 246077.000 246092.000 246104.000 246132.000 246142.000
   990: 246164.000 246181.000 246203.000 246232.000 246256.000
   995: 246870.000 246906.000 246947.000 246962.000 246972.000
  1000: 247004.000 247022.000 247036.000 247061.000 247077.000
  1005: 247094.000 261647.000 261679.000 261721.000 261741.000
  1010: 261752.000 261769.000 261792.000 261804.000 262630.000
  1015: 262648.000 262689.000 262716.000 262728.000 262752.000
  1020: 262793.000 262808.000 262834.000 263615.000 263632.000
  1025: 263654.000 263665.000 263688.000 263703.000 263742.000
  1030: 263801.000 263817.000 263874.000 264636.000 264688.000
  1035: 264709.000 264734.000 264744.000 264764.000 264778.000
  1040: 264799.000 264813.000 264821.000 264847.000 264857.000
  1045: 265621.000 265667.000 265712.000 265730.000 265746.000
  1050: 265774.000 265788.000 265825.000 265864.000 266642.000
  1055: 266666.000 266713.000 266726.000 266740.000 266784.000
  1060: 266799.000 266811.000 266827.000 266841.000 266887.000
  1065: 267694.000 267707.000 267725.000 267744.000 267763.000
  1070: 267776.000 267794.000 267815.000 267842.000 267856.000
  1075: 267864.000 267882.000 267898.000 267926.000 268828.000
  1080: 268875.000 268894.000 268910.000 268924.000 268945.000
  1085: 268965.000 268994.000 269013.000 269031.000 269045.000
  1090: 269701.000 269725.000 269742.000 269762.000 269800.000
  1095: 269829.000 269852.000 269874.000 269895.000 269913.000
  1100: 269926.000 271503.000 271526.000 271565.000 271585.000
  1105: 271599.000 271625.000 271645.000 271657.000 271676.000
  1110: 271698.000 271710.000 271734.000 272563.000 298153.000
  1115: 298852.000 298870.000 298925.000 298955.000 298977.000
  1120: 299005.000 299359.000 299365.000 299389.000 299395.000
  1125: 299416.000 299427.000 299448.000 299458.000 299491.000
  1130: 299517.000 299534.000 300425.000 300449.000 300465.000
  1135: 300480.000 300498.000 300507.000 300527.000 301016.000
  1140: 301034.000 301038.000 301064.000 301090.000 301114.000
  1145: 301134.000 301146.000 301181.000 301197.000 302014.000
  1150: 302044.000 302064.000 302096.000 302112.000 302120.000
  1155: 302155.000 302490.000 302528.000 302547.000 302583.000
  1160: 302599.000 302635.000 302650.000 302666.000 302688.000
  1165: 302720.000 302740.000 303301.000 303315.000 303339.000
  1170: 303357.000 303369.000 303396.000 303409.000 303439.000
  1175: 303455.000 303478.000 303491.000 304603.000 304615.000
  1180: 304631.000 304671.000 304688.000 304700.000 304719.000
  1185: 304737.000 304764.000 304793.000 305567.000 305578.000
  1190: 305601.000 305626.000 305636.000 305656.000 305672.000
  1195: 305694.000 305715.000 305734.000 305747.000 305755.000
  1200: 305768.000 305792.000 306567.000 306623.000 306633.000
  1205: 306659.000 306699.000 306723.000 306740.000 306753.000
  1210: 306773.000 306782.000 306810.000 306823.000 307547.000
  1215: 307578.000 307598.000 307628.000 307648.000 307668.000
  1220: 307680.000 307695.000 307717.000 307736.000 307757.000
  1225: 307778.000 307790.000 308721.000 308755.000 308785.000
  1230: 308809.000 308829.000 308836.000 308859.000 308890.000
  1235: 308904.000 308917.000 308940.000 347292.000 347301.000
  1240: 347332.000 347365.000 347403.000 347427.000 347475.000
  1245: 347508.000
D:
     0: 68688.000 85669.000 90814.000 92172.000 95065.000
     5: 96272.000 97976.000 100164.000 101571.000 102788.000
    10: 105144.000 107279.000 108580.000 109749.000 112463.000
    15: 113939.000 115127.000 116473.000 117719.000 131564.000
    20: 132579.000 133763.000 134910.000 135947.000 137536.000
    25: 139261.000 142446.000 144329.000 145742.000 146948.000
    30: 148198.000 149139.000 150297.000 151310.000 152570.000
    35: 153713.000 154832.000 155811.000 157125.000 158231.000
    40: 159184.000 160244.000 161496.000 162354.000 163243.000
    45: 164086.000 165132.000 166363.000 167248.000 168101.000
    50: 178849.000 179845.000 180905.000 181865.000 182849.000
    55: 184063.000 185059.000 186185.000 187532.000 188472.000
    60: 189747.000 190342.000 191287.000 192571.000 211150.000
    65: 213212.000 214366.000 215407.000 216606.000 217489.000
    70: 218383.000 219468.000 231737.000 232746.000 237755.000
    75: 238851.000 240904.000 241872.000 243336.000 244139.000
    80: 245159.000 246181.000 247036.000 261804.000 262808.000
    85: 263801.000 264799.000 265825.000 266811.000 267815.000
    90: 268994.000 269874.000 271657.000 299458.000 301146.000
    95: 302666.000 303439.000 304737.000 305694.000 306753.000
   100: 307695.000 308890.000 347508.000
E:
     0: 7526.000 14155.000 14200.000 30441.000 42977.000
     5: 45805.000 62023.000 68855.000 77287.000 77898.000
    10: 77934.000 84540.000 84544.000 85949.000 85953.000
    15: 87817.000 87824.000 89041.000 89132.000 90286.000
    20: 91024.000 91636.000 92448.000 94477.000 95270.000
    25: 96574.000 98258.000 99493.000 100325.000 101739.000
    30: 101754.000 102989.000 104020.000 104671.000 104888.000
    35: 105514.000 106793.000 107526.000 108745.000 110012.000
    40: 112039.000 112061.000 112746.000 114145.000 115532.000
    45: 116714.000 117991.000 118246.000 118840.000 119894.000
    50: 123437.000 126789.000 130094.000 131793.000 132807.000
    55: 133977.000 135086.000 136261.000 137133.000 137773.000
    60: 138808.000 139556.000 141871.000 141879.000 142743.000
    65: 144542.000 146015.000 147176.000 148372.000 149435.000
    70: 150539.000 151499.000 152940.000 153904.000 154964.000
    75: 156008.000 156011.000 157261.000 158442.000 159368.000
    80: 160443.000 161739.000 162518.000 163454.000 164446.000
    85: 165322.000 166512.000 167403.000 168259.000 170593.000
    90: 172557.000 172604.000 172609.000 174184.000 174192.000
    95: 174402.000 178325.000 179075.000 180031.000 181136.000
   100: 182106.000 183091.000 184238.000 185282.000 186343.000
   105: 187198.000 187741.000 188719.000 190003.000 190582.000
   110: 191545.000 192802.000 196323.000 196384.000 197081.000
   115: 197084.000 197143.000 198229.000 201363.000 203924.000
   120: 206210.000 208728.000 210523.000 211275.000 212945.000
   125: 213447.000 214645.000 215647.000 216857.000 217693.000
   130: 218550.000 219631.000 221398.000 230837.000 231893.000
   135: 232874.000 235078.000 237336.000 237982.000 239031.000
   140: 240066.000 240556.000 241117.000 242003.000 242949.000
   145: 243536.000 244355.000 245369.000 246386.000 247216.000
   150: 249543.000 251919.000 252421.000 252592.000 258258.000
   155: 261423.000 261917.000 262978.000 264051.000 264989.000
   160: 265972.000 267010.000 268063.000 269176.000 270057.000
   165: 270800.000 271305.000 271839.000 273832.000 276075.000
   170: 277911.000 281437.000 286794.000 291976.000 296480.000
   175: 298443.000 299163.000 299695.000 300684.000 301340.000
   180: 302297.000 302878.000 303647.000 304926.000 305948.000
   185: 306947.000 307906.000 309148.000 313223.000 319596.000
   190: 328367.000 344105.000 346938.000 347649.000 348227.000
   195: 352016.000 355473.000 359373.000
Q:
     0: 68432.000 85520.000 92001.000 94902.000 96075.000
     5: 99191.000 101359.000 103710.000 106462.000 108399.000
    10: 109628.000 112291.000 114938.000 127159.000 132444.000
    15: 134684.000 136866.000 138389.000 139125.000 144192.000
    20: 146790.000 150165.000 151154.000 154678.000 155654.000
    25: 158054.000 161348.000 163101.000 164996.000 167065.000
    30: 167921.000 180735.000 182670.000 183942.000 186000.000
    35: 187396.000 189631.000 192407.000 210874.000 214189.000
    40: 216472.000 217344.000 219282.000 237589.000 240319.000
    45: 240766.000 243168.000 245025.000 246870.000 262630.000
    50: 263615.000 265621.000 268828.000 271503.000 272563.000
    55: 298852.000 301016.000 302490.000 303301.000 305567.000
    60: 307547.000 347292.000
