File: C:\MED-PC\Data\2019-08-01_14h50m_Subject 19013.txt


Start Date: 08/01/19
End Date: 08/01/19
Subject: 19013
Experiment: 
Group: 0
Box: 4
Start Time: 14:50:44
End Time: 15:54:46
MSN: FR8 8p First Lever Laser 50
B:   8.000
F:   1.000
H: 146.000
L: 790.000
R:  54.000
U:  51.000
V:  99.000
A:
     0:    0.000    1.000
C:
     0: 14020.000 14063.000 14080.000 14092.000 14249.000
     5: 19750.000 19826.000 19938.000 19960.000 20303.000
    10: 20578.000 20643.000 20680.000 21069.000 21097.000
    15: 21105.000 21121.000 21152.000 21167.000 21282.000
    20: 21303.000 21334.000 21360.000 23696.000 23773.000
    25: 23790.000 23869.000 23884.000 23922.000 24041.000
    30: 24482.000 24502.000 24528.000 24551.000 24591.000
    35: 24606.000 24633.000 24675.000 24686.000 24798.000
    40: 24827.000 26631.000 26671.000 26685.000 26730.000
    45: 26754.000 26788.000 26799.000 26822.000 26838.000
    50: 26897.000 27055.000 27064.000 28656.000 28674.000
    55: 28703.000 28728.000 28760.000 28772.000 28789.000
    60: 29077.000 29101.000 29136.000 29151.000 34222.000
    65: 34259.000 34290.000 34324.000 34371.000 34402.000
    70: 34439.000 35413.000 35454.000 35492.000 35503.000
    75: 35565.000 35598.000 35641.000 35674.000 35796.000
    80: 37392.000 37411.000 37457.000 37486.000 37514.000
    85: 37529.000 37587.000 37604.000 37652.000 37673.000
    90: 39297.000 39340.000 39365.000 39387.000 39414.000
    95: 39427.000 39472.000 39484.000 39533.000 40914.000
   100: 40994.000 41027.000 41038.000 41101.000 41116.000
   105: 41172.000 41183.000 42222.000 42306.000 42339.000
   110: 42386.000 42420.000 42436.000 42482.000 42544.000
   115: 42623.000 43759.000 43763.000 43782.000 43811.000
   120: 43841.000 43866.000 43878.000 43911.000 43924.000
   125: 43947.000 45195.000 45220.000 45272.000 45284.000
   130: 45317.000 45331.000 45425.000 45435.000 45478.000
   135: 45495.000 46489.000 46517.000 46562.000 46580.000
   140: 46677.000 46700.000 46711.000 46770.000 46888.000
   145: 47948.000 48038.000 48056.000 48079.000 48134.000
   150: 48214.000 53217.000 53255.000 53284.000 53308.000
   155: 53408.000 53442.000 53545.000 53565.000 54483.000
   160: 54492.000 54538.000 54553.000 54631.000 54643.000
   165: 54660.000 54724.000 57359.000 57407.000 57441.000
   170: 57522.000 57586.000 57995.000 58013.000 58029.000
   175: 58040.000 58059.000 58092.000 58104.000 58139.000
   180: 58159.000 58175.000 58242.000 58254.000 58294.000
   185: 59079.000 59095.000 59110.000 59136.000 59183.000
   190: 59201.000 59240.000 59261.000 59311.000 60117.000
   195: 60139.000 60185.000 60228.000 60241.000 60295.000
   200: 60316.000 65361.000 65398.000 65434.000 65446.000
   205: 65519.000 65566.000 67582.000 67599.000 67619.000
   210: 67645.000 67658.000 67685.000 67738.000 67756.000
   215: 68658.000 68686.000 68716.000 68728.000 68752.000
   220: 68806.000 68847.000 68868.000 69963.000 69981.000
   225: 69997.000 70031.000 70073.000 70103.000 70124.000
   230: 70159.000 71126.000 71140.000 71158.000 71194.000
   235: 71227.000 71240.000 71275.000 71306.000 72403.000
   240: 72436.000 72480.000 72509.000 72540.000 72554.000
   245: 72622.000 72705.000 73603.000 73644.000 73672.000
   250: 73728.000 73742.000 73811.000 73867.000 74290.000
   255: 74323.000 74348.000 74382.000 74396.000 74425.000
   260: 74476.000 74530.000 74584.000 74607.000 75686.000
   265: 75714.000 75769.000 75837.000 75863.000 75903.000
   270: 75926.000 76485.000 76526.000 76572.000 76589.000
   275: 76620.000 76686.000 76776.000 77273.000 77360.000
   280: 77379.000 77435.000 77450.000 77475.000 77759.000
   285: 77772.000 78747.000 78875.000 78897.000 78978.000
   290: 79007.000 79524.000 79534.000 79556.000 79602.000
   295: 79663.000 79708.000 79798.000 80289.000 80314.000
   300: 80330.000 80358.000 80385.000 80412.000 80427.000
   305: 80477.000 80533.000 80586.000 82448.000 82462.000
   310: 82491.000 82529.000 82559.000 82607.000 82694.000
   315: 83205.000 83262.000 83315.000 83355.000 83384.000
   320: 83435.000 83465.000 84283.000 84305.000 84335.000
   325: 84399.000 84419.000 84455.000 84504.000 85051.000
   330: 85079.000 85153.000 85183.000 85243.000 85290.000
   335: 85331.000 85353.000 86335.000 86373.000 86406.000
   340: 86452.000 86483.000 86499.000 86875.000 86898.000
   345: 86944.000 86975.000 86988.000 87038.000 91183.000
   350: 91227.000 91245.000 91316.000 93663.000 93695.000
   355: 93718.000 93747.000 93780.000 93795.000 94276.000
   360: 94299.000 94339.000 94354.000 94406.000 94421.000
   365: 94449.000 94521.000 95366.000 95398.000 95578.000
   370: 95806.000 95835.000 95866.000 95883.000 95917.000
   375: 96914.000 96937.000 96953.000 96995.000 97028.000
   380: 97097.000 97190.000 97264.000 97322.000 98266.000
   385: 98407.000 98434.000 98454.000 98469.000 98488.000
   390: 98787.000 98807.000 98812.000 98949.000 98967.000
   395: 99066.000 99108.000 102194.000 102239.000 102330.000
   400: 106231.000 106418.000 106439.000 106461.000 106520.000
   405: 106567.000 106587.000 107012.000 107053.000 107070.000
   410: 107095.000 107113.000 107159.000 107213.000 107246.000
   415: 107275.000 107348.000 108208.000 109559.000 117568.000
   420: 120120.000 120168.000 120193.000 120254.000 120272.000
   425: 120341.000 120429.000 120769.000 120795.000 120821.000
   430: 120840.000 120857.000 120931.000 120965.000 120979.000
   435: 120996.000 121251.000 121276.000 121292.000 121332.000
   440: 122067.000 122096.000 122113.000 122140.000 122184.000
   445: 122212.000 122239.000 122280.000 123281.000 123360.000
   450: 123379.000 123415.000 123437.000 123533.000 124059.000
   455: 124070.000 124091.000 124147.000 124168.000 124194.000
   460: 124215.000 124714.000 124744.000 124772.000 124787.000
   465: 124812.000 124855.000 124870.000 124902.000 124915.000
   470: 125016.000 125866.000 125910.000 125951.000 126003.000
   475: 127483.000 127520.000 127578.000 127600.000 127637.000
   480: 127702.000 128169.000 128198.000 128218.000 128252.000
   485: 128280.000 128298.000 128329.000 128363.000 129192.000
   490: 129262.000 129308.000 129329.000 129368.000 129408.000
   495: 129888.000 129907.000 129925.000 129946.000 129977.000
   500: 130011.000 130028.000 130067.000 130084.000 130138.000
   505: 130156.000 131300.000 131368.000 131390.000 131439.000
   510: 131562.000 131999.000 132019.000 132091.000 132125.000
   515: 132150.000 132188.000 132290.000 132752.000 132778.000
   520: 132801.000 132833.000 132874.000 132915.000 132947.000
   525: 133010.000 133079.000 134041.000 134056.000 134084.000
   530: 134121.000 134136.000 134169.000 134193.000 134232.000
   535: 135095.000 135124.000 135140.000 135179.000 135220.000
   540: 135242.000 135260.000 135306.000 135321.000 135419.000
   545: 135450.000 136523.000 136547.000 136621.000 136645.000
   550: 136663.000 136673.000 136731.000 136750.000 136822.000
   555: 137705.000 137763.000 137792.000 137846.000 137874.000
   560: 137907.000 137919.000 150579.000 150603.000 150634.000
   565: 150787.000 158197.000 158256.000 158273.000 158285.000
   570: 158343.000 158362.000 158394.000 158814.000 158839.000
   575: 158878.000 158889.000 158929.000 159006.000 159062.000
   580: 159873.000 159901.000 159977.000 165834.000 165872.000
   585: 165935.000 166040.000 170361.000 170437.000 170467.000
   590: 170483.000 170510.000 170550.000 170586.000 170685.000
   595: 170796.000 170824.000 170851.000 171510.000 171540.000
   600: 171559.000 171607.000 171626.000 171682.000 172221.000
   605: 172245.000 172269.000 172296.000 172324.000 172337.000
   610: 172422.000 172435.000 173299.000 173321.000 173348.000
   615: 173376.000 173391.000 173402.000 173432.000 208529.000
   620: 208815.000 209116.000 209142.000 209178.000 209194.000
   625: 209296.000 209334.000 210269.000 210371.000 210386.000
   630: 210418.000 210425.000 210455.000 210488.000 210513.000
   635: 210536.000 210667.000 210701.000 210755.000 211585.000
   640: 211613.000 211637.000 211662.000 211696.000 211708.000
   645: 212172.000 212193.000 212216.000 212245.000 212265.000
   650: 212375.000 212436.000 212451.000 212475.000 213410.000
   655: 213441.000 213460.000 213552.000 213587.000 213606.000
   660: 214146.000 214181.000 214199.000 214281.000 214296.000
   665: 214322.000 214340.000 214383.000 214399.000 215281.000
   670: 215317.000 215344.000 215393.000 215444.000 215458.000
   675: 215508.000 215520.000 221053.000 221151.000 221389.000
   680: 221839.000 221865.000 221882.000 221928.000 222007.000
   685: 222025.000 222121.000 222146.000 222866.000 222877.000
   690: 222903.000 222938.000 222948.000 223081.000 224101.000
   695: 224361.000 225284.000 225319.000 225342.000 225375.000
   700: 225422.000 225850.000 225860.000 225894.000 225948.000
   705: 225982.000 226005.000 226079.000 226509.000 226530.000
   710: 226583.000 226604.000 226650.000 226662.000 227351.000
   715: 227382.000 227414.000 227447.000 227470.000 227485.000
   720: 227573.000 227611.000 227689.000 228499.000 228545.000
   725: 228572.000 228619.000 228636.000 228650.000 234366.000
   730: 234431.000 234465.000 234484.000 234510.000 234607.000
   735: 234658.000 234716.000 235435.000 235450.000 235464.000
   740: 235475.000 235490.000 235570.000 235584.000 237822.000
   745: 239339.000 239371.000 239390.000 239501.000 247568.000
   750: 248354.000 248407.000 248422.000 248552.000 248564.000
   755: 248580.000 267814.000 267904.000 273306.000 292122.000
   760: 292192.000 292214.000 321179.000 321199.000 321212.000
   765: 321293.000 350426.000 350508.000 350559.000 350572.000
   770: 350935.000 350960.000 351007.000 351043.000 351073.000
   775: 351128.000 351916.000 351938.000 351959.000 352003.000
   780: 352028.000 352054.000 352092.000 358719.000 359574.000
   785: 359597.000 359623.000 359686.000 359725.000 359737.000
D:
     0: 20680.000 24482.000 26822.000 29077.000 35674.000
     5: 37604.000 39484.000 41183.000 42544.000 43911.000
    10: 45435.000 46770.000 53565.000 54724.000 58139.000
    15: 59261.000 67756.000 68868.000 70159.000 71306.000
    20: 72705.000 74530.000 77772.000 80477.000 83205.000
    25: 85051.000 86898.000 94521.000 95917.000 97264.000
    30: 98807.000 107246.000 120979.000 122280.000 124902.000
    35: 128363.000 130067.000 133010.000 134232.000 135306.000
    40: 136750.000 170685.000 172435.000 209334.000 210513.000
    45: 212451.000 214383.000 215520.000 222146.000 224361.000
    50: 227611.000 234716.000 237822.000 351043.000
E:
     0: 1137.000 6306.000 13682.000 13690.000 18927.000
     5: 21659.000 22801.000 23071.000 25012.000 25061.000
    10: 25284.000 25447.000 27239.000 28295.000 28305.000
    15: 29421.000 30590.000 30848.000 32239.000 33269.000
    20: 33282.000 34762.000 34823.000 36096.000 38043.000
    25: 39097.000 39824.000 41342.000 42803.000 44224.000
    30: 45667.000 47203.000 48611.000 52671.000 53772.000
    35: 55073.000 56996.000 57772.000 58529.000 59542.000
    40: 60639.000 64792.000 64920.000 65794.000 67929.000
    45: 69119.000 70315.000 71518.000 72141.000 72849.000
    50: 74005.000 74835.000 76224.000 77020.000 78033.000
    55: 79206.000 80050.000 80877.000 82158.000 83650.000
    60: 85625.000 87351.000 90788.000 93386.000 93996.000
    65: 94741.000 96176.000 97599.000 99350.000 101851.000
    70: 105721.000 106764.000 107501.000 112378.000 117199.000
    75: 119701.000 120570.000 121511.000 122446.000 123691.000
    80: 124388.000 125160.000 127126.000 127781.000 128540.000
    85: 129582.000 130457.000 131719.000 132485.000 133337.000
    90: 134488.000 135656.000 137011.000 138220.000 140434.000
    95: 143842.000 143914.000 150175.000 157941.000 158544.000
   100: 159451.000 169822.000 170939.000 171878.000 172697.000
   105: 175396.000 179725.000 187222.000 187351.000 209625.000
   110: 211033.000 211873.000 212725.000 213965.000 214649.000
   115: 215720.000 218743.000 220419.000 221621.000 222341.000
   120: 224566.000 225587.000 226235.000 226966.000 227916.000
   125: 228829.000 233891.000 234909.000 238549.000 240613.000
   130: 243064.000 247893.000 266113.000 279368.000 280254.000
   135: 341791.000 342674.000 342682.000 343330.000 351272.000
   140: 352176.000 352276.000 352280.000 352379.000 358903.000
   145: 359961.000
Q:
     0: 19750.000 23696.000 28656.000 37392.000 40914.000
     5: 42222.000 45195.000 47948.000 54483.000 59079.000
    10: 65361.000 67582.000 69963.000 73603.000 75686.000
    15: 77273.000 78747.000 82448.000 84283.000 91183.000
    20: 95366.000 96914.000 102194.000 107012.000 117568.000
    25: 120769.000 124059.000 125866.000 127483.000 129888.000
    30: 131300.000 132752.000 135095.000 150579.000 158814.000
    35: 159873.000 172221.000 173299.000 210269.000 213410.000
    40: 215281.000 221839.000 222866.000 225850.000 228499.000
    45: 235435.000 239339.000 267814.000 292122.000 351916.000
