File: C:\MED-PC\Data\2019-07-24_10h23m_Subject 19012.txt


Start Date: 07/24/19
End Date: 07/24/19
Subject: 19012
Experiment: fr8
Group: 0
Box: 1
Start Time: 10:23:16
End Time: 11:23:21
MSN: FR8 8p First Lever Laser 50
B:   8.000
F:   2.000
H: 187.000
L: 498.000
R:  36.000
U:  30.000
V: 112.000
A:
     0:    0.000    1.000
C:
     0: 19422.000 19522.000 19564.000 19658.000 19671.000
     5: 26816.000 26859.000 26876.000 26901.000 26957.000
    10: 27604.000 27676.000 27698.000 27723.000 27751.000
    15: 27775.000 27807.000 27822.000 27853.000 27895.000
    20: 27919.000 29954.000 30023.000 30051.000 30104.000
    25: 30121.000 30150.000 30831.000 30865.000 30890.000
    30: 30904.000 30925.000 30985.000 31009.000 31542.000
    35: 31590.000 31605.000 31680.000 31708.000 31738.000
    40: 31807.000 31825.000 31842.000 31933.000 33588.000
    45: 33619.000 33637.000 33672.000 33716.000 33746.000
    50: 33770.000 33787.000 33818.000 33866.000 33977.000
    55: 34018.000 34054.000 39092.000 39139.000 39161.000
    60: 39189.000 39214.000 39236.000 39278.000 39367.000
    65: 39398.000 39425.000 40266.000 40356.000 40388.000
    70: 40438.000 40467.000 40547.000 40584.000 40610.000
    75: 42220.000 42245.000 42274.000 42310.000 42332.000
    80: 42351.000 42394.000 42426.000 42450.000 42547.000
    85: 42576.000 42603.000 45249.000 45292.000 45326.000
    90: 45383.000 45422.000 45510.000 45534.000 45834.000
    95: 45845.000 45894.000 47372.000 47455.000 47474.000
   100: 47490.000 47516.000 47555.000 47586.000 47605.000
   105: 47640.000 47697.000 47745.000 47790.000 47858.000
   110: 49195.000 49217.000 49311.000 49401.000 49416.000
   115: 49447.000 49490.000 49518.000 49655.000 49672.000
   120: 57107.000 57328.000 57352.000 57455.000 59264.000
   125: 59340.000 59364.000 59385.000 59426.000 59447.000
   130: 59479.000 59726.000 59749.000 59773.000 59824.000
   135: 59887.000 59900.000 59920.000 63333.000 63378.000
   140: 63404.000 63448.000 63468.000 63494.000 63515.000
   145: 63544.000 63563.000 63574.000 63616.000 63679.000
   150: 63731.000 63818.000 63909.000 65515.000 65541.000
   155: 65553.000 65577.000 65609.000 65641.000 65665.000
   160: 65680.000 65710.000 65772.000 65788.000 65841.000
   165: 67207.000 67262.000 67310.000 67357.000 67414.000
   170: 67426.000 67438.000 67465.000 67520.000 69402.000
   175: 69427.000 69507.000 69537.000 69560.000 69621.000
   180: 69649.000 70557.000 70586.000 70632.000 70661.000
   185: 70756.000 71298.000 71333.000 71430.000 71460.000
   190: 74510.000 74615.000 74633.000 74654.000 74678.000
   195: 74719.000 74765.000 75722.000 75768.000 75799.000
   200: 75842.000 75862.000 75883.000 75903.000 75955.000
   205: 75985.000 76032.000 76063.000 76090.000 76396.000
   210: 76434.000 76465.000 76549.000 76578.000 78667.000
   215: 79800.000 80154.000 80166.000 80217.000 80436.000
   220: 80480.000 80541.000 80578.000 80607.000 80662.000
   225: 82049.000 82265.000 82301.000 82339.000 82355.000
   230: 82376.000 82436.000 82595.000 82666.000 82695.000
   235: 82721.000 85526.000 85664.000 85722.000 85758.000
   240: 85783.000 85811.000 85832.000 85847.000 85873.000
   245: 85895.000 85932.000 86066.000 86086.000 88060.000
   250: 88123.000 88160.000 88181.000 88203.000 88217.000
   255: 88252.000 88276.000 88300.000 88324.000 88371.000
   260: 88616.000 90404.000 90503.000 90528.000 90616.000
   265: 90668.000 90690.000 90766.000 90773.000 90821.000
   270: 91631.000 91637.000 99776.000 99842.000 99869.000
   275: 99888.000 99906.000 99939.000 99976.000 100871.000
   280: 100938.000 101024.000 101069.000 101131.000 101742.000
   285: 101777.000 101795.000 101819.000 101860.000 101885.000
   290: 101896.000 101945.000 101983.000 102095.000 102132.000
   295: 102171.000 102888.000 102937.000 102963.000 102989.000
   300: 103119.000 103122.000 103144.000 103165.000 103184.000
   305: 103211.000 103267.000 103602.000 107240.000 107279.000
   310: 107320.000 107344.000 107379.000 107419.000 107451.000
   315: 107459.000 107484.000 107511.000 107570.000 107606.000
   320: 107640.000 107662.000 108195.000 108240.000 108274.000
   325: 108303.000 108337.000 108408.000 108436.000 108621.000
   330: 109513.000 109537.000 109597.000 109613.000 109691.000
   335: 109733.000 109764.000 109792.000 109830.000 109868.000
   340: 110015.000 110055.000 110064.000 119803.000 119866.000
   345: 119904.000 119971.000 120003.000 120110.000 126686.000
   350: 126827.000 126862.000 126895.000 126949.000 142989.000
   355: 143058.000 143091.000 143417.000 143439.000 143473.000
   360: 143490.000 146476.000 146499.000 148661.000 148690.000
   365: 148712.000 148734.000 148794.000 148813.000 148851.000
   370: 148883.000 148896.000 148920.000 149030.000 149055.000
   375: 152238.000 152280.000 152296.000 152309.000 152334.000
   380: 152360.000 152372.000 152399.000 152421.000 152460.000
   385: 152516.000 160143.000 172914.000 172956.000 183246.000
   390: 183292.000 183325.000 183361.000 183402.000 183436.000
   395: 183474.000 183521.000 187694.000 187763.000 187788.000
   400: 187878.000 187895.000 187953.000 188065.000 188092.000
   405: 188106.000 193998.000 194191.000 194217.000 194266.000
   410: 194278.000 194305.000 194360.000 194398.000 198992.000
   415: 199044.000 199077.000 199170.000 199219.000 199279.000
   420: 221818.000 244621.000 250432.000 272735.000 272749.000
   425: 272778.000 272864.000 272906.000 272938.000 272970.000
   430: 273022.000 273136.000 273157.000 273188.000 273216.000
   435: 273228.000 273274.000 273348.000 273379.000 274547.000
   440: 274563.000 274601.000 274625.000 274661.000 274687.000
   445: 274717.000 274744.000 274768.000 274873.000 274908.000
   450: 282757.000 282784.000 282817.000 282865.000 282879.000
   455: 282930.000 282951.000 282993.000 297761.000 306728.000
   460: 315499.000 337107.000 337160.000 337190.000 337224.000
   465: 337261.000 337292.000 337344.000 337372.000 337500.000
   470: 337527.000 341831.000 341872.000 341938.000 341966.000
   475: 342213.000 342543.000 342592.000 342617.000 342763.000
   480: 349529.000 352368.000 352448.000 352484.000 353475.000
   485: 353511.000 353541.000 353670.000 353708.000 353750.000
   490: 354760.000 354800.000 354833.000 354872.000 355026.000
   495: 355050.000 355071.000 355093.000
D:
     0: 27822.000 31825.000 33787.000 39367.000 40610.000
     5: 42426.000 45834.000 47605.000 49518.000 59726.000
    10: 63544.000 65680.000 67465.000 71430.000 75955.000
    15: 80578.000 82595.000 85847.000 88276.000 90773.000
    20: 101945.000 103165.000 107459.000 108621.000 109792.000
    25: 148813.000 152399.000 183521.000 188092.000 194398.000
    30: 272970.000 274744.000 282993.000 337372.000 342617.000
    35: 355093.000
E:
     0: 14288.000 14297.000 26599.000 27178.000 27299.000
     5: 28036.000 28259.000 28514.000 28651.000 28699.000
    10: 28717.000 28721.000 28769.000 29285.000 29296.000
    15: 30305.000 31168.000 32047.000 32054.000 32251.000
    20: 32267.000 33220.000 33247.000 34161.000 34334.000
    25: 34363.000 35228.000 35632.000 37867.000 39533.000
    30: 39652.000 40806.000 41759.000 42874.000 43598.000
    35: 44292.000 44710.000 46014.000 46119.000 46928.000
    40: 46948.000 48092.000 49817.000 50684.000 50698.000
    45: 52364.000 54086.000 56141.000 57705.000 59062.000
    50: 60023.000 60638.000 60868.000 62692.000 64033.000
    55: 64735.000 65241.000 65981.000 67695.000 68297.000
    60: 69894.000 71959.000 73055.000 73126.000 74135.000
    65: 75109.000 76759.000 77914.000 79465.000 80777.000
    70: 81331.000 82827.000 84189.000 85188.000 86178.000
    75: 87772.000 88726.000 89571.000 90953.000 98663.000
    80: 100165.000 101356.000 102296.000 103677.000 106540.000
    85: 107754.000 108815.000 110575.000 115177.000 117750.000
    90: 119145.000 120226.000 121895.000 122056.000 126238.000
    95: 127065.000 128639.000 134071.000 134082.000 143722.000
   100: 149127.000 150879.000 152696.000 152708.000 152821.000
   105: 152861.000 152879.000 159703.000 159713.000 159722.000
   110: 159773.000 162504.000 165932.000 166643.000 170482.000
   115: 172703.000 172752.000 179496.000 182468.000 183605.000
   120: 183611.000 183729.000 183845.000 184042.000 184493.000
   125: 187468.000 188286.000 188314.000 188327.000 188333.000
   130: 188418.000 188422.000 188503.000 188601.000 188764.000
   135: 194513.000 195955.000 197458.000 199434.000 212190.000
   140: 212209.000 220804.000 221304.000 223357.000 226551.000
   145: 241514.000 248447.000 273525.000 275016.000 275058.000
   150: 276649.000 276811.000 283118.000 284369.000 284543.000
   155: 293338.000 298022.000 300466.000 303220.000 304624.000
   160: 309743.000 312132.000 316498.000 318108.000 320102.000
   165: 337764.000 338563.000 338633.000 340856.000 341521.000
   170: 343369.000 347199.000 348009.000 349726.000 349746.000
   175: 349754.000 349760.000 349781.000 351881.000 353218.000
   180: 353900.000 354017.000 354184.000 354206.000 355158.000
   185: 357637.000 359914.000
Q:
     0: 19422.000 27604.000 31542.000 39092.000 42220.000
     5: 47372.000 49195.000 59264.000 67207.000 70557.000
    10: 74510.000 78667.000 82049.000 88060.000 99776.000
    15: 100871.000 107240.000 108195.000 126686.000 146476.000
    20: 160143.000 172914.000 187694.000 221818.000 244621.000
    25: 274547.000 306728.000 315499.000 341831.000 352368.000
