File: C:\MED-PC\Data\2019-08-03_10h09m_Subject 19003.txt


Start Date: 08/03/19
End Date: 08/03/19
Subject: 19003
Experiment: 
Group: 1
Box: 2
Start Time: 10:09:00
End Time: 11:09:59
MSN: FR8 8p First Lever Laser 50
B:   8.000
F:   2.000
H: 111.000
L:  57.000
R:   3.000
U:   7.000
V:   3.000
A:
     0:    0.000    1.000
C:
     0: 14347.000 17844.000 17883.000 37771.000 38953.000
     5: 39021.000 39060.000 44457.000 44470.000 44510.000
    10: 47855.000 47868.000 57260.000 57298.000 57359.000
    15: 57507.000 58741.000 58770.000 89230.000 89275.000
    20: 89287.000 89324.000 91111.000 92427.000 92448.000
    25: 94386.000 94403.000 94430.000 94444.000 94456.000
    30: 94490.000 94508.000 94572.000 171935.000 185743.000
    35: 187367.000 187379.000 187408.000 191107.000 193289.000
    40: 193302.000 193329.000 193481.000 193532.000 193701.000
    45: 224309.000 261479.000 270359.000 270379.000 297737.000
    50: 297819.000 297835.000 297870.000 336438.000 336469.000
    55: 342516.000 342836.000
D:
     0: 58770.000 94572.000 193329.000
E:
     0:  600.000  639.000  655.000 2910.000 4181.000
     5: 5339.000 6677.000 8835.000 8971.000 16962.000
    10: 20731.000 29193.000 34896.000 35628.000 35647.000
    15: 35656.000 38340.000 39777.000 44807.000 44825.000
    20: 44879.000 44908.000 61343.000 64648.000 64694.000
    25: 79880.000 81837.000 88332.000 88956.000 88980.000
    30: 93698.000 93704.000 94740.000 94774.000 94835.000
    35: 96332.000 96334.000 97762.000 98540.000 99619.000
    40: 101334.000 103063.000 103084.000 107243.000 107249.000
    45: 108689.000 112568.000 113231.000 113254.000 118496.000
    50: 119952.000 119962.000 122497.000 141183.000 141199.000
    55: 146358.000 147044.000 147066.000 148055.000 148066.000
    60: 150791.000 156337.000 156353.000 156369.000 162498.000
    65: 174793.000 194194.000 194729.000 195496.000 197096.000
    70: 197153.000 199490.000 202822.000 202834.000 203534.000
    75: 207320.000 208684.000 211320.000 214791.000 217476.000
    80: 217486.000 217826.000 219195.000 219203.000 224574.000
    85: 224579.000 224651.000 226424.000 233210.000 238407.000
    90: 238423.000 245870.000 248058.000 250084.000 250091.000
    95: 256887.000 256908.000 256916.000 258068.000 258081.000
   100: 258088.000 275664.000 275672.000 280200.000 299751.000
   105: 320354.000 320360.000 320502.000 322765.000 328206.000
   110: 353632.000
Q:
     0: 14347.000 37771.000 44457.000 94386.000 185743.000
     5: 261479.000 297737.000
