File: C:\MED-PC\Data\2019-07-26_14h50m_Subject 19007.txt



Start Date: 07/26/19
End Date: 07/26/19
Subject: 19007
Experiment: 
Group: 1
Box: 1
Start Time: 14:50:32
End Time: 15:55:31
MSN: FR8 8p First Lever Laser 50
B:   8.000
F:   2.000
H: 173.000
L: 345.000
R:  27.000
U:  20.000
V:  80.000
A:
     0:    0.000    1.000
C:
     0: 7138.000 7243.000 7259.000 7278.000 7341.000
     5: 9719.000 9738.000 9756.000 9777.000 9800.000
    10: 9815.000 9829.000 9867.000 9885.000 10046.000
    15: 10071.000 10094.000 10124.000 10165.000 11969.000
    20: 12014.000 12064.000 12140.000 12157.000 12202.000
    25: 12228.000 12278.000 17495.000 18268.000 18361.000
    30: 18392.000 18479.000 18527.000 19509.000 19551.000
    35: 19637.000 19665.000 19684.000 19697.000 19728.000
    40: 19759.000 19787.000 19817.000 24469.000 24602.000
    45: 24677.000 24697.000 24734.000 24765.000 24785.000
    50: 24813.000 24849.000 24933.000 24952.000 29256.000
    55: 29316.000 29353.000 29368.000 29373.000 29395.000
    60: 29430.000 29458.000 29492.000 29555.000 29579.000
    65: 29607.000 33278.000 33352.000 33386.000 33405.000
    70: 33424.000 33437.000 33476.000 33502.000 33541.000
    75: 33558.000 33574.000 33595.000 35015.000 35042.000
    80: 35060.000 35215.000 35237.000 35262.000 35283.000
    85: 35297.000 35330.000 35358.000 35377.000 35391.000
    90: 35428.000 35486.000 35545.000 39170.000 39201.000
    95: 39223.000 39234.000 39246.000 39297.000 39317.000
   100: 39332.000 39355.000 39377.000 39417.000 39510.000
   105: 43326.000 43416.000 43479.000 43523.000 43568.000
   110: 43636.000 49295.000 51907.000 51946.000 52010.000
   115: 52032.000 52049.000 52085.000 52109.000 52126.000
   120: 55580.000 55603.000 55623.000 55652.000 55666.000
   125: 55683.000 55710.000 55720.000 55738.000 55782.000
   130: 55816.000 55844.000 55865.000 55898.000 58622.000
   135: 58632.000 58668.000 58695.000 58710.000 58732.000
   140: 58754.000 58778.000 58831.000 58862.000 58884.000
   145: 58901.000 62837.000 62927.000 62960.000 62981.000
   150: 63016.000 63045.000 63059.000 63087.000 63167.000
   155: 63269.000 63288.000 63313.000 64475.000 64491.000
   160: 64509.000 64534.000 64562.000 64608.000 64634.000
   165: 64670.000 64692.000 68105.000 68142.000 68178.000
   170: 68215.000 68242.000 68261.000 68296.000 68334.000
   175: 68361.000 68384.000 71616.000 71642.000 71657.000
   180: 71693.000 71711.000 71743.000 71773.000 71790.000
   185: 71854.000 71933.000 73723.000 73782.000 73913.000
   190: 73949.000 73998.000 74014.000 74029.000 74096.000
   195: 74118.000 74152.000 74192.000 74221.000 74248.000
   200: 76294.000 76340.000 76360.000 76381.000 76466.000
   205: 76486.000 76555.000 76582.000 80430.000 80586.000
   210: 80635.000 80675.000 80693.000 80725.000 80831.000
   215: 81311.000 81325.000 81341.000 81367.000 81386.000
   220: 81427.000 81515.000 81533.000 81567.000 81592.000
   225: 84057.000 84075.000 84111.000 84123.000 84150.000
   230: 84182.000 84227.000 84406.000 84426.000 88726.000
   235: 89398.000 89422.000 91396.000 91452.000 91467.000
   240: 91485.000 91512.000 91528.000 91548.000 91584.000
   245: 91615.000 91692.000 95592.000 95611.000 95642.000
   250: 95779.000 95795.000 95819.000 95849.000 97332.000
   255: 97346.000 97370.000 97409.000 97432.000 97449.000
   260: 97488.000 97529.000 97543.000 97562.000 97579.000
   265: 99284.000 99332.000 99374.000 99386.000 99421.000
   270: 99475.000 99524.000 99566.000 99583.000 101662.000
   275: 101838.000 101951.000 101983.000 102016.000 102035.000
   280: 102098.000 102638.000 102688.000 102715.000 102732.000
   285: 102748.000 102773.000 102790.000 102830.000 102872.000
   290: 102886.000 102924.000 102986.000 106194.000 106228.000
   295: 106268.000 106283.000 106304.000 106355.000 106393.000
   300: 106439.000 106462.000 107384.000 107464.000 107486.000
   305: 107503.000 107529.000 107554.000 107570.000 107583.000
   310: 107612.000 107658.000 107673.000 107740.000 107769.000
   315: 110142.000 110248.000 110275.000 110359.000 110409.000
   320: 110499.000 110614.000 110649.000 122374.000 122388.000
   325: 122452.000 122480.000 122503.000 122539.000 122557.000
   330: 122580.000 122628.000 122668.000 122695.000 122725.000
   335: 122756.000 122776.000 122801.000 128021.000 128050.000
   340: 128070.000 159654.000 211817.000 276726.000 276899.000
D:
     0: 9867.000 12278.000 19759.000 24813.000 29458.000
     5: 33502.000 35297.000 39332.000 52126.000 55720.000
    10: 58778.000 63087.000 64670.000 68334.000 71790.000
    15: 74096.000 76582.000 81533.000 84406.000 91584.000
    20: 97529.000 99566.000 102830.000 106439.000 107583.000
    25: 110649.000 122580.000
E:
     0: 1366.000 5526.000 6041.000 8296.000 8378.000
     5: 10328.000 10347.000 11569.000 12445.000 14860.000
    10: 16335.000 17883.000 18716.000 19910.000 21701.000
    15: 22123.000 23351.000 24070.000 25128.000 25141.000
    20: 25144.000 26773.000 27000.000 28166.000 28176.000
    25: 28208.000 28371.000 29746.000 31253.000 32833.000
    30: 33728.000 35687.000 35789.000 37959.000 38980.000
    35: 39684.000 41381.000 42359.000 42658.000 43026.000
    40: 43823.000 47275.000 47287.000 49439.000 50689.000
    45: 52346.000 53841.000 54108.000 54789.000 54926.000
    50: 55183.000 56000.000 57686.000 57967.000 58104.000
    55: 58204.000 58982.000 60052.000 60458.000 60818.000
    60: 60864.000 62024.000 62451.000 63446.000 63967.000
    65: 64829.000 67001.000 67007.000 67250.000 67803.000
    70: 68511.000 70172.000 70949.000 71441.000 72093.000
    75: 72398.000 73153.000 73444.000 74339.000 74461.000
    80: 74472.000 74478.000 75235.000 75344.000 76694.000
    85: 76737.000 79073.000 79773.000 79971.000 80100.000
    90: 80985.000 81759.000 84510.000 85615.000 87859.000
    95: 88289.000 90608.000 91749.000 91765.000 94131.000
   100: 94785.000 95353.000 95932.000 97120.000 97683.000
   105: 99756.000 102213.000 102276.000 102325.000 103106.000
   110: 104989.000 105768.000 106567.000 106592.000 106696.000
   115: 107114.000 107919.000 107953.000 109474.000 109622.000
   120: 110794.000 113285.000 116989.000 117354.000 118783.000
   125: 121448.000 122224.000 122939.000 122986.000 125621.000
   130: 127150.000 127763.000 130405.000 131701.000 135819.000
   135: 135826.000 137418.000 143598.000 148013.000 163379.000
   140: 168604.000 172336.000 173335.000 177199.000 179980.000
   145: 179984.000 187154.000 204229.000 207077.000 207084.000
   150: 224791.000 225042.000 244489.000 284115.000 284263.000
   155: 284427.000 284435.000 284453.000 284470.000 284535.000
   160: 284627.000 284790.000 284851.000 284890.000 285106.000
   165: 285657.000 285688.000 285712.000 285729.000 285751.000
   170: 285784.000 285829.000 315584.000
Q:
     0: 7138.000 11969.000 18268.000 24469.000 33278.000
     5: 43326.000 51907.000 58622.000 62837.000 68105.000
    10: 73723.000 80430.000 88726.000 91396.000 99284.000
    15: 101662.000 107384.000 110142.000 159654.000 211817.000
\300