File: C:\MED-PC\Data\2019-07-26_09h27m_Subject 19009.txt


Start Date: 07/26/19
End Date: 07/26/19
Subject: 19009
Experiment: 
Group: 1
Box: 1
Start Time: 09:27:03
End Time: 10:29:34
MSN: FR8 8p First Lever Laser 50
B:   8.000
F:   1.000
H: 104.000
L: 166.000
R:   7.000
U:  18.000
V:  14.000
A:
     0:    0.000    1.000
C:
     0: 20586.000 20685.000 20768.000 21345.000 21369.000
     5: 21379.000 21398.000 21415.000 21424.000 25059.000
    10: 26699.000 26713.000 35399.000 35433.000 35447.000
    15: 35482.000 35570.000 36372.000 36390.000 37442.000
    20: 37488.000 38025.000 38329.000 38454.000 42892.000
    25: 42959.000 43452.000 43486.000 43825.000 43855.000
    30: 43881.000 44025.000 44036.000 44068.000 44095.000
    35: 50880.000 50947.000 50993.000 53798.000 53881.000
    40: 54320.000 55658.000 55689.000 55772.000 55978.000
    45: 56023.000 57836.000 57879.000 57936.000 58084.000
    50: 58126.000 58325.000 58334.000 58543.000 58598.000
    55: 62549.000 63295.000 63375.000 66323.000 76434.000
    60: 76447.000 76463.000 76491.000 76547.000 83819.000
    65: 83831.000 83862.000 85079.000 85508.000 85985.000
    70: 96590.000 97657.000 104860.000 105201.000 105294.000
    75: 105339.000 105386.000 105813.000 105824.000 105863.000
    80: 105877.000 105885.000 105906.000 105923.000 106137.000
    85: 106206.000 106305.000 110782.000 110802.000 110816.000
    90: 110844.000 110878.000 110937.000 110969.000 111016.000
    95: 111039.000 111079.000 111116.000 111315.000 131726.000
   100: 140115.000 140901.000 142246.000 157876.000 163378.000
   105: 181202.000 184813.000 184834.000 184934.000 184945.000
   110: 184963.000 184981.000 187149.000 187170.000 187211.000
   115: 187238.000 187297.000 187344.000 187360.000 187384.000
   120: 187419.000 187630.000 187648.000 187664.000 205462.000
   125: 205483.000 205493.000 205527.000 205898.000 206095.000
   130: 206113.000 206322.000 227731.000 231530.000 244585.000
   135: 245137.000 245561.000 245627.000 245653.000 245663.000
   140: 245680.000 266826.000 280274.000 280295.000 281285.000
   145: 283065.000 283092.000 285762.000 285789.000 290146.000
   150: 294796.000 296627.000 296656.000 329332.000 329533.000
   155: 334133.000 335872.000 337190.000 342962.000 342973.000
   160: 342981.000 343149.000 343178.000 343196.000 343227.000
   165: 343263.000
D:
     0: 21415.000 58543.000 106137.000 111016.000 187384.000
     5: 206322.000 343196.000
E:
     0: 3026.000 16152.000 16179.000 21883.000 21905.000
     5: 22880.000 24266.000 25338.000 27581.000 27912.000
    10: 30390.000 32391.000 32906.000 34586.000 35717.000
    15: 37329.000 38548.000 39691.000 42365.000 43587.000
    20: 43603.000 44275.000 44302.000 44309.000 44354.000
    25: 44364.000 50147.000 52111.000 52120.000 54513.000
    30: 54522.000 56793.000 59595.000 61928.000 61932.000
    35: 63837.000 65769.000 68098.000 68402.000 72973.000
    40: 74360.000 76640.000 76749.000 82741.000 90532.000
    45: 101223.000 105570.000 106705.000 108025.000 109320.000
    50: 110487.000 111773.000 113582.000 114248.000 114251.000
    55: 118296.000 122922.000 137333.000 137557.000 137589.000
    60: 137796.000 141875.000 164668.000 164687.000 170265.000
    65: 185104.000 186019.000 187793.000 194479.000 206950.000
    70: 207418.000 208000.000 210988.000 225098.000 225818.000
    75: 225847.000 233148.000 237670.000 258097.000 259183.000
    80: 264341.000 268651.000 268694.000 278700.000 283633.000
    85: 283666.000 284318.000 288679.000 295461.000 297174.000
    90: 300264.000 300271.000 300278.000 308329.000 308390.000
    95: 316527.000 316532.000 321818.000 333749.000 335350.000
   100: 335371.000 335379.000 343403.000 353927.000
Q:
     0: 20586.000 26699.000 37442.000 42892.000 53798.000
     5: 57836.000 62549.000 83819.000 104860.000 105813.000
    10: 140115.000 181202.000 205462.000 244585.000 280274.000
    15: 290146.000 329332.000 335872.000
