File: C:\MED-PC\Data\2019-07-31_16h46m_Subject 19009.txt


Start Date: 07/31/19
End Date: 07/31/19
Subject: 19009
Experiment: 
Group: 1
Box: 4
Start Time: 16:46:59
End Time: 17:49:25
MSN: FR8 8p First Lever Laser 50
B:   8.000
F:   1.000
H: 326.000
L: 1613.000
R: 110.000
U: 110.000
V: 180.000
A:
     0:    0.000    1.000
C:
     0: 6262.000 6311.000 6338.000 6388.000 6429.000
     5: 7451.000 7464.000 7494.000 7544.000 7576.000
    10: 7592.000 7608.000 7632.000 8484.000 8496.000
    15: 8517.000 8535.000 8556.000 9780.000 9799.000
    20: 9865.000 9902.000 11270.000 11341.000 11362.000
    25: 11374.000 11404.000 12211.000 12228.000 12251.000
    30: 12275.000 12376.000 12411.000 12429.000 12530.000
    35: 12551.000 12591.000 13911.000 13925.000 13939.000
    40: 13989.000 14006.000 14465.000 14509.000 14542.000
    45: 14573.000 14602.000 15137.000 15182.000 15291.000
    50: 15311.000 15340.000 15358.000 20037.000 20051.000
    55: 20067.000 20094.000 20154.000 20164.000 20175.000
    60: 20237.000 20985.000 21050.000 21119.000 21181.000
    65: 21192.000 21196.000 21203.000 21831.000 21871.000
    70: 21924.000 21945.000 22369.000 22434.000 22484.000
    75: 22502.000 22924.000 22968.000 23029.000 23054.000
    80: 23341.000 23557.000 23697.000 24847.000 24884.000
    85: 24896.000 24917.000 24926.000 24973.000 24996.000
    90: 25053.000 25099.000 26136.000 26141.000 26642.000
    95: 26679.000 26730.000 28235.000 28296.000 28324.000
   100: 28359.000 28380.000 28431.000 28467.000 28490.000
   105: 28525.000 28534.000 28568.000 29357.000 29374.000
   110: 29394.000 29437.000 29466.000 29501.000 30331.000
   115: 30384.000 30433.000 30448.000 30471.000 30487.000
   120: 30501.000 30544.000 30577.000 30620.000 31540.000
   125: 31560.000 31579.000 31606.000 31635.000 31698.000
   130: 31717.000 31751.000 31782.000 31800.000 31830.000
   135: 31859.000 31925.000 32002.000 33009.000 33033.000
   140: 33098.000 33124.000 33521.000 33539.000 33572.000
   145: 33601.000 33625.000 33646.000 33939.000 33951.000
   150: 34005.000 34033.000 34055.000 34078.000 34103.000
   155: 34138.000 34157.000 34868.000 34905.000 35485.000
   160: 35562.000 35588.000 35608.000 35634.000 35658.000
   165: 35680.000 36048.000 36066.000 36154.000 36170.000
   170: 36194.000 36555.000 36625.000 36649.000 36739.000
   175: 36752.000 36803.000 36835.000 36919.000 36941.000
   180: 36991.000 37052.000 37084.000 37226.000 41628.000
   185: 41651.000 41777.000 41821.000 41837.000 42182.000
   190: 42189.000 42211.000 42257.000 42272.000 42306.000
   195: 42523.000 42567.000 42601.000 42623.000 42669.000
   200: 42992.000 43067.000 44353.000 44520.000 44584.000
   205: 44603.000 45688.000 45713.000 45749.000 45755.000
   210: 45766.000 45816.000 45888.000 45896.000 45928.000
   215: 45956.000 48371.000 48445.000 48458.000 49432.000
   220: 49465.000 49503.000 49530.000 49550.000 49572.000
   225: 49810.000 50085.000 50098.000 50155.000 50337.000
   230: 50366.000 50394.000 50683.000 50760.000 50781.000
   235: 50799.000 50820.000 50842.000 51074.000 51113.000
   240: 51164.000 51185.000 51199.000 51215.000 51238.000
   245: 51480.000 51493.000 51513.000 51558.000 51578.000
   250: 51596.000 51673.000 51933.000 52009.000 52049.000
   255: 52072.000 52098.000 52117.000 52136.000 52151.000
   260: 53341.000 53358.000 53432.000 53457.000 53489.000
   265: 53505.000 53528.000 54190.000 54198.000 54217.000
   270: 54240.000 54269.000 54287.000 54308.000 54331.000
   275: 55564.000 55573.000 55600.000 55616.000 55632.000
   280: 55648.000 55671.000 55688.000 55716.000 55734.000
   285: 55753.000 55770.000 56647.000 56664.000 56681.000
   290: 56742.000 56763.000 56791.000 56810.000 56850.000
   295: 56870.000 58104.000 58122.000 58140.000 58193.000
   300: 58208.000 58227.000 58253.000 58279.000 59506.000
   305: 59526.000 59548.000 59566.000 59623.000 59631.000
   310: 59966.000 59984.000 59997.000 60017.000 60077.000
   315: 60097.000 60414.000 60439.000 60485.000 60510.000
   320: 60523.000 60543.000 60855.000 60879.000 60927.000
   325: 60964.000 60989.000 61021.000 61054.000 61076.000
   330: 61130.000 61147.000 61900.000 61926.000 61942.000
   335: 61986.000 62009.000 62040.000 62092.000 62111.000
   340: 63188.000 63217.000 63266.000 64180.000 64292.000
   345: 64315.000 64351.000 64377.000 64674.000 64690.000
   350: 64719.000 64749.000 64773.000 64799.000 64821.000
   355: 64900.000 65394.000 65439.000 65459.000 65475.000
   360: 65510.000 65532.000 65547.000 65566.000 66403.000
   365: 66418.000 66438.000 66482.000 66501.000 66518.000
   370: 66545.000 66861.000 66878.000 66945.000 66974.000
   375: 67011.000 67034.000 67056.000 67076.000 67093.000
   380: 67117.000 67649.000 67766.000 67796.000 67813.000
   385: 67835.000 67883.000 67924.000 68186.000 68229.000
   390: 68364.000 68381.000 68399.000 68463.000 68493.000
   395: 68688.000 68709.000 68745.000 68762.000 68790.000
   400: 68819.000 68849.000 68868.000 68896.000 68918.000
   405: 69395.000 69484.000 69509.000 69531.000 69549.000
   410: 69572.000 69591.000 69612.000 69627.000 70403.000
   415: 70446.000 70497.000 70524.000 70551.000 70849.000
   420: 70882.000 70936.000 70964.000 70971.000 70988.000
   425: 71006.000 71033.000 71074.000 71867.000 71893.000
   430: 71911.000 71927.000 71966.000 71982.000 72023.000
   435: 72040.000 72055.000 72072.000 74089.000 74135.000
   440: 74198.000 74250.000 74302.000 74346.000 74630.000
   445: 74715.000 74743.000 74769.000 74788.000 74827.000
   450: 75069.000 75091.000 75128.000 75208.000 75235.000
   455: 75258.000 75289.000 75607.000 75629.000 75679.000
   460: 75711.000 75736.000 75980.000 76063.000 76075.000
   465: 76090.000 76122.000 76156.000 76177.000 76196.000
   470: 76992.000 77003.000 77021.000 77039.000 77057.000
   475: 77091.000 77116.000 77125.000 77147.000 79329.000
   480: 79373.000 79419.000 79445.000 79463.000 79481.000
   485: 79503.000 79524.000 81910.000 81931.000 81966.000
   490: 81981.000 82005.000 82029.000 82109.000 82153.000
   495: 82241.000 82774.000 82867.000 82919.000 82965.000
   500: 83041.000 83388.000 83474.000 83507.000 83540.000
   505: 83563.000 83589.000 83809.000 83850.000 83883.000
   510: 83904.000 83955.000 83967.000 84345.000 84499.000
   515: 84791.000 84811.000 84844.000 84876.000 84888.000
   520: 84915.000 84944.000 84981.000 85013.000 85051.000
   525: 85068.000 85673.000 85691.000 85723.000 85742.000
   530: 85805.000 85839.000 85854.000 85883.000 85930.000
   535: 90282.000 90367.000 90413.000 90455.000 90478.000
   540: 90749.000 90764.000 90797.000 90845.000 90874.000
   545: 90884.000 91273.000 91355.000 91382.000 91417.000
   550: 91437.000 91951.000 94092.000 94129.000 94156.000
   555: 94436.000 94524.000 94541.000 94680.000 94693.000
   560: 94810.000 95068.000 95089.000 95158.000 95180.000
   565: 95214.000 95220.000 95235.000 95256.000 95302.000
   570: 95334.000 95861.000 95932.000 95952.000 95994.000
   575: 96016.000 96039.000 96453.000 96478.000 96515.000
   580: 96541.000 96577.000 96621.000 96643.000 97642.000
   585: 97655.000 97675.000 97709.000 97743.000 97757.000
   590: 97779.000 97819.000 97841.000 97877.000 97894.000
   595: 98613.000 98643.000 98687.000 98714.000 98743.000
   600: 98803.000 98887.000 99284.000 99301.000 99366.000
   605: 99394.000 99406.000 99440.000 99506.000 99527.000
   610: 100067.000 100089.000 100138.000 100161.000 100182.000
   615: 100202.000 100232.000 100270.000 100841.000 100924.000
   620: 100946.000 100967.000 100988.000 101010.000 101038.000
   625: 101144.000 103932.000 106686.000 106697.000 106732.000
   630: 106752.000 106770.000 106788.000 106838.000 106860.000
   635: 106883.000 107460.000 107473.000 107529.000 107554.000
   640: 107594.000 107639.000 108009.000 108070.000 108094.000
   645: 108128.000 108150.000 108438.000 108468.000 108513.000
   650: 108548.000 108591.000 108652.000 108923.000 108941.000
   655: 108960.000 108987.000 109029.000 109125.000 109145.000
   660: 109167.000 109184.000 109204.000 110389.000 110474.000
   665: 110503.000 110522.000 110544.000 110566.000 110584.000
   670: 110599.000 111357.000 111407.000 111428.000 111452.000
   675: 111473.000 111495.000 111517.000 111533.000 111554.000
   680: 112265.000 112325.000 112339.000 112405.000 112420.000
   685: 112444.000 112472.000 112513.000 113926.000 114163.000
   690: 114182.000 114201.000 114230.000 114736.000 114756.000
   695: 114798.000 114818.000 114838.000 114865.000 114890.000
   700: 114923.000 114942.000 115754.000 115767.000 115783.000
   705: 115845.000 115874.000 115891.000 115914.000 115932.000
   710: 115946.000 115969.000 120311.000 120384.000 120454.000
   715: 120473.000 120530.000 120551.000 120788.000 120860.000
   720: 120912.000 120940.000 120956.000 120977.000 121030.000
   725: 121402.000 121421.000 121440.000 121451.000 121471.000
   730: 121486.000 121516.000 121545.000 121560.000 121588.000
   735: 122146.000 122218.000 122233.000 122298.000 122318.000
   740: 122374.000 122418.000 122438.000 125118.000 125140.000
   745: 125189.000 125212.000 125243.000 125259.000 125285.000
   750: 125600.000 125621.000 125661.000 125688.000 125726.000
   755: 125764.000 126007.000 126025.000 126063.000 126114.000
   760: 126139.000 126149.000 126178.000 126204.000 126220.000
   765: 126239.000 126866.000 126961.000 126998.000 127019.000
   770: 127038.000 127064.000 127088.000 127114.000 127141.000
   775: 127777.000 127796.000 127816.000 127841.000 127873.000
   780: 127893.000 127914.000 127951.000 128003.000 128727.000
   785: 128742.000 128762.000 128807.000 128824.000 128846.000
   790: 128865.000 128884.000 128901.000 128926.000 128957.000
   795: 128968.000 129734.000 129880.000 131506.000 131525.000
   800: 131545.000 131551.000 131580.000 131601.000 131617.000
   805: 131645.000 131670.000 131703.000 131724.000 131758.000
   810: 132144.000 132185.000 132233.000 132296.000 132346.000
   815: 132365.000 132399.000 132736.000 132797.000 132826.000
   820: 132838.000 132856.000 132873.000 132915.000 132938.000
   825: 132950.000 132967.000 133016.000 133036.000 133142.000
   830: 133647.000 133658.000 133682.000 133731.000 133753.000
   835: 133777.000 133800.000 133819.000 133885.000 136012.000
   840: 136124.000 136161.000 136176.000 136199.000 136237.000
   845: 136591.000 136607.000 136642.000 136678.000 136707.000
   850: 136737.000 136772.000 136798.000 136854.000 136865.000
   855: 137392.000 137477.000 137502.000 137518.000 137547.000
   860: 137615.000 137624.000 137894.000 137954.000 137973.000
   865: 138044.000 138089.000 140358.000 140371.000 140457.000
   870: 140479.000 140500.000 140526.000 140550.000 140626.000
   875: 140660.000 140679.000 141101.000 141119.000 141192.000
   880: 141224.000 141243.000 141267.000 141296.000 141320.000
   885: 141909.000 141919.000 141942.000 141999.000 142039.000
   890: 142060.000 142090.000 142146.000 143889.000 143963.000
   895: 143980.000 143998.000 144025.000 144036.000 144060.000
   900: 144082.000 144116.000 144600.000 144615.000 144634.000
   905: 144651.000 144679.000 144698.000 144846.000 144923.000
   910: 144944.000 144960.000 144984.000 144999.000 145083.000
   915: 146638.000 146781.000 146944.000 146995.000 147018.000
   920: 147056.000 147083.000 150776.000 150790.000 150800.000
   925: 150830.000 150850.000 150873.000 154646.000 154664.000
   930: 154692.000 154740.000 154770.000 154793.000 154805.000
   935: 154831.000 154973.000 155023.000 155052.000 157176.000
   940: 157295.000 157434.000 157447.000 157462.000 157483.000
   945: 157504.000 157977.000 158049.000 158140.000 158175.000
   950: 158212.000 158232.000 158278.000 158303.000 159548.000
   955: 159642.000 159662.000 159695.000 159711.000 159732.000
   960: 159761.000 159782.000 159813.000 160406.000 160428.000
   965: 160453.000 160486.000 160513.000 160536.000 160563.000
   970: 160638.000 162124.000 162180.000 162224.000 162244.000
   975: 162272.000 162281.000 162303.000 162334.000 162358.000
   980: 162839.000 162874.000 162917.000 162947.000 162958.000
   985: 162981.000 163034.000 163071.000 163099.000 163114.000
   990: 163676.000 163746.000 163770.000 163791.000 163803.000
   995: 163856.000 163870.000 163931.000 163953.000 163980.000
  1000: 165674.000 165750.000 165788.000 165809.000 165844.000
  1005: 166262.000 166316.000 166371.000 166393.000 166416.000
  1010: 166451.000 166474.000 166522.000 176585.000 176619.000
  1015: 176728.000 176905.000 176932.000 176970.000 176994.000
  1020: 177047.000 177077.000 177094.000 177109.000 177948.000
  1025: 177991.000 178024.000 178108.000 178171.000 178192.000
  1030: 178257.000 178674.000 178687.000 178703.000 178749.000
  1035: 178773.000 178797.000 178820.000 178853.000 178867.000
  1040: 178874.000 179439.000 179481.000 179552.000 179568.000
  1045: 179584.000 179607.000 179642.000 179664.000 179686.000
  1050: 179702.000 179722.000 179737.000 181512.000 181536.000
  1055: 181735.000 182875.000 183319.000 184042.000 184058.000
  1060: 184093.000 184122.000 184139.000 184157.000 184174.000
  1065: 184207.000 184764.000 187719.000 192614.000 192683.000
  1070: 192714.000 192745.000 192762.000 192788.000 192896.000
  1075: 192912.000 193599.000 193649.000 193654.000 193706.000
  1080: 193726.000 193741.000 193784.000 194019.000 194049.000
  1085: 194092.000 194108.000 194160.000 194213.000 194230.000
  1090: 194252.000 194297.000 195420.000 195432.000 195469.000
  1095: 195516.000 195536.000 195561.000 195583.000 195607.000
  1100: 195632.000 195656.000 195678.000 195700.000 195711.000
  1105: 196345.000 196390.000 196421.000 196448.000 196480.000
  1110: 196501.000 196518.000 196538.000 196572.000 196626.000
  1115: 196646.000 199599.000 199683.000 199694.000 199746.000
  1120: 199789.000 199829.000 199855.000 199904.000 199919.000
  1125: 200487.000 200589.000 200614.000 200636.000 200695.000
  1130: 200726.000 201083.000 201088.000 201104.000 201158.000
  1135: 201183.000 201194.000 201213.000 201231.000 201292.000
  1140: 201314.000 201333.000 201347.000 201389.000 201833.000
  1145: 201905.000 201941.000 202134.000 202147.000 202172.000
  1150: 202220.000 202235.000 202269.000 202292.000 204857.000
  1155: 204935.000 204953.000 204971.000 204996.000 205015.000
  1160: 208344.000 208570.000 208611.000 208629.000 209251.000
  1165: 209262.000 209279.000 209328.000 209357.000 209367.000
  1170: 209401.000 209431.000 209927.000 210037.000 210055.000
  1175: 210096.000 210107.000 210163.000 210589.000 210601.000
  1180: 210617.000 210664.000 210690.000 210734.000 210758.000
  1185: 210800.000 210835.000 210883.000 212018.000 212105.000
  1190: 212130.000 212171.000 212236.000 212339.000 212358.000
  1195: 212418.000 215086.000 215131.000 215145.000 215173.000
  1200: 215209.000 215249.000 215677.000 215757.000 215776.000
  1205: 215795.000 215846.000 215859.000 215880.000 215905.000
  1210: 215920.000 215963.000 216023.000 216645.000 216668.000
  1215: 222934.000 224815.000 225474.000 225562.000 225594.000
  1220: 225619.000 225639.000 225670.000 225687.000 225715.000
  1225: 225735.000 225775.000 225789.000 225809.000 226291.000
  1230: 226344.000 226363.000 226418.000 226783.000 227711.000
  1235: 227764.000 227799.000 227823.000 227830.000 227852.000
  1240: 227885.000 227899.000 227926.000 227944.000 231455.000
  1245: 231471.000 231490.000 231524.000 231542.000 231592.000
  1250: 231609.000 231628.000 231657.000 232360.000 232374.000
  1255: 232418.000 232454.000 232488.000 232510.000 232528.000
  1260: 232573.000 232641.000 233393.000 233432.000 235998.000
  1265: 236049.000 236060.000 236086.000 237843.000 237939.000
  1270: 240174.000 240196.000 240243.000 240283.000 240295.000
  1275: 240341.000 240359.000 240448.000 240479.000 241529.000
  1280: 243564.000 244555.000 244572.000 244595.000 244650.000
  1285: 244711.000 244745.000 244760.000 244783.000 245406.000
  1290: 250655.000 250763.000 250930.000 251324.000 251443.000
  1295: 251486.000 254187.000 255812.000 255883.000 255893.000
  1300: 255929.000 255944.000 255960.000 256690.000 256709.000
  1305: 256723.000 256908.000 257035.000 260383.000 260467.000
  1310: 260485.000 260507.000 260536.000 260583.000 261668.000
  1315: 261682.000 261752.000 261775.000 261809.000 261821.000
  1320: 261841.000 261867.000 261890.000 261929.000 262344.000
  1325: 262379.000 262415.000 262434.000 262459.000 262479.000
  1330: 262503.000 262516.000 262551.000 262572.000 263151.000
  1335: 263179.000 263190.000 263213.000 263237.000 263260.000
  1340: 263283.000 263328.000 263359.000 263370.000 263403.000
  1345: 263469.000 263490.000 263512.000 263544.000 264687.000
  1350: 264767.000 264780.000 264806.000 264827.000 264860.000
  1355: 265252.000 265329.000 265336.000 265367.000 265380.000
  1360: 265400.000 265456.000 265485.000 265510.000 266032.000
  1365: 266130.000 266151.000 266169.000 266181.000 266206.000
  1370: 266233.000 266480.000 266583.000 267171.000 267281.000
  1375: 268020.000 268042.000 268084.000 268100.000 268130.000
  1380: 268144.000 268178.000 268208.000 268221.000 268233.000
  1385: 268256.000 268270.000 268716.000 268794.000 268920.000
  1390: 268930.000 268954.000 269159.000 269238.000 272200.000
  1395: 273204.000 273414.000 277036.000 277078.000 277089.000
  1400: 277110.000 277130.000 277153.000 277225.000 277606.000
  1405: 277740.000 277841.000 277978.000 278054.000 278324.000
  1410: 278346.000 278369.000 278411.000 278429.000 278450.000
  1415: 278489.000 278545.000 279776.000 279883.000 279933.000
  1420: 279956.000 279980.000 280003.000 280028.000 280508.000
  1425: 280616.000 280621.000 280641.000 280663.000 280720.000
  1430: 280735.000 280773.000 280844.000 281408.000 285826.000
  1435: 285872.000 285923.000 285934.000 285956.000 286005.000
  1440: 286042.000 286431.000 286443.000 286459.000 286479.000
  1445: 286504.000 286537.000 286568.000 286583.000 286604.000
  1450: 286635.000 286667.000 286698.000 287238.000 287247.000
  1455: 287267.000 287285.000 287345.000 287363.000 287407.000
  1460: 287446.000 288048.000 288144.000 288231.000 288245.000
  1465: 288267.000 288292.000 288315.000 288339.000 288382.000
  1470: 291073.000 291095.000 291114.000 291136.000 291166.000
  1475: 291174.000 291226.000 291285.000 292953.000 292972.000
  1480: 292998.000 293048.000 293069.000 293088.000 293097.000
  1485: 293124.000 293195.000 293238.000 295093.000 295113.000
  1490: 295150.000 295166.000 295195.000 295216.000 295242.000
  1495: 295263.000 295289.000 300769.000 300903.000 301992.000
  1500: 302068.000 302081.000 302116.000 302135.000 302205.000
  1505: 302441.000 302574.000 302596.000 302617.000 302641.000
  1510: 302664.000 302688.000 302732.000 305287.000 307116.000
  1515: 307228.000 307241.000 307256.000 307279.000 307300.000
  1520: 307311.000 307332.000 307875.000 307892.000 307914.000
  1525: 307966.000 307987.000 308031.000 308075.000 308200.000
  1530: 310023.000 310067.000 310084.000 310170.000 310191.000
  1535: 310211.000 310283.000 310302.000 314530.000 314553.000
  1540: 319154.000 319189.000 325875.000 326548.000 326562.000
  1545: 326580.000 326602.000 326619.000 326670.000 326702.000
  1550: 326755.000 331125.000 332847.000 333550.000 333583.000
  1555: 333617.000 333641.000 333687.000 333699.000 333724.000
  1560: 333741.000 333766.000 337651.000 338732.000 338747.000
  1565: 338823.000 338904.000 338925.000 338947.000 338963.000
  1570: 338993.000 339015.000 339052.000 339061.000 339550.000
  1575: 339628.000 339636.000 342538.000 342681.000 342696.000
  1580: 352523.000 352777.000 353489.000 353504.000 353528.000
  1585: 353577.000 353596.000 353619.000 353650.000 353681.000
  1590: 353704.000 353743.000 354359.000 354369.000 354384.000
  1595: 354405.000 354438.000 354451.000 354481.000 354514.000
  1600: 354530.000 354555.000 354574.000 355086.000 355109.000
  1605: 355162.000 355193.000 355201.000 355226.000 355279.000
  1610: 355305.000 355337.000 355903.000
D:
     0: 7632.000 12530.000 20237.000 25053.000 28490.000
     5: 30544.000 31751.000 34138.000 36919.000 45896.000
    10: 52151.000 54331.000 55688.000 56850.000 58279.000
    15: 61076.000 62111.000 64900.000 65566.000 67076.000
    20: 68868.000 69612.000 71033.000 72040.000 76196.000
    25: 77125.000 79524.000 82153.000 84981.000 85883.000
    30: 95256.000 97819.000 99527.000 100270.000 101144.000
    35: 106860.000 109167.000 110599.000 111533.000 112513.000
    40: 114923.000 115932.000 121545.000 122438.000 126204.000
    45: 127114.000 127951.000 128884.000 131645.000 132938.000
    50: 133819.000 136798.000 140626.000 141320.000 142146.000
    55: 144082.000 144923.000 154831.000 158303.000 159782.000
    60: 160638.000 162334.000 163071.000 163931.000 166522.000
    65: 177047.000 178853.000 179664.000 184157.000 192912.000
    70: 194252.000 195607.000 196538.000 199904.000 201231.000
    75: 202235.000 209431.000 210800.000 212418.000 215905.000
    80: 225715.000 227899.000 231628.000 232573.000 240448.000
    85: 244760.000 255812.000 261867.000 262516.000 263328.000
    90: 265485.000 268208.000 278545.000 280773.000 286583.000
    95: 287446.000 288339.000 291285.000 293124.000 295263.000
   100: 302732.000 307332.000 308200.000 310302.000 326702.000
   105: 333699.000 338993.000 353681.000 354514.000 355305.000
E:
     0:  231.000 3194.000 3605.000 4722.000 4743.000
     5: 5979.000 6521.000 7245.000 7735.000 8640.000
    10: 9033.000 9040.000 10035.000 10710.000 11479.000
    15: 11507.000 11642.000 11647.000 12649.000 13393.000
    20: 14091.000 14121.000 14677.000 15426.000 15860.000
    25: 19547.000 20324.000 20328.000 20345.000 21320.000
    30: 22018.000 22023.000 22057.000 22591.000 23136.000
    35: 23811.000 24103.000 24140.000 25180.000 25748.000
    40: 25845.000 26817.000 27486.000 27512.000 27620.000
    45: 28652.000 29579.000 29782.000 29872.000 30690.000
    50: 31382.000 31433.000 32095.000 32760.000 33202.000
    55: 33732.000 34220.000 34962.000 35767.000 36305.000
    60: 37434.000 37441.000 38592.000 39387.000 41185.000
    65: 41938.000 42367.000 42770.000 43225.000 44866.000
    70: 46050.000 47496.000 48056.000 48537.000 48546.000
    75: 49636.000 49998.000 50459.000 50907.000 51317.000
    80: 51770.000 52246.000 52858.000 53185.000 53605.000
    85: 53904.000 54411.000 54867.000 55171.000 55842.000
    90: 56451.000 56951.000 57788.000 58378.000 58969.000
    95: 59163.000 59739.000 60195.000 60676.000 61224.000
   100: 61708.000 62191.000 62861.000 63361.000 63982.000
   105: 64492.000 64977.000 65697.000 66191.000 66648.000
   110: 67191.000 67997.000 68562.000 69001.000 69722.000
   115: 70681.000 71158.000 71723.000 72162.000 73786.000
   120: 74454.000 74919.000 75389.000 75852.000 76312.000
   125: 76858.000 77230.000 78695.000 79012.000 79017.000
   130: 79602.000 81599.000 82318.000 83121.000 83667.000
   135: 84073.000 84618.000 85136.000 86002.000 86832.000
   140: 89744.000 90562.000 90988.000 91542.000 92186.000
   145: 93643.000 94242.000 94927.000 95407.000 96115.000
   150: 96724.000 97479.000 97973.000 98462.000 98979.000
   155: 99607.000 100347.000 101261.000 106082.000 106959.000
   160: 107724.000 108250.000 108732.000 109287.000 109653.000
   165: 110205.000 110702.000 111642.000 112609.000 113169.000
   170: 114389.000 115020.000 116045.000 119914.000 120635.000
   175: 121110.000 121669.000 122528.000 124706.000 125369.000
   180: 125856.000 126326.000 127223.000 128090.000 129043.000
   185: 130134.000 131270.000 131823.000 132486.000 133206.000
   190: 133962.000 135281.000 136323.000 136944.000 137700.000
   195: 138172.000 140105.000 140756.000 141402.000 142220.000
   200: 144188.000 145157.000 147168.000 150970.000 154309.000
   205: 155150.000 157586.000 158399.000 159326.000 159904.000
   210: 160717.000 161856.000 162433.000 163213.000 164086.000
   215: 165917.000 166603.000 173759.000 177185.000 178341.000
   220: 178945.000 179281.000 179807.000 181912.000 184291.000
   225: 184611.000 187828.000 188803.000 190806.000 192994.000
   230: 193858.000 194382.000 195786.000 196200.000 196739.000
   235: 197088.000 198340.000 198369.000 199995.000 200802.000
   240: 201477.000 202368.000 205089.000 208729.000 209505.000
   245: 210244.000 210965.000 211803.000 212555.000 215329.000
   250: 216091.000 218900.000 221748.000 223805.000 223878.000
   255: 225235.000 225874.000 226892.000 228033.000 229456.000
   260: 231263.000 231739.000 232734.000 237512.000 239047.000
   265: 240594.000 242023.000 244866.000 247446.000 249649.000
   270: 256096.000 257224.000 260653.000 261167.000 262034.000
   275: 262658.000 263642.000 264929.000 265585.000 266306.000
   280: 267407.000 268361.000 269673.000 271155.000 276745.000
   285: 277322.000 278140.000 278651.000 280105.000 280914.000
   290: 282685.000 282795.000 282896.000 286138.000 286743.000
   295: 287522.000 288437.000 291369.000 291660.000 292664.000
   300: 292783.000 292794.000 293335.000 295367.000 297738.000
   305: 301541.000 302292.000 302814.000 304133.000 305912.000
   310: 307426.000 308301.000 310397.000 314164.000 324162.000
   315: 326833.000 333894.000 338076.000 339157.000 344299.000
   320: 344572.000 347464.000 352970.000 353826.000 354651.000
   325: 355439.000
Q:
     0: 6262.000 9780.000 11270.000 14465.000 15137.000
     5: 20985.000 22369.000 23341.000 28235.000 30331.000
    10: 33009.000 33939.000 35485.000 36555.000 41628.000
    15: 42992.000 44353.000 48371.000 49810.000 50683.000
    20: 51933.000 53341.000 56647.000 58104.000 59966.000
    25: 60855.000 64180.000 64674.000 66861.000 67649.000
    30: 69395.000 70403.000 74089.000 74630.000 75980.000
    35: 79329.000 82774.000 83388.000 84345.000 90282.000
    40: 91273.000 91951.000 94436.000 95861.000 98613.000
    45: 99284.000 100841.000 107460.000 108009.000 110389.000
    50: 112265.000 113926.000 120311.000 120788.000 122146.000
    55: 126007.000 126866.000 129734.000 132144.000 132736.000
    60: 136012.000 137392.000 141101.000 143889.000 146638.000
    65: 154646.000 157977.000 159548.000 162124.000 165674.000
    70: 166262.000 177948.000 181512.000 182875.000 192614.000
    75: 194019.000 199599.000 201083.000 201833.000 208344.000
    80: 209927.000 212018.000 215677.000 222934.000 225474.000
    85: 227711.000 232360.000 237843.000 243564.000 250655.000
    90: 260383.000 261668.000 264687.000 265252.000 268020.000
    95: 268716.000 277606.000 279776.000 280508.000 286431.000
   100: 288048.000 292953.000 300769.000 301992.000 307116.000
   105: 307875.000 325875.000 337651.000 338732.000 353489.000
   110: 355086.000 355903.000
\300
