File: C:\MED-PC\Data\2019-08-03_13h54m_Subject 19008.txt


Start Date: 08/03/19
End Date: 08/03/19
Subject: 19008
Experiment: 
Group: 1
Box: 2
Start Time: 13:54:56
End Time: 14:57:27
MSN: FR8 8p First Lever Laser 50
B:   8.000
F:   2.000
H: 424.000
L: 1398.000
R: 112.000
U:  85.000
V: 175.000
A:
     0:    0.000    1.000
C:
     0: 6637.000 6687.000 10486.000 10521.000 10536.000
     5: 10557.000 10639.000 10654.000 10882.000 10893.000
    10: 10925.000 10950.000 10971.000 10998.000 11013.000
    15: 11766.000 12696.000 12740.000 12772.000 12786.000
    20: 12843.000 12870.000 12888.000 14494.000 14515.000
    25: 14544.000 14585.000 15050.000 15074.000 15104.000
    30: 15119.000 15137.000 15162.000 15195.000 15208.000
    35: 15228.000 16800.000 16810.000 16830.000 16874.000
    40: 17196.000 17209.000 17224.000 17261.000 17280.000
    45: 17295.000 17312.000 17349.000 17361.000 18616.000
    50: 18667.000 18691.000 18727.000 18741.000 18774.000
    55: 18799.000 18811.000 18836.000 20801.000 20828.000
    60: 20844.000 20860.000 20879.000 20922.000 20957.000
    65: 20993.000 21842.000 21867.000 21887.000 21904.000
    70: 21924.000 21940.000 21956.000 21987.000 22965.000
    75: 22987.000 23006.000 23028.000 23054.000 23092.000
    80: 23109.000 23686.000 23717.000 23729.000 23749.000
    85: 23770.000 23785.000 23809.000 23838.000 23854.000
    90: 24773.000 24790.000 24810.000 24872.000 24890.000
    95: 25355.000 25370.000 25389.000 25413.000 25450.000
   100: 25504.000 25525.000 25905.000 25968.000 25984.000
   105: 26121.000 26164.000 26182.000 26205.000 26539.000
   110: 26551.000 26569.000 26587.000 26611.000 26629.000
   115: 26659.000 26679.000 27698.000 27738.000 27753.000
   120: 27785.000 27801.000 27834.000 27851.000 28265.000
   125: 28277.000 28294.000 28327.000 28356.000 28371.000
   130: 28391.000 28420.000 28450.000 28467.000 28487.000
   135: 28507.000 28526.000 29486.000 29510.000 29536.000
   140: 29544.000 29555.000 29592.000 29622.000 29651.000
   145: 32452.000 32477.000 32498.000 32515.000 32549.000
   150: 34264.000 34322.000 34348.000 34366.000 34383.000
   155: 34404.000 34415.000 34683.000 34699.000 34711.000
   160: 34727.000 35092.000 35108.000 35124.000 35143.000
   165: 35172.000 35201.000 35214.000 35240.000 36241.000
   170: 36258.000 36272.000 36288.000 36306.000 36328.000
   175: 36344.000 36360.000 36383.000 36399.000 37478.000
   180: 37493.000 37508.000 37528.000 37551.000 37573.000
   185: 37594.000 37614.000 38698.000 38741.000 38814.000
   190: 38826.000 38838.000 38876.000 38894.000 38953.000
   195: 38968.000 40159.000 40185.000 40202.000 40216.000
   200: 40263.000 40655.000 40667.000 40683.000 40719.000
   205: 40734.000 40749.000 40796.000 41685.000 41717.000
   210: 41735.000 41800.000 41817.000 41834.000 41853.000
   215: 41872.000 42342.000 42379.000 42393.000 42408.000
   220: 42426.000 42452.000 42467.000 42490.000 42507.000
   225: 43508.000 43541.000 43561.000 43635.000 43645.000
   230: 43661.000 43681.000 43702.000 44550.000 44566.000
   235: 44583.000 44600.000 44636.000 44664.000 44678.000
   240: 44695.000 44711.000 44765.000 47486.000 47517.000
   245: 47535.000 47552.000 47579.000 47598.000 47646.000
   250: 47683.000 47868.000 47888.000 47902.000 47923.000
   255: 47958.000 47977.000 48006.000 48022.000 48057.000
   260: 52039.000 52058.000 52078.000 52099.000 52141.000
   265: 52157.000 52442.000 52457.000 52472.000 52491.000
   270: 52509.000 52529.000 52545.000 52556.000 52613.000
   275: 53678.000 53700.000 53715.000 53733.000 53764.000
   280: 53782.000 53802.000 53864.000 53876.000 53887.000
   285: 54735.000 54747.000 54765.000 54790.000 54807.000
   290: 54824.000 54856.000 55293.000 55308.000 55325.000
   295: 55345.000 55363.000 55425.000 55435.000 55734.000
   300: 55744.000 55761.000 55778.000 55797.000 55817.000
   305: 55839.000 55845.000 58089.000 58119.000 58134.000
   310: 58153.000 58235.000 58287.000 58661.000 58685.000
   315: 58700.000 58721.000 58742.000 58762.000 58776.000
   320: 58794.000 58819.000 60061.000 60077.000 60092.000
   325: 60114.000 60127.000 60143.000 60160.000 60212.000
   330: 61200.000 61226.000 61258.000 61271.000 61688.000
   335: 61711.000 61735.000 61756.000 61786.000 61800.000
   340: 64446.000 64505.000 64530.000 64544.000 64569.000
   345: 64585.000 64651.000 64668.000 66829.000 66859.000
   350: 66879.000 66899.000 67442.000 67454.000 67471.000
   355: 67493.000 67524.000 67559.000 67584.000 67599.000
   360: 67629.000 68422.000 68438.000 68457.000 68475.000
   365: 68499.000 68527.000 69021.000 69038.000 69057.000
   370: 69076.000 69104.000 69126.000 69139.000 69704.000
   375: 69716.000 69732.000 69750.000 69774.000 69798.000
   380: 69812.000 70124.000 70135.000 70156.000 70175.000
   385: 70190.000 70224.000 70242.000 70298.000 70327.000
   390: 70341.000 71494.000 71539.000 71556.000 71577.000
   395: 71616.000 73685.000 75201.000 75216.000 75267.000
   400: 75298.000 75326.000 75571.000 75587.000 75601.000
   405: 75616.000 75633.000 75675.000 75712.000 75727.000
   410: 75829.000 75853.000 77104.000 77127.000 77161.000
   415: 77195.000 78013.000 78036.000 78053.000 78073.000
   420: 78098.000 78116.000 78527.000 78556.000 78576.000
   425: 78595.000 78622.000 78832.000 78853.000 78883.000
   430: 78895.000 78915.000 78933.000 79081.000 79472.000
   435: 79487.000 79506.000 79526.000 79546.000 79560.000
   440: 79590.000 79616.000 80968.000 80984.000 80997.000
   445: 81015.000 81035.000 81055.000 81076.000 81103.000
   450: 81127.000 82285.000 82315.000 82334.000 82351.000
   455: 82378.000 82394.000 82988.000 83004.000 83019.000
   460: 83040.000 83091.000 83111.000 83124.000 83145.000
   465: 83184.000 83199.000 84249.000 84260.000 84276.000
   470: 84293.000 84311.000 84345.000 84418.000 85334.000
   475: 85354.000 85370.000 85389.000 85422.000 85443.000
   480: 85469.000 85503.000 86590.000 86611.000 86632.000
   485: 86654.000 86666.000 86686.000 86716.000 86732.000
   490: 86767.000 88158.000 88172.000 88190.000 88211.000
   495: 88248.000 88275.000 88298.000 88354.000 96834.000
   500: 97430.000 97451.000 97468.000 97490.000 97556.000
   505: 97812.000 97828.000 97887.000 97896.000 97911.000
   510: 97946.000 97959.000 98004.000 108969.000 109162.000
   515: 109178.000 109199.000 109216.000 109234.000 109256.000
   520: 109270.000 113400.000 113439.000 113462.000 113480.000
   525: 113512.000 113791.000 113820.000 113835.000 113856.000
   530: 113880.000 113897.000 113914.000 113928.000 115734.000
   535: 115747.000 115763.000 115783.000 115814.000 115832.000
   540: 115851.000 115876.000 115908.000 115927.000 116662.000
   545: 116676.000 116695.000 116714.000 116736.000 116764.000
   550: 116781.000 116800.000 116821.000 118746.000 118760.000
   555: 118779.000 118800.000 118833.000 118857.000 118873.000
   560: 119184.000 119200.000 119218.000 119240.000 119439.000
   565: 119458.000 119467.000 119481.000 119498.000 119521.000
   570: 119543.000 119573.000 119593.000 119616.000 121448.000
   575: 121471.000 121490.000 121511.000 121567.000 121602.000
   580: 122085.000 122099.000 122112.000 122131.000 122153.000
   585: 122180.000 122196.000 122223.000 122235.000 124412.000
   590: 124444.000 124460.000 124478.000 124499.000 124516.000
   595: 124527.000 124544.000 124567.000 124583.000 125447.000
   600: 125461.000 125475.000 125498.000 125525.000 125542.000
   605: 125570.000 125582.000 125601.000 125616.000 127109.000
   610: 127124.000 127139.000 127172.000 127191.000 127221.000
   615: 127228.000 127245.000 127268.000 128470.000 128482.000
   620: 128498.000 128519.000 128538.000 128566.000 128584.000
   625: 128610.000 128633.000 128647.000 129667.000 129683.000
   630: 129695.000 129714.000 129735.000 129758.000 129779.000
   635: 129806.000 129827.000 129849.000 129865.000 130879.000
   640: 130900.000 130919.000 130943.000 130963.000 130987.000
   645: 131012.000 131034.000 131060.000 131081.000 131143.000
   650: 131158.000 131188.000 132653.000 132665.000 132682.000
   655: 132702.000 132725.000 132750.000 132766.000 132783.000
   660: 132869.000 134004.000 134022.000 134036.000 134058.000
   665: 134079.000 134101.000 134136.000 134174.000 134194.000
   670: 135265.000 135276.000 135294.000 135313.000 135336.000
   675: 135362.000 135384.000 135414.000 135436.000 136570.000
   680: 136584.000 136601.000 136622.000 136641.000 136665.000
   685: 136727.000 136801.000 136819.000 138160.000 138170.000
   690: 143938.000 143956.000 143970.000 143985.000 144112.000
   695: 145175.000 145191.000 145223.000 145270.000 145283.000
   700: 145303.000 149008.000 149050.000 149066.000 149089.000
   705: 149106.000 149127.000 149140.000 149158.000 149184.000
   710: 149216.000 149234.000 152675.000 152688.000 152704.000
   715: 152724.000 152746.000 152769.000 152815.000 152831.000
   720: 152852.000 155213.000 155227.000 155245.000 155265.000
   725: 155293.000 155321.000 155339.000 155359.000 155428.000
   730: 155450.000 156243.000 156257.000 156274.000 156296.000
   735: 156316.000 156332.000 156353.000 156370.000 156399.000
   740: 156414.000 158621.000 158638.000 158654.000 158671.000
   745: 158689.000 158709.000 158736.000 158756.000 158774.000
   750: 158801.000 158818.000 158860.000 158878.000 158896.000
   755: 159840.000 159856.000 159872.000 159892.000 159913.000
   760: 159946.000 159967.000 160031.000 160044.000 161006.000
   765: 161039.000 161057.000 161085.000 161130.000 161152.000
   770: 161192.000 161210.000 166374.000 166418.000 166436.000
   775: 166454.000 166478.000 166499.000 166526.000 166545.000
   780: 166575.000 166617.000 167223.000 167234.000 167260.000
   785: 167279.000 167296.000 167317.000 167348.000 167364.000
   790: 167386.000 167408.000 167428.000 168795.000 168815.000
   795: 168834.000 168855.000 168877.000 168897.000 168917.000
   800: 168939.000 168965.000 168983.000 169849.000 169877.000
   805: 169894.000 169914.000 169937.000 169957.000 169978.000
   810: 170008.000 170031.000 170062.000 170086.000 172854.000
   815: 172876.000 172893.000 172915.000 172935.000 172957.000
   820: 173003.000 173030.000 173051.000 173125.000 173134.000
   825: 174529.000 174550.000 174568.000 174588.000 174622.000
   830: 174646.000 174659.000 174731.000 174747.000 174762.000
   835: 174779.000 181279.000 181481.000 181501.000 181514.000
   840: 181537.000 181551.000 181575.000 181587.000 183549.000
   845: 183575.000 183591.000 183610.000 183631.000 183654.000
   850: 183688.000 183714.000 183730.000 183789.000 186422.000
   855: 186443.000 186465.000 186485.000 186533.000 186554.000
   860: 186638.000 186655.000 189069.000 189776.000 189790.000
   865: 189803.000 189898.000 189913.000 190013.000 190034.000
   870: 190044.000 197435.000 197447.000 197460.000 197478.000
   875: 197498.000 197526.000 197544.000 197562.000 197602.000
   880: 197622.000 197646.000 197661.000 197684.000 197722.000
   885: 199901.000 199944.000 199959.000 199978.000 200000.000
   890: 200017.000 200057.000 200081.000 200094.000 200109.000
   895: 200134.000 201388.000 201407.000 201424.000 201446.000
   900: 201465.000 201486.000 201505.000 201530.000 201552.000
   905: 201576.000 201609.000 202569.000 202585.000 202601.000
   910: 202615.000 202633.000 202653.000 202676.000 202695.000
   915: 202732.000 202756.000 202780.000 202795.000 202821.000
   920: 202839.000 203800.000 203815.000 203851.000 203873.000
   925: 203896.000 203928.000 203947.000 204031.000 204053.000
   930: 205628.000 205647.000 205664.000 208025.000 208034.000
   935: 208047.000 208120.000 208132.000 208144.000 210467.000
   940: 210511.000 210531.000 210559.000 210601.000 210619.000
   945: 210637.000 210731.000 210952.000 221507.000 221530.000
   950: 221546.000 221684.000 221699.000 221719.000 222419.000
   955: 222433.000 222449.000 222478.000 222506.000 222537.000
   960: 228717.000 228732.000 228942.000 229350.000 229378.000
   965: 229504.000 229531.000 229557.000 233092.000 233106.000
   970: 233137.000 233196.000 233215.000 234330.000 234341.000
   975: 234362.000 234382.000 234427.000 234463.000 234521.000
   980: 234772.000 234785.000 234803.000 234823.000 234835.000
   985: 234858.000 234888.000 234924.000 234950.000 236355.000
   990: 236380.000 236397.000 236416.000 236454.000 236473.000
   995: 236490.000 236506.000 236537.000 238513.000 238539.000
  1000: 238556.000 238574.000 238596.000 238615.000 238636.000
  1005: 238666.000 238685.000 238706.000 238728.000 240293.000
  1010: 240306.000 240323.000 240341.000 240364.000 240391.000
  1015: 240412.000 240462.000 242086.000 242129.000 242152.000
  1020: 242163.000 242186.000 242215.000 242235.000 242257.000
  1025: 242276.000 243782.000 243812.000 243829.000 243851.000
  1030: 243903.000 243925.000 243958.000 243975.000 243996.000
  1035: 244014.000 244045.000 244060.000 245209.000 245221.000
  1040: 245240.000 245288.000 245309.000 245332.000 245368.000
  1045: 248139.000 248158.000 248204.000 248236.000 248253.000
  1050: 248268.000 248357.000 248612.000 248648.000 248665.000
  1055: 248689.000 248705.000 248726.000 248738.000 248760.000
  1060: 249955.000 249976.000 249992.000 250011.000 250032.000
  1065: 250053.000 250068.000 250096.000 251011.000 251034.000
  1070: 251052.000 251073.000 251093.000 251122.000 251144.000
  1075: 251159.000 252890.000 252904.000 252925.000 252946.000
  1080: 252978.000 253025.000 253044.000 253072.000 253945.000
  1085: 253961.000 253980.000 254000.000 254022.000 254049.000
  1090: 254069.000 254093.000 254129.000 255411.000 255429.000
  1095: 255446.000 255474.000 255502.000 255523.000 255545.000
  1100: 255560.000 255583.000 255607.000 255618.000 265506.000
  1105: 265660.000 268438.000 268465.000 268498.000 268589.000
  1110: 268616.000 268627.000 268646.000 268688.000 268717.000
  1115: 269185.000 269197.000 269212.000 269230.000 269250.000
  1120: 269278.000 269297.000 269326.000 269343.000 269364.000
  1125: 269382.000 269488.000 269492.000 273049.000 273069.000
  1130: 273088.000 273108.000 273150.000 273170.000 273190.000
  1135: 273213.000 273236.000 273256.000 273388.000 273399.000
  1140: 273412.000 273431.000 273478.000 273499.000 274249.000
  1145: 274261.000 274277.000 274297.000 274330.000 274353.000
  1150: 274373.000 274378.000 274422.000 274441.000 275842.000
  1155: 275857.000 275919.000 275927.000 275945.000 275960.000
  1160: 275974.000 281502.000 288689.000 288718.000 288735.000
  1165: 288753.000 288780.000 288802.000 288822.000 288847.000
  1170: 288939.000 288981.000 288995.000 290719.000 290741.000
  1175: 290759.000 290782.000 290815.000 290836.000 290850.000
  1180: 290877.000 293781.000 293800.000 293818.000 293851.000
  1185: 293891.000 293913.000 293937.000 293976.000 294003.000
  1190: 294030.000 294944.000 294959.000 294977.000 294995.000
  1195: 295017.000 295037.000 295060.000 295115.000 296248.000
  1200: 296268.000 296282.000 296303.000 296327.000 296355.000
  1205: 296382.000 296418.000 296434.000 298472.000 298496.000
  1210: 298515.000 298530.000 298550.000 298574.000 298594.000
  1215: 298617.000 298640.000 298660.000 298727.000 298742.000
  1220: 300731.000 300758.000 300777.000 300799.000 300831.000
  1225: 314065.000 314089.000 315749.000 315762.000 315780.000
  1230: 315871.000 316151.000 316162.000 316174.000 316194.000
  1235: 316211.000 316265.000 316292.000 316569.000 316588.000
  1240: 316630.000 316645.000 316676.000 316694.000 316720.000
  1245: 316744.000 321216.000 321235.000 321248.000 321290.000
  1250: 321307.000 322287.000 322303.000 322323.000 322341.000
  1255: 322365.000 322384.000 322431.000 322455.000 322475.000
  1260: 322492.000 324236.000 324261.000 324277.000 324294.000
  1265: 324334.000 324372.000 324991.000 325005.000 325022.000
  1270: 325044.000 325071.000 325089.000 325129.000 325480.000
  1275: 325493.000 325510.000 325530.000 325563.000 325581.000
  1280: 325600.000 325614.000 326888.000 326912.000 326929.000
  1285: 326957.000 326979.000 326997.000 327014.000 327035.000
  1290: 327060.000 327071.000 327096.000 327110.000 328234.000
  1295: 328249.000 328265.000 328286.000 328315.000 328336.000
  1300: 328368.000 328390.000 328421.000 329602.000 329618.000
  1305: 329636.000 329657.000 329690.000 329709.000 329730.000
  1310: 329765.000 329778.000 330684.000 330704.000 330725.000
  1315: 330745.000 330797.000 330821.000 330840.000 330856.000
  1320: 330877.000 330946.000 332297.000 332311.000 332326.000
  1325: 332345.000 332394.000 332545.000 332557.000 332575.000
  1330: 333868.000 333892.000 333911.000 333942.000 333962.000
  1335: 333981.000 333993.000 334009.000 334029.000 334051.000
  1340: 334076.000 335339.000 335356.000 335376.000 335419.000
  1345: 335441.000 335462.000 335537.000 335559.000 335593.000
  1350: 339539.000 339549.000 339566.000 339587.000 339616.000
  1355: 339641.000 339678.000 339699.000 339730.000 339753.000
  1360: 339787.000 339820.000 343217.000 343241.000 343260.000
  1365: 343283.000 343348.000 343368.000 343392.000 343808.000
  1370: 343823.000 345596.000 345655.000 345680.000 345694.000
  1375: 345712.000 345812.000 345835.000 350914.000 350926.000
  1380: 350948.000 358964.000 358976.000 359010.000 359027.000
  1385: 359119.000 359228.000 359247.000 359533.000 359548.000
  1390: 359563.000 359614.000 359640.000 359656.000 359930.000
  1395: 359951.000 359967.000 359988.000
D:
     0: 10893.000 12888.000 15208.000 17349.000 18811.000
     5: 20993.000 21987.000 23838.000 26679.000 28420.000
    10: 29651.000 35240.000 36360.000 37614.000 38953.000
    15: 41872.000 42490.000 43702.000 44695.000 47683.000
    20: 48022.000 52556.000 53864.000 55845.000 58794.000
    25: 60212.000 64668.000 67599.000 70298.000 75727.000
    30: 79616.000 81103.000 83145.000 85503.000 86732.000
    35: 88354.000 98004.000 109270.000 113928.000 115876.000
    40: 116800.000 119573.000 122223.000 124544.000 125582.000
    45: 127245.000 128610.000 129806.000 131034.000 132783.000
    50: 134174.000 135414.000 136801.000 149158.000 152831.000
    55: 155359.000 156370.000 158756.000 160031.000 161210.000
    60: 166545.000 167364.000 168939.000 170008.000 173030.000
    65: 174731.000 181587.000 183714.000 186655.000 190044.000
    70: 197562.000 200081.000 201530.000 202695.000 204031.000
    75: 210731.000 222433.000 229557.000 234924.000 236506.000
    80: 238666.000 240462.000 242257.000 243975.000 248760.000
    85: 250096.000 251159.000 253072.000 254093.000 255560.000
    90: 268688.000 269326.000 273213.000 274378.000 288847.000
    95: 290877.000 293976.000 295115.000 296418.000 298617.000
   100: 316744.000 322455.000 325614.000 327035.000 328390.000
   105: 329765.000 330856.000 332575.000 334009.000 335559.000
   110: 339699.000 345812.000
E:
     0: 1943.000 5578.000 9716.000 11141.000 12964.000
     5: 12997.000 14675.000 14693.000 15282.000 15314.000
    10: 16232.000 16971.000 17009.000 17448.000 18335.000
    15: 18888.000 18904.000 20122.000 20562.000 20572.000
    20: 21072.000 22081.000 23247.000 23927.000 24965.000
    25: 25621.000 26303.000 26310.000 26792.000 27930.000
    30: 28624.000 29754.000 30464.000 30676.000 32077.000
    35: 32091.000 32625.000 33188.000 34101.000 34559.000
    40: 34791.000 34826.000 34861.000 35297.000 35324.000
    45: 35569.000 36473.000 36498.000 37680.000 37697.000
    50: 39038.000 39051.000 40340.000 40872.000 40886.000
    55: 41583.000 41927.000 41937.000 42589.000 42610.000
    60: 43782.000 44820.000 46051.000 46076.000 47742.000
    65: 47763.000 48158.000 50462.000 52314.000 52677.000
    70: 52707.000 53989.000 54976.000 55525.000 55541.000
    75: 55558.000 55939.000 55955.000 55975.000 57459.000
    80: 58489.000 58890.000 58913.000 58945.000 60282.000
    85: 60303.000 61379.000 61399.000 61903.000 63759.000
    90: 63782.000 64762.000 64812.000 64930.000 64953.000
    95: 65182.000 65444.000 67048.000 67075.000 67089.000
   100: 67101.000 67294.000 67695.000 67709.000 67733.000
   105: 68653.000 69350.000 69377.000 69388.000 69394.000
   110: 69890.000 69913.000 70407.000 70449.000 71709.000
   115: 72237.000 72259.000 75426.000 75452.000 75955.000
   120: 77274.000 77734.000 77826.000 77845.000 78189.000
   125: 78232.000 78233.000 78722.000 79156.000 79172.000
   130: 79201.000 79242.000 79698.000 79716.000 79735.000
   135: 81238.000 82496.000 82514.000 83289.000 83338.000
   140: 84530.000 85584.000 85619.000 86864.000 88460.000
   145: 88549.000 88558.000 88576.000 88605.000 88613.000
   150: 88627.000 88686.000 93108.000 93249.000 97675.000
   155: 97689.000 97694.000 98110.000 98140.000 98286.000
   160: 98304.000 98927.000 107880.000 108498.000 109351.000
   165: 109364.000 109370.000 111814.000 111829.000 113655.000
   170: 114013.000 114047.000 114063.000 114102.000 114174.000
   175: 114645.000 115455.000 115463.000 115999.000 116042.000
   180: 116063.000 116931.000 117861.000 118965.000 118994.000
   185: 119303.000 119321.000 119717.000 119744.000 120509.000
   190: 121730.000 121945.000 122328.000 123449.000 124683.000
   195: 124727.000 125687.000 125706.000 126814.000 127348.000
   200: 128726.000 128728.000 128737.000 129980.000 129984.000
   205: 131266.000 132977.000 133001.000 134294.000 134314.000
   210: 135547.000 136892.000 136912.000 144207.000 144228.000
   215: 145413.000 147912.000 149374.000 149385.000 149414.000
   220: 151696.000 151714.000 152993.000 153014.000 153882.000
   225: 155619.000 156521.000 156539.000 157269.000 157752.000
   230: 159001.000 160157.000 161330.000 164052.000 164348.000
   235: 165058.000 166701.000 166724.000 167502.000 169063.000
   240: 170163.000 173267.000 174860.000 180537.000 181716.000
   245: 183102.000 183110.000 183874.000 183914.000 185140.000
   250: 185271.000 186773.000 189443.000 190174.000 190207.000
   255: 190209.000 191185.000 196043.000 197811.000 197850.000
   260: 197857.000 198836.000 199004.000 200209.000 200232.000
   265: 200245.000 201696.000 201716.000 201719.000 203005.000
   270: 204110.000 204116.000 204128.000 206874.000 206881.000
   275: 208242.000 208246.000 209969.000 210307.000 211074.000
   280: 211188.000 212076.000 218218.000 218244.000 219219.000
   285: 222640.000 222658.000 224159.000 224429.000 227811.000
   290: 227821.000 229607.000 229622.000 229634.000 229721.000
   295: 229958.000 230948.000 232933.000 232966.000 233370.000
   300: 233734.000 234596.000 234621.000 235000.000 235023.000
   305: 235041.000 236618.000 237787.000 238800.000 238843.000
   310: 239706.000 240564.000 240572.000 240595.000 240604.000
   315: 241449.000 242371.000 242410.000 243134.000 244158.000
   320: 245474.000 245477.000 245507.000 245896.000 247973.000
   325: 248444.000 248475.000 248859.000 250178.000 250181.000
   330: 250195.000 251246.000 252283.000 252301.000 252310.000
   335: 252320.000 253118.000 253146.000 254203.000 255699.000
   340: 255718.000 265939.000 266239.000 267943.000 267968.000
   345: 268791.000 269579.000 271360.000 272526.000 273557.000
   350: 273577.000 274520.000 274537.000 276085.000 276103.000
   355: 277574.000 284848.000 284870.000 289057.000 289059.000
   360: 289097.000 290939.000 290977.000 292666.000 292903.000
   365: 294105.000 295221.000 296526.000 296542.000 296544.000
   370: 297975.000 298820.000 308155.000 313897.000 315963.000
   375: 315982.000 316377.000 316400.000 316410.000 316801.000
   380: 316830.000 316872.000 316944.000 320080.000 321472.000
   385: 322572.000 322595.000 324511.000 325212.000 325245.000
   390: 325708.000 325733.000 327192.000 327203.000 328551.000
   395: 328555.000 328560.000 329883.000 331020.000 331035.000
   400: 331938.000 332660.000 332684.000 334181.000 335699.000
   405: 336373.000 336385.000 338251.000 339893.000 339926.000
   410: 341352.000 342892.000 343557.000 343577.000 345933.000
   415: 345983.000 349896.000 350029.000 354394.000 354659.000
   420: 354761.000 359328.000 359741.000 359761.000
Q:
     0: 6637.000 14494.000 15050.000 18616.000 20801.000
     5: 22965.000 25355.000 25905.000 27698.000 32452.000
    10: 34264.000 36241.000 38698.000 40655.000 41685.000
    15: 44550.000 47486.000 52442.000 53678.000 55734.000
    20: 58661.000 60061.000 64446.000 66829.000 68422.000
    25: 70124.000 73685.000 77104.000 78013.000 79472.000
    30: 80968.000 82988.000 86590.000 88158.000 108969.000
    35: 113400.000 116662.000 118746.000 119439.000 124412.000
    40: 127109.000 128470.000 132653.000 134004.000 138160.000
    45: 145175.000 155213.000 156243.000 159840.000 167223.000
    50: 169849.000 174529.000 183549.000 189069.000 197435.000
    55: 201388.000 203800.000 208025.000 210467.000 228717.000
    60: 234772.000 238513.000 240293.000 245209.000 248612.000
    65: 251011.000 252890.000 255411.000 268438.000 273049.000
    70: 281502.000 288689.000 294944.000 298472.000 300731.000
    75: 316569.000 322287.000 324236.000 326888.000 329602.000
    80: 332297.000 335339.000 343217.000 350914.000 359533.000
