File: C:\MED-PC\Data\2019-07-31_14h54m_Subject 19012.txt



Start Date: 07/31/19
End Date: 07/31/19
Subject: 19012
Experiment: 
Group: 0
Box: 2
Start Time: 14:54:27
End Time: 15:56:39
MSN: FR8 8p First Lever Laser 50
B:   8.000
F:   1.000
H: 245.000
L: 1470.000
R: 105.000
U:  93.000
V: 164.000
A:
     0:    0.000    1.000
C:
     0: 6491.000 6516.000 6541.000 6573.000 6626.000
     5: 6651.000 7318.000 7341.000 7358.000 7381.000
    10: 7406.000 7454.000 7946.000 7967.000 7984.000
    15: 8008.000 8033.000 8063.000 8090.000 9620.000
    20: 9678.000 9702.000 9727.000 9773.000 10328.000
    25: 10346.000 10361.000 10387.000 10417.000 10483.000
    30: 10512.000 10538.000 10548.000 10603.000 11227.000
    35: 11243.000 11260.000 11288.000 11349.000 11414.000
    40: 11449.000 11525.000 13306.000 13330.000 13358.000
    45: 13393.000 13417.000 13478.000 13501.000 14301.000
    50: 14324.000 14341.000 14361.000 14387.000 14422.000
    55: 14455.000 14910.000 14935.000 14959.000 14996.000
    60: 15025.000 15057.000 15112.000 15548.000 15567.000
    65: 15589.000 15611.000 15618.000 15637.000 15677.000
    70: 15695.000 15818.000 17743.000 17765.000 17785.000
    75: 17798.000 17835.000 17863.000 17899.000 17942.000
    80: 19809.000 19830.000 19863.000 19881.000 19894.000
    85: 19928.000 19965.000 20013.000 20045.000 20059.000
    90: 20095.000 20112.000 22971.000 22993.000 23035.000
    95: 23081.000 23117.000 23153.000 23537.000 23561.000
   100: 23577.000 23605.000 23626.000 23665.000 23750.000
   105: 24169.000 24190.000 24211.000 24236.000 24258.000
   110: 24287.000 24352.000 24406.000 24460.000 24488.000
   115: 25816.000 25847.000 25885.000 25908.000 25939.000
   120: 25964.000 25979.000 26029.000 26072.000 27576.000
   125: 27599.000 27626.000 27638.000 27654.000 27675.000
   130: 27745.000 27766.000 27839.000 29069.000 29081.000
   135: 29098.000 29134.000 29151.000 29161.000 29208.000
   140: 29294.000 29322.000 30320.000 30338.000 30369.000
   145: 30438.000 31183.000 31213.000 31239.000 31273.000
   150: 31303.000 31316.000 31354.000 31803.000 31841.000
   155: 31861.000 31883.000 31912.000 31975.000 32017.000
   160: 32514.000 32540.000 32592.000 32615.000 32643.000
   165: 32702.000 32742.000 33095.000 33151.000 33169.000
   170: 33195.000 33213.000 33232.000 33262.000 33297.000
   175: 33328.000 33390.000 33422.000 34473.000 34490.000
   180: 34520.000 34541.000 34587.000 34709.000 34740.000
   185: 34788.000 35752.000 35777.000 35795.000 35821.000
   190: 35841.000 35867.000 35893.000 35926.000 35957.000
   195: 36006.000 36076.000 37120.000 37147.000 38012.000
   200: 38200.000 38228.000 38268.000 38290.000 38356.000
   205: 38375.000 38415.000 38424.000 38455.000 39472.000
   210: 39622.000 39663.000 39723.000 41283.000 41309.000
   215: 41333.000 41368.000 41389.000 41406.000 41434.000
   220: 41454.000 41542.000 42497.000 42536.000 42554.000
   225: 42577.000 42614.000 42656.000 42685.000 43248.000
   230: 43267.000 43302.000 43320.000 43360.000 43383.000
   235: 43419.000 43725.000 43746.000 43766.000 43777.000
   240: 43831.000 43860.000 43888.000 44249.000 44278.000
   245: 44307.000 44341.000 44374.000 44396.000 44426.000
   250: 44504.000 45508.000 45530.000 45549.000 45571.000
   255: 45609.000 45642.000 45680.000 45706.000 46595.000
   260: 46622.000 46644.000 46669.000 46711.000 46765.000
   265: 47368.000 47414.000 47439.000 47464.000 47544.000
   270: 47899.000 47927.000 47955.000 47974.000 47999.000
   275: 48022.000 48060.000 48111.000 48128.000 48163.000
   280: 48232.000 48248.000 48270.000 49013.000 49035.000
   285: 49054.000 49087.000 49115.000 49171.000 49560.000
   290: 49593.000 49615.000 49639.000 49669.000 49694.000
   295: 49758.000 50342.000 50376.000 50396.000 50423.000
   300: 50452.000 50514.000 50550.000 50578.000 50609.000
   305: 51520.000 51541.000 51558.000 51590.000 51619.000
   310: 51640.000 51671.000 51708.000 51786.000 51822.000
   315: 52680.000 52701.000 52714.000 52744.000 52773.000
   320: 53313.000 53346.000 53371.000 53397.000 53424.000
   325: 53450.000 53932.000 53959.000 53979.000 53991.000
   330: 54025.000 54078.000 54160.000 54412.000 54445.000
   335: 54470.000 54499.000 54533.000 54576.000 54646.000
   340: 54764.000 54789.000 55716.000 55745.000 55765.000
   345: 55790.000 55818.000 55832.000 55917.000 56439.000
   350: 56464.000 56486.000 56543.000 56613.000 56956.000
   355: 56979.000 56999.000 57019.000 57033.000 57062.000
   360: 57092.000 57129.000 57159.000 57187.000 58120.000
   365: 58147.000 58160.000 58188.000 58201.000 58217.000
   370: 58245.000 58273.000 58325.000 60852.000 60874.000
   375: 60893.000 60913.000 60941.000 60981.000 61003.000
   380: 61020.000 61048.000 61075.000 61099.000 62024.000
   385: 62071.000 62093.000 62117.000 62141.000 62164.000
   390: 62233.000 62542.000 62575.000 62596.000 62624.000
   395: 62633.000 62655.000 62678.000 62999.000 63032.000
   400: 63060.000 63087.000 63125.000 63174.000 63577.000
   405: 63615.000 63637.000 63675.000 63698.000 63743.000
   410: 64088.000 64124.000 64148.000 64170.000 64196.000
   415: 64224.000 64284.000 64306.000 66132.000 66158.000
   420: 66176.000 66192.000 66215.000 66238.000 66272.000
   425: 66294.000 67023.000 67052.000 67066.000 67082.000
   430: 67100.000 67130.000 67156.000 67190.000 67824.000
   435: 67860.000 67895.000 67921.000 67954.000 68015.000
   440: 68443.000 68484.000 68501.000 68561.000 68579.000
   445: 68602.000 68654.000 68704.000 69403.000 69436.000
   450: 69456.000 69490.000 69507.000 69530.000 69554.000
   455: 69622.000 69635.000 70438.000 70472.000 70491.000
   460: 70512.000 70523.000 70562.000 70590.000 71069.000
   465: 71087.000 71103.000 71137.000 71161.000 71197.000
   470: 71219.000 71247.000 72059.000 72091.000 72117.000
   475: 72145.000 72185.000 72199.000 72217.000 72256.000
   480: 72314.000 73034.000 73072.000 73095.000 73108.000
   485: 73136.000 73160.000 73194.000 73273.000 73287.000
   490: 73371.000 74060.000 74087.000 74099.000 74140.000
   495: 74166.000 74207.000 74230.000 74248.000 74261.000
   500: 74281.000 74350.000 74363.000 74387.000 75060.000
   505: 75076.000 75119.000 75151.000 75193.000 75264.000
   510: 75282.000 75322.000 76113.000 76137.000 76150.000
   515: 76174.000 76205.000 76321.000 76333.000 76692.000
   520: 76738.000 76766.000 76780.000 76824.000 76844.000
   525: 77722.000 77749.000 77774.000 77812.000 77869.000
   530: 77888.000 77903.000 77920.000 78022.000 78715.000
   535: 78744.000 78765.000 78793.000 78824.000 78913.000
   540: 79315.000 79344.000 79356.000 79374.000 79397.000
   545: 79419.000 79447.000 79474.000 79556.000 79596.000
   550: 80495.000 80544.000 80565.000 80591.000 80629.000
   555: 80656.000 80717.000 81025.000 81056.000 81078.000
   560: 81101.000 81155.000 81181.000 81224.000 81253.000
   565: 81428.000 81961.000 81990.000 82006.000 82038.000
   570: 82068.000 82094.000 82112.000 82126.000 82194.000
   575: 83083.000 83107.000 83126.000 83143.000 83173.000
   580: 83199.000 83252.000 83298.000 84112.000 84151.000
   585: 84176.000 84199.000 84299.000 84631.000 84660.000
   590: 84685.000 84698.000 84718.000 84747.000 84800.000
   595: 84824.000 84895.000 88278.000 88305.000 88327.000
   600: 88377.000 88400.000 88455.000 91038.000 91090.000
   605: 91132.000 91922.000 91947.000 91964.000 91972.000
   610: 91991.000 92014.000 92038.000 92051.000 92073.000
   615: 92125.000 92965.000 92985.000 93008.000 93027.000
   620: 93055.000 93070.000 93127.000 93383.000 93411.000
   625: 93433.000 93457.000 93473.000 93492.000 93525.000
   630: 93550.000 94588.000 94629.000 94642.000 94670.000
   635: 94689.000 94709.000 94729.000 94751.000 95609.000
   640: 95633.000 95652.000 95676.000 95695.000 95714.000
   645: 95736.000 95758.000 95837.000 95854.000 96534.000
   650: 96550.000 96569.000 96650.000 96682.000 96702.000
   655: 97070.000 97113.000 97131.000 97147.000 97172.000
   660: 97184.000 97618.000 97649.000 97668.000 97694.000
   665: 97704.000 97731.000 97766.000 97795.000 97841.000
   670: 97869.000 97921.000 98692.000 98744.000 98773.000
   675: 98791.000 98821.000 98880.000 98926.000 98944.000
   680: 100204.000 100249.000 100271.000 100283.000 100307.000
   685: 100330.000 100347.000 100365.000 100393.000 100414.000
   690: 100459.000 100472.000 100541.000 101372.000 101397.000
   695: 101419.000 101434.000 101463.000 101490.000 101523.000
   700: 101926.000 101965.000 101987.000 102004.000 102025.000
   705: 102046.000 102074.000 102104.000 102133.000 102849.000
   710: 102900.000 102935.000 102947.000 102971.000 102993.000
   715: 103011.000 103038.000 103070.000 104017.000 104057.000
   720: 104069.000 104100.000 105037.000 105065.000 105090.000
   725: 105109.000 105130.000 105153.000 105170.000 105207.000
   730: 105236.000 105263.000 107303.000 107328.000 107349.000
   735: 107366.000 107388.000 107428.000 107452.000 107490.000
   740: 107561.000 108677.000 108709.000 108729.000 108759.000
   745: 108784.000 108812.000 108842.000 108894.000 109610.000
   750: 109630.000 109653.000 109679.000 109705.000 109730.000
   755: 109762.000 109791.000 109832.000 110383.000 110410.000
   760: 110429.000 110448.000 110468.000 110502.000 110549.000
   765: 110574.000 111462.000 111490.000 111512.000 111534.000
   770: 111555.000 111609.000 111766.000 112128.000 112157.000
   775: 112181.000 112210.000 112234.000 112255.000 112270.000
   780: 112307.000 112356.000 112372.000 112413.000 112972.000
   785: 113010.000 113032.000 113091.000 113113.000 113157.000
   790: 113199.000 113299.000 114142.000 114176.000 114193.000
   795: 114212.000 114235.000 114265.000 114290.000 114322.000
   800: 115216.000 115248.000 115263.000 115323.000 115350.000
   805: 115414.000 118977.000 119004.000 119034.000 119061.000
   810: 119073.000 119110.000 119139.000 119165.000 120939.000
   815: 120968.000 120977.000 120998.000 121022.000 121044.000
   820: 121066.000 121093.000 121174.000 121184.000 121938.000
   825: 121969.000 121985.000 122005.000 122041.000 122079.000
   830: 122092.000 122113.000 122136.000 122152.000 122190.000
   835: 122796.000 122817.000 122838.000 122878.000 122900.000
   840: 122936.000 122996.000 123477.000 123518.000 123537.000
   845: 123568.000 123592.000 123626.000 123703.000 124146.000
   850: 124190.000 124209.000 124261.000 124283.000 124325.000
   855: 124384.000 124905.000 124927.000 124945.000 124965.000
   860: 125008.000 125034.000 125071.000 125104.000 125155.000
   865: 127262.000 127280.000 127302.000 127338.000 127362.000
   870: 127380.000 127404.000 127425.000 127445.000 127495.000
   875: 127507.000 128171.000 128210.000 128240.000 128275.000
   880: 128296.000 128349.000 128804.000 128840.000 128864.000
   885: 128882.000 128909.000 128944.000 128974.000 129033.000
   890: 129059.000 131805.000 131836.000 131867.000 131892.000
   895: 131917.000 131951.000 131979.000 132006.000 132023.000
   900: 132052.000 132093.000 132709.000 132727.000 132741.000
   905: 132764.000 132780.000 132810.000 132836.000 132861.000
   910: 132895.000 132915.000 132971.000 133831.000 133896.000
   915: 133921.000 133952.000 133989.000 134002.000 134030.000
   920: 134047.000 134079.000 134643.000 134668.000 134693.000
   925: 134713.000 134728.000 134742.000 134770.000 134792.000
   930: 134805.000 134829.000 134876.000 135238.000 135258.000
   935: 138764.000 138802.000 138829.000 138851.000 138886.000
   940: 138915.000 138937.000 138965.000 139002.000 139028.000
   945: 139648.000 139668.000 139811.000 139849.000 139878.000
   950: 139902.000 139923.000 139936.000 139976.000 140005.000
   955: 140065.000 148132.000 148159.000 148185.000 148199.000
   960: 148212.000 148236.000 148257.000 148268.000 148377.000
   965: 148401.000 148539.000 148575.000 149563.000 149576.000
   970: 149596.000 149617.000 149630.000 149656.000 149695.000
   975: 149760.000 151485.000 151511.000 151529.000 151554.000
   980: 151590.000 151615.000 151643.000 151665.000 151704.000
   985: 155203.000 155281.000 155324.000 155361.000 155391.000
   990: 155412.000 155496.000 155954.000 155993.000 156015.000
   995: 156035.000 156072.000 156098.000 156127.000 156154.000
  1000: 157923.000 160830.000 160888.000 160912.000 160952.000
  1005: 160982.000 161027.000 161067.000 161099.000 161125.000
  1010: 161238.000 167572.000 167592.000 167607.000 167625.000
  1015: 167635.000 167695.000 167709.000 167770.000 168690.000
  1020: 168740.000 168762.000 168790.000 168813.000 168835.000
  1025: 168862.000 169287.000 169321.000 169343.000 169374.000
  1030: 169399.000 169418.000 169478.000 169814.000 169844.000
  1035: 169868.000 169894.000 169923.000 169951.000 169986.000
  1040: 170420.000 170465.000 170487.000 170506.000 170530.000
  1045: 170592.000 171024.000 171046.000 171067.000 171089.000
  1050: 171112.000 171141.000 171172.000 171228.000 171295.000
  1055: 172152.000 172198.000 172217.000 172231.000 172268.000
  1060: 172310.000 176044.000 176065.000 176083.000 176102.000
  1065: 176135.000 176184.000 176196.000 176208.000 176242.000
  1070: 176264.000 176299.000 177148.000 177175.000 177206.000
  1075: 177222.000 177258.000 177316.000 177340.000 177858.000
  1080: 177891.000 177926.000 177950.000 177984.000 178002.000
  1085: 178066.000 178395.000 178419.000 178445.000 178468.000
  1090: 178492.000 178538.000 178556.000 178569.000 178601.000
  1095: 178619.000 178645.000 178676.000 179256.000 179292.000
  1100: 179349.000 179363.000 179384.000 179408.000 179514.000
  1105: 179916.000 179951.000 179976.000 180000.000 180028.000
  1110: 180049.000 180077.000 180107.000 180145.000 180166.000
  1115: 180782.000 180795.000 180812.000 180836.000 180860.000
  1120: 180917.000 180945.000 180996.000 181032.000 181775.000
  1125: 181807.000 184730.000 184753.000 184775.000 184806.000
  1130: 184852.000 184891.000 184949.000 184972.000 185710.000
  1135: 185758.000 185776.000 185824.000 185854.000 185883.000
  1140: 186187.000 186198.000 186228.000 186243.000 186270.000
  1145: 186295.000 186315.000 186338.000 186372.000 186405.000
  1150: 187173.000 187217.000 187238.000 187262.000 187297.000
  1155: 187315.000 187341.000 187368.000 187389.000 187420.000
  1160: 188082.000 188121.000 188144.000 188168.000 188191.000
  1165: 188226.000 188248.000 188270.000 188343.000 188375.000
  1170: 190719.000 190740.000 190773.000 190782.000 190843.000
  1175: 190857.000 190909.000 190972.000 190989.000 191150.000
  1180: 196447.000 196477.000 196495.000 196526.000 196590.000
  1185: 196620.000 196645.000 196660.000 196803.000 197500.000
  1190: 197552.000 197586.000 197616.000 197646.000 197722.000
  1195: 197736.000 197775.000 197793.000 203370.000 203448.000
  1200: 204076.000 204167.000 204179.000 204205.000 204318.000
  1205: 204351.000 204378.000 210130.000 210154.000 210180.000
  1210: 210198.000 210209.000 210234.000 210257.000 210280.000
  1215: 210335.000 210379.000 211459.000 211480.000 211495.000
  1220: 211537.000 211548.000 211566.000 211592.000 211630.000
  1225: 211655.000 211692.000 211718.000 211815.000 213226.000
  1230: 213322.000 213338.000 213361.000 213382.000 213407.000
  1235: 213437.000 213460.000 213505.000 213543.000 214407.000
  1240: 214436.000 214439.000 214461.000 214483.000 214500.000
  1245: 214532.000 214573.000 214596.000 214627.000 214705.000
  1250: 217904.000 217936.000 217972.000 217991.000 218028.000
  1255: 218054.000 218457.000 218479.000 218499.000 218519.000
  1260: 218543.000 218567.000 218592.000 218615.000 218630.000
  1265: 218749.000 218769.000 221360.000 221396.000 221426.000
  1270: 221456.000 221482.000 221508.000 221538.000 221627.000
  1275: 230901.000 230956.000 230994.000 231019.000 231042.000
  1280: 231054.000 231095.000 234313.000 234339.000 234357.000
  1285: 234382.000 234413.000 234442.000 234489.000 234957.000
  1290: 234985.000 235009.000 235025.000 235042.000 235068.000
  1295: 235102.000 235169.000 235888.000 235919.000 235937.000
  1300: 235959.000 235975.000 236000.000 236028.000 236111.000
  1305: 236127.000 236142.000 239232.000 239261.000 239280.000
  1310: 239310.000 239335.000 239355.000 239378.000 239429.000
  1315: 239481.000 240066.000 240126.000 240147.000 240165.000
  1320: 240188.000 240213.000 240224.000 240253.000 240288.000
  1325: 240375.000 240902.000 240926.000 240947.000 240966.000
  1330: 240990.000 241007.000 241022.000 241089.000 241113.000
  1335: 241134.000 241192.000 246635.000 246657.000 246671.000
  1340: 246705.000 246743.000 246768.000 246832.000 247268.000
  1345: 247319.000 247335.000 247357.000 247391.000 247428.000
  1350: 247451.000 247479.000 247529.000 251635.000 251658.000
  1355: 251672.000 251696.000 251744.000 251765.000 251806.000
  1360: 251825.000 259533.000 263077.000 275819.000 284919.000
  1365: 284950.000 288029.000 288051.000 288072.000 288097.000
  1370: 288133.000 288195.000 288778.000 288787.000 288813.000
  1375: 288835.000 288875.000 288946.000 288964.000 289390.000
  1380: 289412.000 289433.000 289468.000 289522.000 289541.000
  1385: 289666.000 289690.000 290521.000 290542.000 290555.000
  1390: 290606.000 290633.000 290655.000 290714.000 293821.000
  1395: 293852.000 293875.000 293891.000 293917.000 293941.000
  1400: 293976.000 294004.000 294050.000 295015.000 295068.000
  1405: 295088.000 295121.000 295157.000 295189.000 295201.000
  1410: 295221.000 295260.000 298857.000 298901.000 298936.000
  1415: 298957.000 299028.000 299045.000 299057.000 299076.000
  1420: 299166.000 299658.000 299699.000 299725.000 299746.000
  1425: 299775.000 299800.000 299849.000 300443.000 300466.000
  1430: 300500.000 300536.000 300554.000 300581.000 300601.000
  1435: 300655.000 300771.000 301314.000 301344.000 301371.000
  1440: 324981.000 324990.000 325026.000 325053.000 325090.000
  1445: 325145.000 334415.000 334452.000 334471.000 350895.000
  1450: 350947.000 350975.000 351056.000 351081.000 352000.000
  1455: 352029.000 352050.000 352074.000 352089.000 352121.000
  1460: 352154.000 352639.000 352660.000 352674.000 352697.000
  1465: 352723.000 352755.000 352778.000 352837.000 352860.000
D:
     0: 10538.000 11525.000 15695.000 17942.000 20013.000
     5: 24406.000 26029.000 27766.000 29294.000 33297.000
    10: 34788.000 35926.000 38415.000 41454.000 44504.000
    15: 45706.000 48111.000 50578.000 51708.000 54764.000
    20: 57129.000 58273.000 61020.000 64306.000 66294.000
    25: 67190.000 68704.000 69622.000 71247.000 72256.000
    30: 73273.000 74248.000 75322.000 77920.000 79474.000
    35: 81253.000 82126.000 83298.000 84824.000 92051.000
    40: 93383.000 94751.000 95758.000 97795.000 98944.000
    45: 100365.000 102104.000 103038.000 105207.000 107490.000
    50: 108894.000 109791.000 110574.000 112307.000 113299.000
    55: 114322.000 119165.000 121093.000 122113.000 125104.000
    60: 127425.000 129033.000 132006.000 132861.000 134047.000
    65: 134792.000 138965.000 139936.000 148268.000 149760.000
    70: 151665.000 156154.000 161099.000 167770.000 171228.000
    75: 176208.000 178569.000 180107.000 180996.000 184891.000
    80: 186338.000 187368.000 188270.000 190972.000 196660.000
    85: 197775.000 210280.000 211630.000 213460.000 214573.000
    90: 218615.000 221627.000 235169.000 236111.000 239429.000
    95: 240253.000 241089.000 247479.000 251825.000 289690.000
   100: 294004.000 295221.000 299076.000 300655.000 352837.000
E:
     0:  209.000 4362.000 5055.000 6891.000 7683.000
     5: 8377.000 10016.000 10729.000 11084.000 11095.000
    10: 11688.000 13729.000 13733.000 14629.000 15280.000
    15: 16059.000 18125.000 20332.000 21443.000 22574.000
    20: 23291.000 23931.000 24711.000 26243.000 28025.000
    25: 29519.000 30073.000 30643.000 31548.000 32224.000
    30: 32949.000 32955.000 33602.000 34936.000 34953.000
    35: 36242.000 37684.000 38642.000 39918.000 39920.000
    40: 41068.000 41703.000 42830.000 43563.000 44107.000
    45: 44645.000 45910.000 46992.000 47690.000 48409.000
    50: 49297.000 49981.000 50749.000 52028.000 53070.000
    55: 53638.000 54290.000 55006.000 56109.000 56801.000
    60: 57398.000 58530.000 61282.000 61285.000 62361.000
    65: 62870.000 63353.000 63895.000 64529.000 65863.000
    70: 66437.000 67325.000 68227.000 68361.000 68874.000
    75: 69786.000 70898.000 71566.000 72497.000 73536.000
    80: 74588.000 75555.000 76501.000 77151.000 78227.000
    85: 79111.000 79796.000 80864.000 81633.000 81637.000
    90: 82405.000 83471.000 84450.000 85055.000 88651.000
    95: 91352.000 91362.000 92256.000 93800.000 95044.000
   100: 96028.000 96924.000 97488.000 98111.000 99110.000
   105: 100058.000 100741.000 101769.000 102345.000 103235.000
   110: 104852.000 105478.000 107076.000 107091.000 107712.000
   115: 109112.000 109114.000 110034.000 110790.000 111928.000
   120: 112555.000 113473.000 114566.000 118628.000 119402.000
   125: 120609.000 121385.000 122332.000 123232.000 123937.000
   130: 124621.000 125356.000 126954.000 127667.000 128575.000
   135: 129284.000 132267.000 133121.000 133124.000 134273.000
   140: 135533.000 135538.000 139191.000 140228.000 147393.000
   145: 148775.000 149962.000 151331.000 151932.000 155628.000
   150: 156341.000 156345.000 160530.000 160542.000 161398.000
   155: 167922.000 169079.000 169083.000 169623.000 170237.000
   160: 170892.000 171519.000 172520.000 175586.000 175877.000
   165: 176439.000 177557.000 177561.000 178281.000 178834.000
   170: 179677.000 180331.000 181205.000 185095.000 185111.000
   175: 186036.000 186594.000 187616.000 188644.000 190509.000
   180: 191331.000 196939.000 196944.000 197932.000 203638.000
   185: 204502.000 209480.000 210533.000 211978.000 211980.000
   190: 213742.000 214886.000 218186.000 218901.000 221097.000
   195: 221744.000 231279.000 231650.000 234069.000 234661.000
   200: 235324.000 236336.000 239669.000 239679.000 240540.000
   205: 241314.000 244546.000 246961.000 247720.000 251253.000
   210: 251258.000 251953.000 259050.000 274953.000 284579.000
   215: 287644.000 288326.000 289140.000 289157.000 289870.000
   220: 289879.000 290850.000 290854.000 293243.000 294197.000
   225: 295427.000 298524.000 299325.000 300044.000 300048.000
   230: 300910.000 306671.000 315800.000 318948.000 324289.000
   235: 325270.000 328942.000 332683.000 334734.000 334741.000
   240: 350217.000 351290.000 352329.000 353005.000 358589.000
Q:
     0: 7318.000 9620.000 10328.000 13306.000 15548.000
     5: 17743.000 23537.000 25816.000 29069.000 30320.000
    10: 32514.000 34473.000 35752.000 39472.000 41283.000
    15: 43725.000 45508.000 47368.000 49013.000 49560.000
    20: 52680.000 53313.000 55716.000 56956.000 58120.000
    25: 62024.000 62999.000 64088.000 67023.000 69403.000
    30: 71069.000 73034.000 74060.000 76692.000 77722.000
    35: 79315.000 81025.000 84112.000 84631.000 91038.000
    40: 94588.000 95609.000 97618.000 100204.000 101926.000
    45: 104017.000 105037.000 108677.000 110383.000 112128.000
    50: 115216.000 118977.000 121938.000 124146.000 127262.000
    55: 128804.000 131805.000 134643.000 139648.000 148132.000
    60: 155203.000 157923.000 160830.000 169287.000 170420.000
    65: 171024.000 176044.000 177858.000 179916.000 180782.000
    70: 186187.000 187173.000 190719.000 197500.000 210130.000
    75: 213226.000 214407.000 218457.000 234313.000 235888.000
    80: 240066.000 240902.000 251635.000 259533.000 288029.000
    85: 289390.000 290521.000 298857.000 299658.000 324981.000
    90: 350895.000 352000.000
