File: C:\MED-PC\Data\2019-07-31_11h06m_Subject 19013.txt


Start Date: 07/31/19
End Date: 07/31/19
Subject: 19013
Experiment: 
Group: 0
Box: 4
Start Time: 11:06:14
End Time: 12:11:41
MSN: FR8 8p First Lever Laser 50
B:   8.000
F:   1.000
H: 139.000
L: 494.000
R:  36.000
U:  31.000
V:  76.000
A:
     0:    0.000    1.000
C:
     0: 24477.000 24718.000 24855.000 24914.000 25219.000
     5: 29084.000 29319.000 29356.000 29375.000 29704.000
    10: 29749.000 29764.000 29837.000 30099.000 30118.000
    15: 32242.000 32308.000 32332.000 32351.000 32382.000
    20: 32466.000 32571.000 38715.000 38881.000 38893.000
    25: 38971.000 38984.000 39435.000 39460.000 39499.000
    30: 41395.000 41439.000 41562.000 41673.000 41769.000
    35: 41936.000 41958.000 42088.000 45434.000 45455.000
    40: 45469.000 45527.000 45582.000 45597.000 46825.000
    45: 46852.000 46895.000 46947.000 46991.000 47045.000
    50: 47805.000 47828.000 47849.000 47932.000 47973.000
    55: 48004.000 48016.000 48841.000 48861.000 48891.000
    60: 48919.000 48968.000 48980.000 49021.000 49038.000
    65: 49094.000 49108.000 49164.000 49247.000 49340.000
    70: 51222.000 51263.000 51284.000 51307.000 51350.000
    75: 51407.000 51460.000 51493.000 51507.000 51590.000
    80: 53177.000 53234.000 53277.000 53306.000 53367.000
    85: 53385.000 53398.000 53434.000 53468.000 53478.000
    90: 53534.000 53547.000 53572.000 53628.000 63797.000
    95: 63838.000 63880.000 63892.000 63931.000 63978.000
   100: 64028.000 64041.000 64955.000 64976.000 64994.000
   105: 65021.000 65076.000 65103.000 65151.000 65163.000
   110: 65425.000 65447.000 65467.000 65505.000 65546.000
   115: 65561.000 65657.000 67525.000 67647.000 67673.000
   120: 67686.000 67711.000 67736.000 67763.000 67778.000
   125: 67796.000 67947.000 67969.000 67997.000 68020.000
   130: 68038.000 68068.000 68088.000 68129.000 68276.000
   135: 69538.000 69557.000 69597.000 69624.000 69663.000
   140: 69675.000 71673.000 72525.000 72558.000 72595.000
   145: 72678.000 72720.000 73707.000 73729.000 73778.000
   150: 73796.000 73814.000 73861.000 73871.000 73914.000
   155: 74042.000 75199.000 75246.000 75301.000 75325.000
   160: 75379.000 75402.000 75461.000 76166.000 76207.000
   165: 76245.000 76282.000 76317.000 76354.000 76366.000
   170: 76402.000 76441.000 76469.000 82255.000 82287.000
   175: 82322.000 82376.000 82456.000 82474.000 82902.000
   180: 82935.000 82964.000 82992.000 83007.000 83035.000
   185: 83049.000 83092.000 83131.000 83161.000 84191.000
   190: 84239.000 84285.000 84303.000 84358.000 84376.000
   195: 84408.000 84441.000 84454.000 84478.000 84527.000
   200: 84578.000 84698.000 86088.000 86118.000 86183.000
   205: 86208.000 86249.000 86291.000 86338.000 86402.000
   210: 87725.000 87765.000 87824.000 87866.000 87876.000
   215: 87899.000 87955.000 88692.000 88799.000 88832.000
   220: 88883.000 88928.000 88977.000 88994.000 89238.000
   225: 89265.000 89346.000 91054.000 91086.000 91113.000
   230: 91157.000 91192.000 91210.000 91230.000 91312.000
   235: 91445.000 92427.000 92437.000 92462.000 92479.000
   240: 92524.000 92572.000 92614.000 92665.000 92712.000
   245: 94219.000 94241.000 94254.000 94266.000 94293.000
   250: 94306.000 94396.000 94433.000 94447.000 94534.000
   255: 94658.000 94714.000 94775.000 99035.000 99056.000
   260: 99102.000 99154.000 101083.000 101161.000 101174.000
   265: 101208.000 101246.000 101281.000 101298.000 101357.000
   270: 101376.000 101395.000 101512.000 103179.000 103226.000
   275: 103267.000 103296.000 103316.000 103345.000 103358.000
   280: 103430.000 103481.000 103542.000 104680.000 104730.000
   285: 104779.000 104824.000 104845.000 104891.000 104917.000
   290: 104933.000 104988.000 106234.000 106264.000 106303.000
   295: 106338.000 106358.000 106416.000 106428.000 106512.000
   300: 106540.000 106647.000 107781.000 107810.000 107843.000
   305: 107901.000 107935.000 107966.000 108042.000 108954.000
   310: 109109.000 109168.000 109202.000 109247.000 109257.000
   315: 109328.000 109338.000 109429.000 111121.000 111146.000
   320: 111171.000 111217.000 111248.000 111266.000 111294.000
   325: 111369.000 111425.000 112318.000 112358.000 112418.000
   330: 112446.000 112512.000 123995.000 135459.000 135522.000
   335: 135542.000 135644.000 135689.000 136387.000 136424.000
   340: 136490.000 136503.000 136544.000 136583.000 136625.000
   345: 136722.000 142455.000 142503.000 142551.000 142673.000
   350: 142723.000 142768.000 142814.000 142875.000 143820.000
   355: 143855.000 143886.000 143914.000 143930.000 143959.000
   360: 143981.000 144056.000 145093.000 145209.000 145229.000
   365: 145264.000 145321.000 146153.000 146175.000 146235.000
   370: 146254.000 146270.000 146349.000 146409.000 147099.000
   375: 147131.000 147198.000 147232.000 147266.000 147279.000
   380: 176037.000 182131.000 182174.000 182286.000 182327.000
   385: 183908.000 183921.000 183996.000 184866.000 187104.000
   390: 187275.000 187301.000 187535.000 187553.000 187653.000
   395: 187675.000 187697.000 187725.000 188971.000 188990.000
   400: 189042.000 189072.000 189088.000 189120.000 189133.000
   405: 189148.000 189222.000 190258.000 190307.000 190333.000
   410: 190393.000 190435.000 190444.000 190463.000 190485.000
   415: 191926.000 192008.000 192023.000 192041.000 192081.000
   420: 192101.000 192729.000 192761.000 192783.000 192838.000
   425: 192853.000 192930.000 192984.000 193040.000 193061.000
   430: 194221.000 194227.000 194245.000 194293.000 194458.000
   435: 194472.000 194489.000 194529.000 194541.000 194601.000
   440: 195867.000 195904.000 195988.000 196001.000 196045.000
   445: 196083.000 196861.000 196919.000 196960.000 197005.000
   450: 197020.000 197078.000 197099.000 197585.000 197608.000
   455: 197752.000 197774.000 197813.000 197826.000 197868.000
   460: 197880.000 197998.000 199243.000 199266.000 199368.000
   465: 199383.000 199404.000 199430.000 199467.000 199478.000
   470: 199547.000 199566.000 212388.000 212521.000 215674.000
   475: 215913.000 215932.000 215960.000 216069.000 227944.000
   480: 235353.000 236181.000 237437.000 237472.000 245540.000
   485: 245690.000 245709.000 245725.000 245749.000 245921.000
   490: 245959.000 246007.000 246022.000 246068.000
D:
     0: 29837.000 39499.000 42088.000 49038.000 51493.000
     5: 53434.000 64041.000 65163.000 67778.000 73914.000
    10: 76402.000 83092.000 84441.000 86402.000 89238.000
    15: 91312.000 92665.000 94433.000 101357.000 103430.000
    20: 104933.000 106512.000 109338.000 111369.000 136490.000
    25: 142875.000 144056.000 184866.000 187697.000 189148.000
    30: 190485.000 193040.000 194529.000 197880.000 199478.000
    35: 246007.000
E:
     0: 1276.000 15830.000 23240.000 23258.000 25873.000
     5: 30501.000 31376.000 33239.000 37560.000 39970.000
    10: 40914.000 40934.000 42456.000 44165.000 45900.000
    15: 47248.000 47296.000 48441.000 49474.000 51817.000
    20: 51826.000 53842.000 57436.000 58316.000 63071.000
    25: 64161.000 66073.000 68585.000 70075.000 71928.000
    30: 72977.000 74238.000 75661.000 75743.000 76679.000
    35: 78463.000 80070.000 81688.000 82569.000 82579.000
    40: 83458.000 84829.000 84836.000 84856.000 84876.000
    45: 84888.000 84898.000 84902.000 86671.000 86716.000
    50: 88202.000 89590.000 89597.000 89617.000 89631.000
    55: 89729.000 90661.000 91671.000 92841.000 93375.000
    60: 93393.000 94873.000 94901.000 98413.000 98426.000
    65: 98435.000 100069.000 100513.000 101860.000 101867.000
    70: 101877.000 103810.000 103817.000 105175.000 105281.000
    75: 106832.000 108440.000 108454.000 109598.000 109741.000
    80: 111595.000 111605.000 112920.000 114326.000 114345.000
    85: 116806.000 122207.000 132063.000 134818.000 137376.000
    90: 138032.000 139266.000 141797.000 141942.000 143013.000
    95: 143016.000 144172.000 144217.000 145635.000 146668.000
   100: 147573.000 163660.000 170739.000 179821.000 185875.000
   105: 185882.000 185905.000 185914.000 186629.000 187870.000
   110: 187951.000 187973.000 188011.000 188699.000 189309.000
   115: 189370.000 190770.000 190933.000 192222.000 192229.000
   120: 193237.000 193307.000 195030.000 196404.000 197271.000
   125: 198215.000 198349.000 199645.000 205936.000 205988.000
   130: 210128.000 213734.000 215029.000 215064.000 225027.000
   135: 239389.000 246195.000 246294.000 250867.000
Q:
     0: 24477.000 38715.000 41395.000 46825.000 48841.000
     5: 63797.000 67525.000 71673.000 73707.000 75199.000
    10: 82255.000 84191.000 88692.000 91054.000 94219.000
    15: 103179.000 104680.000 108954.000 111121.000 123995.000
    20: 142455.000 145093.000 176037.000 187104.000 188971.000
    25: 192729.000 194221.000 197585.000 199243.000 215674.000
    30: 245540.000
\300
