File: C:\MED-PC\Data\2019-07-26_10h30m_Subject 19010.txt


Start Date: 07/26/19
End Date: 07/26/19
Subject: 19010
Experiment: 
Group: 1
Box: 1
Start Time: 10:30:13
End Time: 11:32:32
MSN: FR8 8p First Lever Laser 50
B:   8.000
F:   1.000
H: 123.000
L: 100.000
R:   4.000
U:  10.000
V:  10.000
A:
     0:    0.000    1.000
C:
     0: 19915.000 20910.000 21002.000 29119.000 29277.000
     5: 30860.000 30882.000 30929.000 30942.000 30969.000
    10: 31132.000 31212.000 31245.000 36197.000 36794.000
    15: 40092.000 46928.000 47109.000 47131.000 47637.000
    20: 47664.000 47837.000 48632.000 48840.000 49374.000
    25: 49412.000 49500.000 49578.000 52155.000 52250.000
    30: 52300.000 52346.000 52370.000 52464.000 52521.000
    35: 93539.000 93551.000 93593.000 94245.000 94346.000
    40: 94487.000 97373.000 97389.000 97477.000 98631.000
    45: 98649.000 98700.000 98741.000 98758.000 98773.000
    50: 98784.000 98836.000 98862.000 98877.000 98920.000
    55: 98989.000 99016.000 99130.000 108240.000 109077.000
    60: 109115.000 109212.000 109291.000 110259.000 110319.000
    65: 110420.000 135411.000 136137.000 186326.000 186457.000
    70: 186984.000 191343.000 191512.000 191545.000 209228.000
    75: 289607.000 290311.000 290350.000 290449.000 290598.000
    80: 291354.000 291404.000 291540.000 291551.000 291599.000
    85: 291677.000 291776.000 293635.000 293673.000 293741.000
    90: 293804.000 293848.000 293857.000 294437.000 294465.000
    95: 338271.000 338286.000 338328.000 338644.000 351549.000
D:
     0: 31245.000 98836.000 291540.000 294465.000
E:
     0: 8606.000 8626.000 8661.000 8753.000 10701.000
     5: 16703.000 16728.000 16732.000 22481.000 22518.000
    10: 22722.000 22877.000 22904.000 22953.000 22957.000
    15: 22962.000 22968.000 22969.000 22990.000 26107.000
    20: 26898.000 27304.000 29608.000 29695.000 31369.000
    25: 31433.000 33773.000 35584.000 37149.000 38399.000
    30: 45927.000 48036.000 49679.000 49742.000 51816.000
    35: 52642.000 52662.000 52859.000 55778.000 56002.000
    40: 56071.000 60917.000 61050.000 76078.000 77350.000
    45: 78917.000 81247.000 81255.000 81279.000 81295.000
    50: 94776.000 97618.000 98115.000 98148.000 98163.000
    55: 98171.000 98178.000 98193.000 98199.000 99309.000
    60: 99431.000 99554.000 100410.000 100516.000 101455.000
    65: 101477.000 103293.000 103550.000 104620.000 104784.000
    70: 104789.000 105811.000 107891.000 109575.000 109715.000
    75: 113737.000 114133.000 114145.000 124676.000 124709.000
    80: 124789.000 128218.000 131435.000 144884.000 149765.000
    85: 152316.000 152426.000 158360.000 158376.000 167371.000
    90: 167499.000 178731.000 185669.000 191941.000 200717.000
    95: 229736.000 232258.000 234242.000 235785.000 237038.000
   100: 238846.000 243674.000 243872.000 243941.000 247590.000
   105: 247719.000 247808.000 265308.000 274769.000 280039.000
   110: 289185.000 291990.000 297429.000 299396.000 309460.000
   115: 315832.000 317534.000 319897.000 323544.000 334916.000
   120: 339052.000 340590.000 340627.000
Q:
     0: 19915.000 36197.000 46928.000 48632.000 93539.000
     5: 108240.000 135411.000 186326.000 289607.000 351549.000
