File: C:\MED-PC\Data\2019-08-03_10h08m_Subject 19001.txt


Start Date: 08/03/19
End Date: 08/03/19
Subject: 19001
Experiment: 
Group: 1
Box: 4
Start Time: 10:08:22
End Time: 11:08:32
MSN: FR8 8p First Lever Laser 50
B:   8.000
F:   1.000
H: 190.000
L: 913.000
R:  55.000
U:  67.000
V:  95.000
A:
     0:    0.000    1.000
C:
     0: 16431.000 16559.000 16625.000 16871.000 16888.000
     5: 16955.000 17123.000 17166.000 26840.000 26916.000
    10: 26988.000 27177.000 27209.000 27425.000 27472.000
    15: 27658.000 27701.000 27763.000 27838.000 27869.000
    20: 27902.000 29426.000 29556.000 29618.000 29760.000
    25: 29948.000 30090.000 30151.000 30185.000 30205.000
    30: 30313.000 31935.000 32056.000 32175.000 32212.000
    35: 32842.000 32864.000 32890.000 32949.000 32975.000
    40: 33004.000 33056.000 33118.000 33199.000 35629.000
    45: 35712.000 35757.000 36023.000 36092.000 36245.000
    50: 36353.000 36402.000 36479.000 37875.000 37970.000
    55: 37991.000 38013.000 38054.000 38110.000 38141.000
    60: 38299.000 38412.000 39957.000 40282.000 40547.000
    65: 40593.000 40652.000 40719.000 40802.000 41606.000
    70: 41638.000 41707.000 41760.000 41948.000 42111.000
    75: 42302.000 42398.000 42431.000 42475.000 43726.000
    80: 43767.000 43810.000 43903.000 43959.000 44555.000
    85: 44595.000 44627.000 44694.000 45262.000 45301.000
    90: 45399.000 45551.000 45583.000 45667.000 46651.000
    95: 46714.000 46772.000 46866.000 46891.000 46955.000
   100: 47573.000 47646.000 47669.000 52568.000 52676.000
   105: 56423.000 56585.000 56715.000 57022.000 57205.000
   110: 59007.000 59141.000 59177.000 59190.000 59209.000
   115: 59223.000 59254.000 59317.000 59341.000 59374.000
   120: 59394.000 63060.000 63094.000 67763.000 68647.000
   125: 68695.000 68744.000 68871.000 68975.000 69012.000
   130: 69221.000 69284.000 69359.000 69401.000 70558.000
   135: 70595.000 70659.000 70772.000 70867.000 70902.000
   140: 71489.000 71609.000 71714.000 71757.000 71798.000
   145: 72168.000 72294.000 72324.000 74145.000 74233.000
   150: 74284.000 74401.000 74705.000 74783.000 74845.000
   155: 74869.000 76279.000 76329.000 76351.000 76392.000
   160: 76456.000 76525.000 76564.000 77147.000 77193.000
   165: 77333.000 77446.000 77477.000 77525.000 77922.000
   170: 77948.000 78043.000 78186.000 79949.000 80017.000
   175: 80061.000 80169.000 80636.000 80737.000 80770.000
   180: 80882.000 80910.000 80940.000 80986.000 80996.000
   185: 81041.000 82321.000 82578.000 82612.000 82639.000
   190: 83058.000 83124.000 83627.000 83683.000 83694.000
   195: 83714.000 83734.000 83791.000 83854.000 83907.000
   200: 85295.000 85542.000 85966.000 86012.000 86063.000
   205: 86190.000 86218.000 86623.000 86787.000 86947.000
   210: 87156.000 87300.000 87336.000 87347.000 87435.000
   215: 87565.000 88926.000 88958.000 89025.000 89049.000
   220: 89068.000 89124.000 89233.000 89316.000 90546.000
   225: 90724.000 91328.000 91491.000 92044.000 92108.000
   230: 92131.000 92201.000 92266.000 92334.000 92386.000
   235: 92408.000 93615.000 93654.000 93828.000 94129.000
   240: 94249.000 94269.000 94415.000 94447.000 95741.000
   245: 95814.000 95834.000 95883.000 95908.000 96010.000
   250: 96043.000 96122.000 97303.000 97440.000 97479.000
   255: 97526.000 97589.000 97625.000 97642.000 97663.000
   260: 97683.000 97732.000 97789.000 99144.000 99187.000
   265: 99295.000 99385.000 99443.000 99705.000 101122.000
   270: 101202.000 101217.000 101236.000 101302.000 101361.000
   275: 101382.000 101420.000 101473.000 103692.000 103776.000
   280: 103854.000 104020.000 104570.000 104679.000 104801.000
   285: 105246.000 105359.000 105667.000 105952.000 105976.000
   290: 106051.000 106116.000 106592.000 106675.000 106720.000
   295: 106746.000 106773.000 106878.000 106958.000 107362.000
   300: 107422.000 107441.000 107469.000 107515.000 107563.000
   305: 107731.000 107802.000 112000.000 114920.000 115084.000
   310: 115150.000 115156.000 116416.000 117492.000 117526.000
   315: 118180.000 118244.000 118434.000 119058.000 119148.000
   320: 119214.000 119608.000 119731.000 119770.000 119826.000
   325: 119850.000 119947.000 120620.000 120721.000 120862.000
   330: 120942.000 120997.000 121337.000 122077.000 122215.000
   335: 122950.000 123946.000 123958.000 124008.000 124367.000
   340: 124913.000 125170.000 125198.000 125218.000 125882.000
   345: 125936.000 125964.000 126011.000 126133.000 127161.000
   350: 127497.000 127541.000 127560.000 127607.000 127632.000
   355: 127676.000 127751.000 128113.000 128131.000 128217.000
   360: 128296.000 129078.000 131027.000 131100.000 131254.000
   365: 131325.000 131346.000 131366.000 131466.000 132626.000
   370: 132894.000 136639.000 136733.000 136749.000 138320.000
   375: 138418.000 138454.000 139214.000 139289.000 139351.000
   380: 139510.000 139541.000 139590.000 139919.000 139980.000
   385: 139996.000 140029.000 140066.000 140163.000 140602.000
   390: 141023.000 142198.000 142281.000 145396.000 145589.000
   395: 146274.000 146554.000 147110.000 152649.000 152952.000
   400: 155056.000 157003.000 157100.000 157255.000 159446.000
   405: 159525.000 159599.000 159611.000 159638.000 159687.000
   410: 159709.000 159732.000 159796.000 161763.000 161907.000
   415: 161970.000 162651.000 163033.000 163396.000 163437.000
   420: 163475.000 165112.000 165728.000 168462.000 168532.000
   425: 168540.000 168642.000 169806.000 170054.000 170102.000
   430: 170565.000 170993.000 171008.000 171030.000 171070.000
   435: 171125.000 171233.000 171253.000 171353.000 171368.000
   440: 171404.000 171621.000 173432.000 173478.000 173935.000
   445: 174153.000 175172.000 175591.000 175618.000 176101.000
   450: 176277.000 178626.000 179702.000 179798.000 179826.000
   455: 179843.000 179963.000 180405.000 181941.000 182054.000
   460: 182283.000 182923.000 184518.000 188132.000 191052.000
   465: 192638.000 193737.000 194035.000 194069.000 195219.000
   470: 195283.000 195531.000 197715.000 197920.000 197938.000
   475: 197969.000 198037.000 198087.000 198230.000 199005.000
   480: 199089.000 199102.000 199176.000 199727.000 199844.000
   485: 200475.000 200499.000 200532.000 200586.000 202148.000
   490: 202197.000 202376.000 202432.000 202467.000 202717.000
   495: 202882.000 202904.000 202926.000 202945.000 204430.000
   500: 204686.000 205039.000 205819.000 205831.000 206209.000
   505: 206291.000 206340.000 206361.000 206393.000 207836.000
   510: 208133.000 208639.000 208903.000 209457.000 209506.000
   515: 209593.000 209634.000 209657.000 209675.000 209729.000
   520: 209758.000 209809.000 209858.000 209921.000 211027.000
   525: 211104.000 211189.000 211898.000 212032.000 212073.000
   530: 212111.000 212738.000 212769.000 212952.000 212964.000
   535: 213003.000 213130.000 213514.000 213978.000 214118.000
   540: 214209.000 214474.000 215086.000 215184.000 215623.000
   545: 215706.000 219814.000 219927.000 220301.000 221227.000
   550: 225913.000 226378.000 226398.000 226419.000 226690.000
   555: 227032.000 227087.000 227169.000 227195.000 227226.000
   560: 227249.000 227291.000 227346.000 227362.000 227545.000
   565: 227624.000 229253.000 229322.000 229386.000 229506.000
   570: 229566.000 230022.000 230071.000 230103.000 230152.000
   575: 230287.000 230310.000 231583.000 231652.000 231670.000
   580: 231730.000 231852.000 233038.000 233667.000 233760.000
   585: 235115.000 235187.000 235216.000 235240.000 235274.000
   590: 235310.000 235331.000 235507.000 235638.000 236960.000
   595: 237144.000 237226.000 237396.000 237474.000 238264.000
   600: 238329.000 238458.000 238922.000 240337.000 241909.000
   605: 241998.000 242147.000 242170.000 247164.000 249990.000
   610: 251057.000 251906.000 253827.000 254982.000 255672.000
   615: 255831.000 255940.000 256409.000 256473.000 257031.000
   620: 257085.000 257230.000 257343.000 257407.000 257594.000
   625: 259220.000 259333.000 259397.000 259479.000 259579.000
   630: 259825.000 259889.000 260279.000 260314.000 260329.000
   635: 260390.000 260411.000 260426.000 260448.000 260514.000
   640: 260581.000 260639.000 260754.000 260822.000 260923.000
   645: 261126.000 262549.000 262602.000 262652.000 262738.000
   650: 263121.000 263819.000 269694.000 270090.000 270130.000
   655: 270139.000 270152.000 270160.000 270452.000 270836.000
   660: 271114.000 273786.000 274066.000 275149.000 275192.000
   665: 275212.000 275249.000 275281.000 275369.000 275422.000
   670: 275767.000 275950.000 277433.000 279814.000 279977.000
   675: 279991.000 280016.000 280132.000 280166.000 280194.000
   680: 280211.000 280257.000 280304.000 281359.000 281491.000
   685: 281560.000 282391.000 282521.000 282578.000 282796.000
   690: 283532.000 283595.000 283629.000 283687.000 284107.000
   695: 284344.000 284713.000 284817.000 286096.000 286146.000
   700: 286177.000 286212.000 286345.000 286385.000 286511.000
   705: 286674.000 288023.000 288074.000 288101.000 288114.000
   710: 288192.000 288224.000 288289.000 288347.000 288362.000
   715: 288381.000 288399.000 288429.000 288504.000 290009.000
   720: 290114.000 290269.000 291251.000 292846.000 293465.000
   725: 303658.000 303896.000 304497.000 304667.000 304679.000
   730: 304702.000 304720.000 304734.000 306097.000 306179.000
   735: 306200.000 306349.000 306396.000 306852.000 306957.000
   740: 307298.000 307309.000 307719.000 308298.000 308338.000
   745: 308366.000 308447.000 308477.000 308505.000 308520.000
   750: 308555.000 308597.000 309913.000 309965.000 310190.000
   755: 311377.000 312131.000 312292.000 312307.000 312768.000
   760: 312903.000 313913.000 313927.000 313969.000 314013.000
   765: 314101.000 314120.000 314160.000 314196.000 315494.000
   770: 315597.000 315622.000 315769.000 316479.000 317255.000
   775: 317312.000 317369.000 317410.000 317455.000 317471.000
   780: 317496.000 317547.000 318867.000 318906.000 318931.000
   785: 318954.000 318990.000 319014.000 319088.000 319122.000
   790: 319209.000 320417.000 321967.000 322490.000 322587.000
   795: 322631.000 322660.000 322714.000 322783.000 322881.000
   800: 323320.000 323448.000 323590.000 324613.000 325051.000
   805: 325105.000 325196.000 325246.000 325264.000 325319.000
   810: 325808.000 325853.000 325870.000 325890.000 325916.000
   815: 325945.000 326993.000 327154.000 327217.000 327351.000
   820: 328081.000 328177.000 328276.000 328323.000 331339.000
   825: 331594.000 331613.000 331927.000 331986.000 332296.000
   830: 332343.000 332379.000 332401.000 332426.000 332478.000
   835: 332571.000 332598.000 332929.000 332990.000 333146.000
   840: 334585.000 335732.000 335783.000 336305.000 336353.000
   845: 336384.000 336399.000 336420.000 336442.000 336464.000
   850: 336484.000 336532.000 336600.000 336758.000 337407.000
   855: 337518.000 337542.000 337605.000 337637.000 338391.000
   860: 338521.000 339010.000 339038.000 339079.000 339128.000
   865: 339237.000 339263.000 339285.000 339424.000 339439.000
   870: 340040.000 340201.000 340855.000 341606.000 341751.000
   875: 341794.000 341824.000 342512.000 344819.000 345060.000
   880: 346129.000 346801.000 346904.000 346927.000 347107.000
   885: 347372.000 347486.000 349886.000 349958.000 350405.000
   890: 350521.000 351578.000 351929.000 351955.000 351965.000
   895: 351983.000 351997.000 352189.000 352209.000 353253.000
   900: 353473.000 357558.000 358022.000 358063.000 358075.000
   905: 358525.000 358559.000 358692.000 359038.000 359123.000
   910: 359412.000 359925.000 359986.000
D:
     0: 17166.000 27658.000 30185.000 33118.000 36402.000
     5: 38299.000 42398.000 45551.000 59317.000 69284.000
    10: 72324.000 74869.000 77948.000 80996.000 83907.000
    15: 87435.000 89316.000 92408.000 94447.000 96122.000
    20: 97663.000 101420.000 107802.000 131254.000 159638.000
    25: 163475.000 171253.000 195531.000 200499.000 202904.000
    30: 206340.000 209758.000 227346.000 230103.000 233760.000
    35: 235507.000 242147.000 257230.000 260514.000 270836.000
    40: 280211.000 284817.000 286674.000 288347.000 304734.000
    45: 308555.000 314196.000 317547.000 319122.000 325853.000
    50: 332598.000 336484.000 339424.000 351929.000 359986.000
E:
     0: 7349.000 8167.000 11182.000 13237.000 15240.000
     5: 17285.000 20375.000 26382.000 28118.000 30469.000
    10: 31583.000 32333.000 32337.000 33306.000 35136.000
    15: 36641.000 38520.000 40940.000 42566.000 42578.000
    20: 42583.000 43214.000 44161.000 44166.000 45808.000
    25: 47069.000 50393.000 50405.000 50408.000 55817.000
    30: 57396.000 58765.000 59503.000 62574.000 67942.000
    35: 69521.000 71081.000 72422.000 73862.000 75059.000
    40: 75063.000 76691.000 78313.000 80364.000 81155.000
    45: 82000.000 83264.000 84128.000 84989.000 86352.000
    50: 87700.000 87705.000 89488.000 91670.000 92592.000
    55: 94752.000 95523.000 96251.000 97065.000 98042.000
    60: 100324.000 102580.000 104957.000 106276.000 107115.000
    65: 112761.000 114633.000 117745.000 119337.000 120050.000
    70: 121160.000 122693.000 124652.000 125579.000 125583.000
    75: 127273.000 127922.000 131588.000 132215.000 136087.000
    80: 138596.000 139693.000 140348.000 143615.000 144784.000
    85: 152113.000 152509.000 156821.000 160253.000 161480.000
    90: 163603.000 163619.000 165881.000 168144.000 170301.000
    95: 170310.000 171749.000 174686.000 178117.000 181559.000
   100: 189204.000 195794.000 197410.000 198349.000 200781.000
   105: 201759.000 203112.000 204033.000 206963.000 207593.000
   110: 209065.000 210072.000 212242.000 213697.000 215350.000
   115: 219088.000 225503.000 226799.000 227741.000 228320.000
   120: 228914.000 230475.000 234014.000 234759.000 235803.000
   125: 237842.000 242331.000 246655.000 249506.000 255173.000
   130: 255443.000 257862.000 258885.000 259979.000 261315.000
   135: 262051.000 262277.000 267169.000 271341.000 272113.000
   140: 274228.000 274854.000 275562.000 279281.000 280435.000
   145: 280447.000 282966.000 285083.000 286880.000 288620.000
   150: 289750.000 292108.000 303099.000 304838.000 305518.000
   155: 305789.000 306529.000 307905.000 308101.000 308733.000
   160: 311548.000 313555.000 314310.000 315229.000 315291.000
   165: 316806.000 317767.000 318612.000 319281.000 320160.000
   170: 322107.000 322995.000 324699.000 326049.000 327548.000
   175: 330956.000 332076.000 333234.000 335903.000 336888.000
   180: 338693.000 339561.000 339565.000 341950.000 344503.000
   185: 346536.000 347197.000 352333.000 357134.000 358245.000
Q:
     0: 26840.000 29426.000 35629.000 39957.000 41606.000
     5: 44555.000 52568.000 56423.000 68647.000 71489.000
    10: 74145.000 77147.000 82321.000 85295.000 86623.000
    15: 90546.000 93615.000 99144.000 103692.000 105246.000
    20: 114920.000 118180.000 121337.000 122950.000 125882.000
    25: 128113.000 136639.000 140602.000 145396.000 161763.000
    30: 168462.000 170565.000 178626.000 181941.000 199005.000
    35: 204430.000 207836.000 211027.000 213978.000 219814.000
    40: 229253.000 231583.000 238264.000 249990.000 255672.000
    45: 262549.000 269694.000 275767.000 281359.000 283532.000
    50: 290009.000 303658.000 306852.000 309913.000 312131.000
    55: 315494.000 320417.000 323320.000 325051.000 328081.000
    60: 334585.000 337407.000 340040.000 344819.000 347372.000
    65: 353253.000 358525.000
