File: C:\MED-PC\Data\2019-07-29_09h51m_Subject 19007.txt



Start Date: 07/29/19
End Date: 07/29/19
Subject: 19007
Experiment: 
Group: 1
Box: 2
Start Time: 09:51:26
End Time: 10:53:08
MSN: FR8 8p First Lever Laser 50
B:   8.000
F:   1.000
H: 111.000
L: 161.000
R:  14.000
U:  10.000
V:  30.000
A:
     0:    0.000    1.000
C:
     0: 11216.000 11246.000 12472.000 12492.000 13555.000
     5: 16022.000 21726.000 27749.000 27802.000 27834.000
    10: 27860.000 27951.000 27975.000 27996.000 28046.000
    15: 28065.000 28085.000 28103.000 28315.000 30647.000
    20: 30687.000 30758.000 30779.000 30799.000 39743.000
    25: 39765.000 39780.000 39793.000 39826.000 39845.000
    30: 39867.000 39880.000 39896.000 39978.000 42301.000
    35: 42316.000 42345.000 42379.000 42389.000 42406.000
    40: 42426.000 42444.000 42536.000 42548.000 44424.000
    45: 44444.000 44455.000 44468.000 44491.000 44525.000
    50: 44550.000 44584.000 46361.000 46375.000 46390.000
    55: 46408.000 46439.000 46470.000 46573.000 46669.000
    60: 46687.000 48504.000 48556.000 48568.000 48613.000
    65: 48654.000 48664.000 48682.000 48761.000 50563.000
    70: 50587.000 50602.000 50621.000 50655.000 50675.000
    75: 51385.000 51400.000 51415.000 51427.000 51439.000
    80: 51451.000 51481.000 51497.000 51510.000 51524.000
    85: 51599.000 51645.000 51652.000 53116.000 53133.000
    90: 53149.000 53164.000 53177.000 53221.000 53243.000
    95: 53269.000 53307.000 53396.000 54550.000 54566.000
   100: 54580.000 54598.000 54630.000 54649.000 54726.000
   105: 54742.000 54766.000 56231.000 56243.000 56259.000
   110: 56271.000 56283.000 56306.000 56349.000 56413.000
   115: 56423.000 56456.000 58016.000 58023.000 58042.000
   120: 58055.000 58068.000 58088.000 58107.000 58185.000
   125: 58212.000 58249.000 58420.000 58442.000 59815.000
   130: 59833.000 59848.000 59869.000 59907.000 59921.000
   135: 59990.000 60023.000 60031.000 60049.000 61167.000
   140: 61190.000 61236.000 61249.000 61271.000 61287.000
   145: 61314.000 61324.000 61367.000 61402.000 61413.000
   150: 81812.000 81824.000 81845.000 81860.000 81879.000
   155: 81893.000 81923.000 81948.000 82022.000 82040.000
   160: 111464.000
D:
     0: 28046.000 39880.000 42444.000 44584.000 46669.000
     5: 48761.000 51497.000 53269.000 54742.000 56413.000
    10: 58185.000 60023.000 61324.000 81948.000
E:
     0: 6316.000 9578.000 9587.000 10791.000 13247.000
     5: 13254.000 17389.000 17403.000 17758.000 17768.000
    10: 17821.000 18215.000 21569.000 25167.000 25384.000
    15: 28481.000 30102.000 30930.000 34450.000 37723.000
    20: 39174.000 40288.000 41468.000 41785.000 42116.000
    25: 42688.000 43969.000 44066.000 44723.000 45976.000
    30: 46828.000 47911.000 48248.000 48956.000 50209.000
    35: 50863.000 51882.000 52655.000 53641.000 54957.000
    40: 55917.000 56871.000 58592.000 59538.000 60339.000
    45: 60348.000 61581.000 64644.000 67003.000 69999.000
    50: 73667.000 75118.000 77024.000 80159.000 81659.000
    55: 82190.000 82237.000 83653.000 86829.000 91722.000
    60: 91749.000 93934.000 95942.000 117466.000 125441.000
    65: 125454.000 142299.000 151849.000 152142.000 152157.000
    70: 152174.000 172853.000 175314.000 175334.000 175618.000
    75: 219476.000 232439.000 248372.000 248570.000 248573.000
    80: 248585.000 248610.000 248711.000 248720.000 249129.000
    85: 249566.000 249595.000 249608.000 249623.000 249635.000
    90: 249665.000 249687.000 250600.000 250618.000 250839.000
    95: 250856.000 250866.000 250885.000 251056.000 251069.000
   100: 251072.000 251083.000 251156.000 251382.000 251465.000
   105: 288715.000 288724.000 288812.000 306939.000 306944.000
   110: 309011.000
Q:
     0: 11216.000 27749.000 39743.000 44424.000 46361.000
     5: 51385.000 54550.000 58016.000 59815.000 111464.000
