File: C:\MED-PC\Data\2019-08-02_11h17m_Subject 19003.txt


Start Date: 08/02/19
End Date: 08/02/19
Subject: 19003
Experiment: 
Group: 1
Box: 4
Start Time: 11:17:28
End Time: 12:24:16
MSN: FR8 8p First Lever Laser 50
B:   8.000
F:   2.000
H: 258.000
L: 285.000
R:  17.000
U:  25.000
V:  17.000
A:
     0:    0.000    1.000
C:
     0: 17474.000 17948.000 17999.000 18014.000 18090.000
     5: 18121.000 22422.000 22675.000 22885.000 28566.000
    10: 28613.000 28967.000 29297.000 29454.000 29717.000
    15: 29775.000 35466.000 51718.000 56484.000 56704.000
    20: 73271.000 73345.000 74574.000 77309.000 77371.000
    25: 77380.000 77397.000 77433.000 77532.000 84251.000
    30: 86752.000 86785.000 86809.000 86887.000 87085.000
    35: 87650.000 91805.000 91861.000 91879.000 91929.000
    40: 91941.000 91961.000 92042.000 92400.000 92458.000
    45: 92505.000 92548.000 92741.000 93029.000 93183.000
    50: 93304.000 93434.000 98984.000 99020.000 99036.000
    55: 99050.000 99074.000 99100.000 99167.000 99243.000
    60: 99412.000 99426.000 109178.000 109519.000 110183.000
    65: 110376.000 110403.000 110424.000 110436.000 110476.000
    70: 110487.000 110502.000 110557.000 110607.000 110617.000
    75: 120998.000 121024.000 121780.000 121800.000 130831.000
    80: 130862.000 130888.000 131033.000 131104.000 131116.000
    85: 131135.000 131167.000 131210.000 131223.000 131258.000
    90: 135322.000 135392.000 135467.000 136109.000 136126.000
    95: 136175.000 136195.000 140985.000 141034.000 141061.000
   100: 141108.000 141123.000 141418.000 141443.000 141475.000
   105: 141488.000 141516.000 141602.000 141977.000 142232.000
   110: 145745.000 145863.000 146535.000 155260.000 155286.000
   115: 155301.000 155336.000 155675.000 155693.000 155710.000
   120: 155723.000 155737.000 165345.000 165718.000 165935.000
   125: 166524.000 166571.000 166599.000 166647.000 167262.000
   130: 172464.000 174581.000 174608.000 174666.000 174683.000
   135: 174696.000 174721.000 174739.000 174936.000 191152.000
   140: 191214.000 191287.000 191433.000 191821.000 191840.000
   145: 192565.000 192582.000 194270.000 201200.000 202223.000
   150: 202286.000 202314.000 202365.000 202583.000 202687.000
   155: 202744.000 202901.000 202919.000 202932.000 208195.000
   160: 208216.000 208240.000 208469.000 208498.000 208538.000
   165: 208548.000 208559.000 208575.000 211620.000 211660.000
   170: 211891.000 211924.000 212449.000 212467.000 212526.000
   175: 212731.000 213175.000 213191.000 216339.000 216408.000
   180: 216466.000 216629.000 216725.000 217146.000 217848.000
   185: 217884.000 217917.000 220829.000 220883.000 220895.000
   190: 220939.000 220973.000 221037.000 221064.000 221081.000
   195: 227115.000 227172.000 227213.000 227962.000 227981.000
   200: 228187.000 229040.000 229061.000 229104.000 229154.000
   205: 229509.000 230249.000 230786.000 230841.000 231631.000
   210: 231680.000 231720.000 231748.000 232355.000 232666.000
   215: 232691.000 232716.000 232770.000 232797.000 233031.000
   220: 238948.000 239044.000 241029.000 241088.000 241115.000
   225: 242040.000 242674.000 242769.000 242807.000 243172.000
   230: 246297.000 246338.000 246363.000 246380.000 246664.000
   235: 246686.000 246724.000 246757.000 246807.000 246819.000
   240: 247132.000 247174.000 251385.000 268713.000 268767.000
   245: 268820.000 269173.000 269530.000 269575.000 269665.000
   250: 278929.000 278953.000 279019.000 279270.000 279837.000
   255: 281810.000 284044.000 284165.000 284235.000 284473.000
   260: 284703.000 284719.000 284766.000 285084.000 285789.000
   265: 285811.000 286040.000 286072.000 286211.000 286273.000
   270: 286597.000 286724.000 286740.000 286810.000 292217.000
   275: 292268.000 311389.000 311545.000 311606.000 312157.000
   280: 312188.000 312520.000 312840.000 312863.000 320794.000
D:
     0: 35466.000 77433.000 93304.000 99243.000 110476.000
     5: 131167.000 142232.000 155723.000 167262.000 174936.000
    10: 202901.000 208559.000 217884.000 221081.000 243172.000
    15: 286810.000 312863.000
E:
     0:  755.000 1208.000 2031.000 3195.000 5997.000
     5: 6033.000 6058.000 8992.000 10084.000 10277.000
    10: 10605.000 18736.000 26346.000 26349.000 39452.000
    15: 40423.000 40546.000 40550.000 41776.000 46598.000
    20: 62042.000 62064.000 69862.000 81392.000 82915.000
    25: 83634.000 85184.000 85222.000 85258.000 85265.000
    30: 85277.000 85286.000 85733.000 87773.000 87786.000
    35: 87794.000 89093.000 89240.000 89961.000 89975.000
    40: 91151.000 92139.000 95585.000 96662.000 96693.000
    45: 97026.000 97141.000 97489.000 98007.000 98733.000
    50: 99561.000 100880.000 101329.000 101925.000 102071.000
    55: 102477.000 102481.000 103001.000 103197.000 104138.000
    60: 104163.000 104168.000 104540.000 105762.000 106679.000
    65: 107717.000 110717.000 110747.000 110749.000 111873.000
    70: 112088.000 112602.000 113994.000 114855.000 115293.000
    75: 116930.000 118763.000 125971.000 129006.000 131411.000
    80: 131918.000 132071.000 132428.000 133655.000 133662.000
    85: 133669.000 134801.000 136320.000 137714.000 138016.000
    90: 138763.000 140306.000 140834.000 141244.000 142481.000
    95: 143306.000 143351.000 143566.000 144000.000 144519.000
   100: 144667.000 146669.000 146675.000 152003.000 152158.000
   105: 152752.000 154082.000 155853.000 155860.000 155863.000
   110: 155964.000 156092.000 156819.000 156827.000 157515.000
   115: 159909.000 162459.000 162467.000 164298.000 168361.000
   120: 168386.000 170074.000 171552.000 171557.000 171623.000
   125: 171984.000 172743.000 173581.000 175055.000 175241.000
   130: 175748.000 175883.000 176335.000 176833.000 176849.000
   135: 177363.000 178020.000 178058.000 178209.000 188214.000
   140: 188657.000 189304.000 190772.000 192185.000 195928.000
   145: 198945.000 201899.000 203065.000 203303.000 203573.000
   150: 203767.000 203771.000 204059.000 205326.000 207287.000
   155: 208694.000 208917.000 209580.000 209676.000 210304.000
   160: 210315.000 211397.000 212079.000 212086.000 213371.000
   165: 213518.000 213565.000 213908.000 214777.000 215808.000
   170: 218213.000 219040.000 219045.000 219060.000 219207.000
   175: 219659.000 221337.000 222232.000 222492.000 222815.000
   180: 222825.000 224070.000 225459.000 228325.000 228518.000
   185: 229274.000 230387.000 231149.000 232481.000 232897.000
   190: 238342.000 239392.000 240004.000 243799.000 244678.000
   195: 244728.000 245098.000 246512.000 246530.000 246921.000
   200: 246943.000 246969.000 248089.000 248705.000 249935.000
   205: 250736.000 253131.000 254635.000 256551.000 256559.000
   210: 260222.000 261403.000 263774.000 268294.000 271964.000
   215: 271989.000 273846.000 278377.000 282907.000 282915.000
   220: 284887.000 285923.000 286974.000 287491.000 287640.000
   225: 288418.000 289269.000 291080.000 291838.000 292683.000
   230: 292970.000 292982.000 296180.000 302544.000 302705.000
   235: 306485.000 306585.000 306699.000 309522.000 315306.000
   240: 315873.000 316237.000 317005.000 317019.000 318569.000
   245: 319157.000 320904.000 322199.000 324310.000 328612.000
   250: 331027.000 331035.000 336838.000 336850.000 338335.000
   255: 341328.000 351867.000 352821.000
Q:
     0: 22422.000 28566.000 73271.000 86752.000 92400.000
     5: 120998.000 135322.000 141418.000 145745.000 172464.000
    10: 191152.000 201200.000 202223.000 212449.000 216339.000
    15: 227115.000 229509.000 231631.000 233031.000 241029.000
    20: 247132.000 268713.000 278929.000 286040.000 311389.000
