File: C:\MED-PC\Data\2019-07-29_13h07m_Subject 19004.txt


Start Date: 07/29/19
End Date: 07/29/19
Subject: 19004
Experiment: 
Group: 1
Box: 1
Start Time: 13:07:17
End Time: 14:11:49
MSN: FR8 8p First Lever Laser 50
B:   8.000
F:   2.000
H: 270.000
L: 1430.000
R: 108.000
U:  89.000
V: 102.000
A:
     0:    0.000    1.000
C:
     0: 19168.000 19189.000 19233.000 19250.000 19275.000
     5: 19329.000 19359.000 20058.000 20098.000 20109.000
    10: 20116.000 20149.000 20177.000 20199.000 20856.000
    15: 20914.000 20966.000 20982.000 21034.000 22036.000
    20: 22097.000 22142.000 22152.000 22174.000 22212.000
    25: 22240.000 22743.000 22782.000 22821.000 22844.000
    30: 22856.000 22872.000 22891.000 22937.000 22960.000
    35: 22985.000 23608.000 23617.000 23656.000 23750.000
    40: 23775.000 23793.000 23815.000 23825.000 23848.000
    45: 24700.000 24707.000 24763.000 24804.000 24821.000
    50: 24842.000 24865.000 24891.000 24916.000 24957.000
    55: 25012.000 26499.000 26514.000 26529.000 26576.000
    60: 26605.000 26623.000 26651.000 27226.000 27231.000
    65: 27253.000 27276.000 27299.000 27311.000 27343.000
    70: 27358.000 27385.000 27408.000 27433.000 28694.000
    75: 28713.000 28727.000 28740.000 28750.000 28762.000
    80: 28780.000 28801.000 28826.000 28852.000 28879.000
    85: 30011.000 30028.000 30040.000 30061.000 30080.000
    90: 30097.000 30121.000 30137.000 31390.000 31418.000
    95: 31451.000 31460.000 31480.000 31494.000 31512.000
   100: 31549.000 31573.000 31586.000 32540.000 32569.000
   105: 32589.000 32605.000 32630.000 32652.000 33211.000
   110: 33227.000 33273.000 33299.000 33318.000 33342.000
   115: 33381.000 33850.000 33859.000 33873.000 33913.000
   120: 33942.000 33991.000 34646.000 34678.000 34694.000
   125: 34736.000 34768.000 34786.000 34821.000 35152.000
   130: 35185.000 35197.000 35204.000 35215.000 35248.000
   135: 35256.000 35277.000 35313.000 35337.000 35360.000
   140: 38535.000 38566.000 38598.000 38608.000 38627.000
   145: 38647.000 38661.000 38679.000 38690.000 39426.000
   150: 39444.000 39456.000 39489.000 39514.000 39534.000
   155: 39551.000 39579.000 40525.000 40555.000 40574.000
   160: 40601.000 40625.000 40666.000 41215.000 41242.000
   165: 41246.000 41284.000 41300.000 41334.000 41357.000
   170: 41393.000 42139.000 42153.000 42186.000 42200.000
   175: 42222.000 42236.000 42247.000 42664.000 42680.000
   180: 42719.000 42743.000 42756.000 42774.000 42791.000
   185: 42815.000 42844.000 43591.000 43624.000 43636.000
   190: 43656.000 43669.000 43687.000 43726.000 43753.000
   195: 44596.000 44650.000 44671.000 44683.000 44706.000
   200: 44737.000 44752.000 44775.000 47459.000 47497.000
   205: 47505.000 47521.000 47561.000 47586.000 47596.000
   210: 47619.000 48243.000 48260.000 48284.000 48307.000
   215: 48324.000 48347.000 48370.000 48898.000 48949.000
   220: 48995.000 49032.000 49052.000 49084.000 49426.000
   225: 49484.000 49497.000 49527.000 49549.000 49575.000
   230: 49587.000 49610.000 50371.000 50398.000 50412.000
   235: 50431.000 50454.000 50468.000 50503.000 51103.000
   240: 52145.000 52159.000 52186.000 52200.000 52245.000
   245: 52278.000 52290.000 52307.000 52324.000 52345.000
   250: 52947.000 52961.000 52990.000 53002.000 53024.000
   255: 53041.000 53066.000 53088.000 53108.000 53917.000
   260: 53929.000 53940.000 53961.000 53974.000 53995.000
   265: 54017.000 54037.000 54054.000 54069.000 54899.000
   270: 54945.000 54964.000 55001.000 55014.000 55022.000
   275: 55045.000 55060.000 55914.000 55940.000 55964.000
   280: 55984.000 56025.000 56040.000 56063.000 56491.000
   285: 56522.000 56558.000 56569.000 56595.000 56609.000
   290: 56635.000 56651.000 56676.000 57420.000 57461.000
   295: 57477.000 57493.000 57517.000 57532.000 57557.000
   300: 57579.000 57609.000 58412.000 58444.000 58479.000
   305: 58496.000 58507.000 58521.000 58540.000 58555.000
   310: 58564.000 59337.000 59372.000 59389.000 59403.000
   315: 59417.000 59444.000 59465.000 59488.000 59499.000
   320: 60595.000 60637.000 60649.000 60660.000 60676.000
   325: 60707.000 60732.000 60742.000 60766.000 60789.000
   330: 61651.000 61682.000 61718.000 61740.000 61754.000
   335: 61767.000 61811.000 62170.000 62197.000 62234.000
   340: 62249.000 62283.000 62303.000 62317.000 62326.000
   345: 63027.000 63047.000 63081.000 63098.000 63133.000
   350: 63157.000 63187.000 63740.000 63751.000 63776.000
   355: 63800.000 63823.000 63838.000 63861.000 63881.000
   360: 63895.000 63907.000 63962.000 66982.000 67017.000
   365: 67028.000 67042.000 67058.000 67075.000 67088.000
   370: 67105.000 67124.000 67657.000 67686.000 67697.000
   375: 67718.000 67739.000 67758.000 67777.000 68171.000
   380: 68193.000 68217.000 68234.000 68259.000 68280.000
   385: 68303.000 68364.000 69085.000 69117.000 69145.000
   390: 69165.000 69183.000 69224.000 69712.000 69757.000
   395: 69770.000 69796.000 69815.000 69831.000 69840.000
   400: 69862.000 69885.000 70510.000 70522.000 70554.000
   405: 70576.000 70584.000 70622.000 70636.000 70649.000
   410: 70660.000 70673.000 71476.000 71523.000 71544.000
   415: 71554.000 71580.000 71605.000 71614.000 72147.000
   420: 72159.000 72192.000 72223.000 72238.000 72253.000
   425: 72276.000 72296.000 72324.000 72891.000 72897.000
   430: 72923.000 72937.000 72950.000 72965.000 72979.000
   435: 72994.000 73011.000 73028.000 73051.000 73715.000
   440: 73748.000 73754.000 73770.000 73793.000 73802.000
   445: 73832.000 73854.000 73871.000 73886.000 74610.000
   450: 74626.000 74645.000 74658.000 74673.000 74695.000
   455: 74715.000 74734.000 74753.000 74762.000 75382.000
   460: 75408.000 75426.000 75446.000 75453.000 75474.000
   465: 75488.000 75521.000 75534.000 75550.000 75607.000
   470: 75630.000 76382.000 76397.000 76413.000 76444.000
   475: 76461.000 76482.000 76503.000 76517.000 77335.000
   480: 77357.000 77372.000 77395.000 77405.000 77418.000
   485: 77445.000 78597.000 78624.000 78643.000 78663.000
   490: 78681.000 78694.000 78710.000 78722.000 79480.000
   495: 79500.000 79520.000 79537.000 79555.000 79567.000
   500: 79583.000 79597.000 79610.000 79638.000 82832.000
   505: 82856.000 82896.000 82915.000 82945.000 82967.000
   510: 83264.000 83276.000 83293.000 83309.000 83324.000
   515: 83335.000 83347.000 83365.000 83391.000 83426.000
   520: 83806.000 83833.000 83871.000 83886.000 83919.000
   525: 83943.000 84274.000 84299.000 84334.000 84353.000
   530: 84377.000 84720.000 84766.000 84782.000 84793.000
   535: 84807.000 84827.000 84843.000 84867.000 84887.000
   540: 84902.000 85498.000 85566.000 85572.000 85608.000
   545: 85631.000 85655.000 86018.000 86045.000 86060.000
   550: 86081.000 86098.000 86115.000 86134.000 86154.000
   555: 86165.000 86934.000 86964.000 86984.000 87006.000
   560: 87020.000 87048.000 87072.000 87103.000 88082.000
   565: 88089.000 88101.000 88131.000 88147.000 88171.000
   570: 88189.000 88201.000 88213.000 89000.000 89025.000
   575: 89045.000 89063.000 89076.000 89109.000 89132.000
   580: 89493.000 89535.000 89566.000 89579.000 89602.000
   585: 89646.000 89686.000 90012.000 90056.000 90081.000
   590: 90130.000 90147.000 90169.000 94034.000 94061.000
   595: 94078.000 94101.000 94135.000 94153.000 94178.000
   600: 94203.000 94722.000 94740.000 94756.000 94778.000
   605: 94796.000 94814.000 94829.000 94847.000 94883.000
   610: 94900.000 95705.000 95723.000 95745.000 95764.000
   615: 95770.000 95785.000 95819.000 96169.000 96190.000
   620: 96216.000 96232.000 96250.000 96262.000 96297.000
   625: 96607.000 96640.000 96653.000 96681.000 96700.000
   630: 96718.000 96739.000 96754.000 96764.000 97601.000
   635: 97631.000 97646.000 97661.000 97691.000 97707.000
   640: 97727.000 97754.000 98481.000 98511.000 98531.000
   645: 98548.000 98559.000 98574.000 98605.000 98622.000
   650: 98644.000 99373.000 99411.000 99426.000 99446.000
   655: 99462.000 99475.000 99497.000 99527.000 100344.000
   660: 100384.000 100398.000 100419.000 100435.000 100457.000
   665: 100475.000 100482.000 101512.000 101527.000 101538.000
   670: 101553.000 101581.000 101617.000 101632.000 101655.000
   675: 101670.000 102376.000 102393.000 102414.000 102423.000
   680: 102456.000 102473.000 102487.000 102514.000 102537.000
   685: 102563.000 103294.000 103328.000 103343.000 103369.000
   690: 103385.000 103416.000 103428.000 103455.000 104337.000
   695: 104361.000 104375.000 104392.000 104407.000 104412.000
   700: 104424.000 104458.000 108109.000 108132.000 108166.000
   705: 108183.000 108199.000 108224.000 108246.000 108268.000
   710: 108700.000 108725.000 108744.000 108763.000 108778.000
   715: 108798.000 108809.000 108836.000 109561.000 109626.000
   720: 109643.000 109657.000 109676.000 109695.000 109709.000
   725: 109717.000 109737.000 110505.000 110531.000 110558.000
   730: 110587.000 110607.000 110627.000 111017.000 111057.000
   735: 111072.000 111090.000 111112.000 111134.000 111144.000
   740: 111450.000 111472.000 111499.000 111530.000 111570.000
   745: 111594.000 111613.000 111922.000 111960.000 111975.000
   750: 111993.000 112016.000 112035.000 112312.000 112362.000
   755: 112376.000 112395.000 112436.000 112461.000 112478.000
   760: 112789.000 112825.000 112837.000 112875.000 112894.000
   765: 112914.000 112932.000 112958.000 112984.000 113484.000
   770: 113522.000 113537.000 113553.000 113569.000 113583.000
   775: 113604.000 113627.000 113641.000 114474.000 114499.000
   780: 114512.000 114525.000 114551.000 114563.000 114577.000
   785: 114608.000 114627.000 115423.000 115444.000 115477.000
   790: 115493.000 115503.000 115524.000 115543.000 115554.000
   795: 115566.000 116324.000 116347.000 116381.000 116394.000
   800: 116407.000 116421.000 116434.000 116480.000 117222.000
   805: 117243.000 117259.000 117273.000 117289.000 117304.000
   810: 117350.000 117676.000 117729.000 117754.000 117775.000
   815: 117793.000 117816.000 117840.000 118148.000 118179.000
   820: 118188.000 118222.000 118233.000 118253.000 118270.000
   825: 118279.000 118299.000 118321.000 119004.000 119019.000
   830: 119046.000 119060.000 119075.000 119082.000 119116.000
   835: 119128.000 119137.000 119159.000 120053.000 120074.000
   840: 120093.000 120106.000 120146.000 120166.000 120184.000
   845: 120202.000 120217.000 120926.000 120946.000 120972.000
   850: 121005.000 121019.000 121036.000 121055.000 121067.000
   855: 121895.000 121909.000 121946.000 121974.000 121990.000
   860: 122014.000 122412.000 122448.000 122465.000 122490.000
   865: 122513.000 122531.000 124078.000 124104.000 124115.000
   870: 124181.000 124201.000 124218.000 124234.000 124244.000
   875: 124264.000 124787.000 124812.000 124831.000 124846.000
   880: 124868.000 124902.000 124922.000 124932.000 124954.000
   885: 125658.000 125690.000 125706.000 125720.000 125733.000
   890: 125751.000 125771.000 125790.000 125811.000 125830.000
   895: 135917.000 141486.000 143483.000 143514.000 143527.000
   900: 143553.000 143571.000 143590.000 143860.000 143889.000
   905: 143910.000 143924.000 144193.000 144231.000 144243.000
   910: 144278.000 144566.000 144582.000 144606.000 144633.000
   915: 144661.000 144690.000 144705.000 144732.000 145312.000
   920: 145340.000 145370.000 145385.000 145397.000 145423.000
   925: 145446.000 145458.000 145467.000 146241.000 146265.000
   930: 146284.000 146319.000 146335.000 146375.000 146716.000
   935: 146731.000 146754.000 146777.000 146797.000 146815.000
   940: 146832.000 147138.000 147162.000 147178.000 147192.000
   945: 147208.000 147223.000 147249.000 147273.000 147994.000
   950: 148051.000 148068.000 148104.000 148130.000 148147.000
   955: 148449.000 148477.000 148492.000 148515.000 148527.000
   960: 148542.000 148564.000 148584.000 148597.000 149360.000
   965: 149386.000 149441.000 149464.000 149509.000 149818.000
   970: 149828.000 149850.000 149874.000 149892.000 149903.000
   975: 149915.000 149938.000 149949.000 149974.000 150729.000
   980: 150754.000 150801.000 150819.000 150830.000 150849.000
   985: 150871.000 151192.000 151232.000 151248.000 151259.000
   990: 151278.000 151301.000 151317.000 151349.000 152105.000
   995: 152137.000 152152.000 152177.000 152191.000 152209.000
  1000: 152224.000 152245.000 152265.000 153089.000 153128.000
  1005: 153145.000 153158.000 153174.000 153207.000 153219.000
  1010: 153251.000 154027.000 154046.000 154072.000 154091.000
  1015: 154101.000 154126.000 154155.000 154512.000 154542.000
  1020: 154567.000 154586.000 154601.000 154618.000 154641.000
  1025: 154660.000 154680.000 167404.000 167435.000 167447.000
  1030: 167463.000 167492.000 167503.000 167539.000 167559.000
  1035: 168136.000 168158.000 168195.000 168221.000 168241.000
  1040: 168269.000 168286.000 168600.000 168660.000 168675.000
  1045: 168694.000 168703.000 168749.000 169097.000 169128.000
  1050: 169147.000 169180.000 169198.000 169232.000 169254.000
  1055: 177896.000 177916.000 177961.000 177995.000 178018.000
  1060: 178032.000 178054.000 178068.000 178739.000 178754.000
  1065: 178770.000 178792.000 178800.000 178820.000 178839.000
  1070: 178856.000 178888.000 179746.000 179779.000 179818.000
  1075: 179845.000 179870.000 179882.000 179894.000 179910.000
  1080: 180901.000 180919.000 180934.000 180973.000 180995.000
  1085: 181343.000 181360.000 181396.000 181424.000 181442.000
  1090: 181463.000 181488.000 181500.000 182176.000 182204.000
  1095: 182221.000 182233.000 182255.000 182270.000 182285.000
  1100: 182304.000 182327.000 182350.000 183216.000 183249.000
  1105: 183275.000 183302.000 183339.000 183343.000 183355.000
  1110: 183702.000 183746.000 183783.000 183810.000 183822.000
  1115: 184117.000 184147.000 184162.000 184186.000 184200.000
  1120: 184220.000 184229.000 184249.000 184260.000 185750.000
  1125: 185795.000 185817.000 185851.000 185869.000 185903.000
  1130: 186189.000 186228.000 186244.000 186275.000 186283.000
  1135: 186306.000 186321.000 186624.000 186667.000 186682.000
  1140: 186699.000 186726.000 186740.000 186762.000 186789.000
  1145: 210327.000 210378.000 210389.000 210499.000 210530.000
  1150: 210540.000 210784.000 210813.000 210824.000 210835.000
  1155: 210860.000 210868.000 210892.000 210911.000 211470.000
  1160: 211488.000 211531.000 211543.000 211561.000 211582.000
  1165: 211613.000 211643.000 212347.000 212373.000 212390.000
  1170: 212416.000 212436.000 212455.000 212495.000 212850.000
  1175: 212892.000 212930.000 212954.000 212979.000 213313.000
  1180: 213344.000 213360.000 213377.000 213399.000 213415.000
  1185: 213434.000 213446.000 214960.000 214986.000 215019.000
  1190: 215040.000 215049.000 215080.000 215100.000 215407.000
  1195: 215429.000 215439.000 215458.000 215479.000 215499.000
  1200: 215523.000 215558.000 215582.000 216257.000 216288.000
  1205: 216304.000 216320.000 216339.000 216361.000 216383.000
  1210: 216407.000 217291.000 217330.000 217340.000 217359.000
  1215: 217376.000 217397.000 217420.000 217442.000 217464.000
  1220: 218233.000 218270.000 218293.000 218321.000 218332.000
  1225: 218355.000 218379.000 218400.000 219142.000 219160.000
  1230: 219185.000 219214.000 219244.000 219256.000 219279.000
  1235: 219304.000 219317.000 219340.000 220545.000 220585.000
  1240: 220610.000 220632.000 220647.000 220665.000 221056.000
  1245: 221088.000 221108.000 221127.000 221156.000 221169.000
  1250: 221189.000 221530.000 221566.000 221586.000 221602.000
  1255: 221618.000 221635.000 221652.000 221672.000 222403.000
  1260: 222446.000 222474.000 222492.000 222525.000 222541.000
  1265: 222561.000 222573.000 223559.000 223605.000 223637.000
  1270: 223646.000 223672.000 223712.000 223721.000 224044.000
  1275: 224078.000 224098.000 224111.000 224131.000 224139.000
  1280: 224172.000 224492.000 224541.000 224562.000 224579.000
  1285: 224600.000 224613.000 224640.000 224654.000 224672.000
  1290: 246512.000 246529.000 246550.000 246568.000 246588.000
  1295: 246606.000 246853.000 246876.000 246922.000 246946.000
  1300: 247006.000 247264.000 247289.000 247308.000 247341.000
  1305: 247357.000 247376.000 247583.000 247615.000 247646.000
  1310: 247675.000 247697.000 247707.000 247731.000 247755.000
  1315: 247778.000 248434.000 248485.000 248522.000 248543.000
  1320: 248571.000 248609.000 248622.000 248637.000 248652.000
  1325: 248662.000 249468.000 249484.000 249503.000 249526.000
  1330: 249535.000 249566.000 249589.000 249628.000 249649.000
  1335: 250578.000 250596.000 250605.000 250616.000 250633.000
  1340: 250649.000 250667.000 250687.000 250717.000 335307.000
  1345: 335364.000 347603.000 347616.000 347641.000 347663.000
  1350: 347678.000 347694.000 347706.000 347732.000 348320.000
  1355: 348349.000 348383.000 348404.000 348422.000 348439.000
  1360: 348448.000 348470.000 349282.000 349294.000 349309.000
  1365: 349327.000 349346.000 349362.000 349382.000 349753.000
  1370: 349771.000 349790.000 349799.000 349818.000 349835.000
  1375: 349854.000 349873.000 350818.000 350885.000 350900.000
  1380: 350938.000 350967.000 351359.000 351400.000 351426.000
  1385: 351457.000 351472.000 351487.000 351521.000 351913.000
  1390: 351930.000 351946.000 351967.000 351989.000 352033.000
  1395: 352405.000 352421.000 352442.000 352453.000 352471.000
  1400: 352494.000 352508.000 352535.000 352555.000 353418.000
  1405: 353444.000 353461.000 353475.000 353490.000 353499.000
  1410: 353512.000 353537.000 353552.000 353571.000 353593.000
  1415: 354476.000 354509.000 354560.000 354574.000 354589.000
  1420: 354608.000 354635.000 355001.000 355040.000 355072.000
  1425: 355088.000 355102.000 355131.000 355153.000 355162.000
D:
     0: 22937.000 23825.000 24891.000 27358.000 28801.000
     5: 30137.000 31549.000 35277.000 38679.000 39579.000
    10: 41393.000 42815.000 43753.000 44775.000 47619.000
    15: 49610.000 52307.000 53088.000 54037.000 55060.000
    20: 56651.000 57579.000 58555.000 59488.000 60742.000
    25: 62326.000 63881.000 67105.000 68364.000 69862.000
    30: 70649.000 72296.000 72994.000 73854.000 74734.000
    35: 75521.000 76517.000 78722.000 79597.000 83365.000
    40: 84867.000 86154.000 87103.000 88201.000 94203.000
    45: 94847.000 96754.000 97754.000 98622.000 99527.000
    50: 100482.000 101655.000 102514.000 103455.000 104458.000
    55: 108268.000 108836.000 109717.000 112958.000 113627.000
    60: 114608.000 115554.000 116480.000 118279.000 119128.000
    65: 120202.000 121067.000 124244.000 124932.000 125790.000
    70: 144732.000 145458.000 147273.000 148584.000 149938.000
    75: 151349.000 152245.000 153251.000 154660.000 167559.000
    80: 178068.000 178856.000 179910.000 181500.000 182304.000
    85: 184249.000 186789.000 210911.000 211643.000 213446.000
    90: 215558.000 216407.000 217442.000 218400.000 219304.000
    95: 221672.000 222573.000 224654.000 247755.000 248637.000
   100: 249628.000 250687.000 347732.000 348470.000 349873.000
   105: 352535.000 353537.000 355162.000
E:
     0: 1740.000 4134.000 9407.000 13877.000 15679.000
     5: 18618.000 19577.000 20363.000 21203.000 22513.000
    10: 23114.000 24054.000 25214.000 26817.000 27606.000
    15: 29040.000 30364.000 31209.000 31795.000 32879.000
    20: 33529.000 34164.000 34962.000 35600.000 38171.000
    25: 38824.000 39724.000 40902.000 41594.000 42450.000
    30: 42934.000 43190.000 44046.000 44945.000 46136.000
    35: 46516.000 47228.000 47764.000 48620.000 48639.000
    40: 49210.000 49774.000 50689.000 50913.000 51816.000
    45: 52477.000 53229.000 54201.000 55195.000 56237.000
    50: 56790.000 57761.000 58803.000 59640.000 60934.000
    55: 61963.000 62462.000 63453.000 64090.000 64684.000
    60: 66688.000 67300.000 67938.000 68531.000 69441.000
    65: 70060.000 70830.000 71879.000 72457.000 73161.000
    70: 74097.000 74867.000 75798.000 76650.000 77610.000
    75: 78344.000 79030.000 79843.000 82450.000 83107.000
    80: 83547.000 84055.000 84533.000 85010.000 85785.000
    85: 86285.000 87235.000 88328.000 89288.000 89830.000
    90: 91360.000 93773.000 94330.000 95041.000 95966.000
    95: 96431.000 97005.000 97880.000 98777.000 99680.000
   100: 100673.000 101794.000 102678.000 103639.000 104709.000
   105: 105801.000 107781.000 107970.000 108392.000 108996.000
   110: 109867.000 110782.000 111260.000 111753.000 112170.000
   115: 112627.000 113104.000 113804.000 114755.000 115678.000
   120: 116617.000 117487.000 117971.000 118451.000 119275.000
   125: 120305.000 120501.000 121216.000 122167.000 122731.000
   130: 123863.000 124406.000 125091.000 125962.000 127889.000
   135: 128285.000 130010.000 134495.000 138184.000 141160.000
   140: 141166.000 143278.000 143711.000 144061.000 144441.000
   145: 144838.000 145605.000 146505.000 146968.000 147406.000
   150: 148280.000 148748.000 149636.000 150094.000 151037.000
   155: 151475.000 152421.000 153412.000 154292.000 154875.000
   160: 155942.000 157904.000 157921.000 160141.000 164452.000
   165: 167224.000 167692.000 168412.000 168864.000 169364.000
   170: 169368.000 170230.000 176327.000 177689.000 178288.000
   175: 178995.000 180049.000 180781.000 181167.000 181627.000
   180: 182488.000 183500.000 183981.000 184396.000 185541.000
   185: 186041.000 186456.000 186960.000 189235.000 192639.000
   190: 194015.000 196511.000 199285.000 204209.000 208901.000
   195: 209148.000 209352.000 209746.000 209870.000 209932.000
   200: 210678.000 211020.000 211772.000 212622.000 213097.000
   205: 213561.000 214723.000 215231.000 215236.000 215682.000
   210: 216552.000 217583.000 218568.000 219513.000 220147.000
   215: 220856.000 221409.000 221798.000 222750.000 223863.000
   220: 224306.000 224405.000 224856.000 227852.000 233278.000
   225: 239374.000 243793.000 244672.000 246329.000 246335.000
   230: 246748.000 247127.000 247490.000 247883.000 248793.000
   235: 249782.000 250941.000 253978.000 256138.000 258293.000
   240: 258309.000 263808.000 263818.000 276474.000 276488.000
   245: 281846.000 288148.000 300041.000 300285.000 311059.000
   250: 315543.000 319320.000 323601.000 339179.000 342451.000
   255: 344705.000 347330.000 347822.000 348636.000 349502.000
   260: 350047.000 351121.000 351641.000 352194.000 352726.000
   265: 353708.000 354772.000 355321.000 356836.000 359322.000
Q:
     0: 19168.000 20856.000 22743.000 24700.000 27226.000
     5: 31390.000 33211.000 34646.000 38535.000 40525.000
    10: 41215.000 43591.000 44596.000 48898.000 49426.000
    15: 51103.000 52947.000 55914.000 57420.000 59337.000
    20: 60595.000 62170.000 66982.000 68171.000 69712.000
    25: 71476.000 72147.000 74610.000 75382.000 78597.000
    30: 82832.000 83806.000 84720.000 85498.000 86934.000
    35: 89493.000 90012.000 95705.000 96607.000 98481.000
    40: 99373.000 102376.000 103294.000 108109.000 109561.000
    45: 111450.000 112312.000 112789.000 115423.000 116324.000
    50: 118148.000 119004.000 120926.000 124078.000 124787.000
    55: 135917.000 143860.000 144193.000 146241.000 146716.000
    60: 147994.000 149360.000 150729.000 153089.000 154512.000
    65: 167404.000 168600.000 177896.000 179746.000 181343.000
    70: 183702.000 185750.000 186624.000 210327.000 211470.000
    75: 212850.000 215407.000 217291.000 219142.000 220545.000
    80: 222403.000 223559.000 224492.000 247264.000 248434.000
    85: 249468.000 335307.000 348320.000 350818.000 351359.000
    90: 352405.000 354476.000
\300
