File: C:\MED-PC\Data\2019-08-02_12h27m_Subject 19007.txt


Start Date: 08/02/19
End Date: 08/02/19
Subject: 19007
Experiment: 
Group: 1
Box: 2
Start Time: 12:27:25
End Time: 13:29:12
MSN: FR8 8p First Lever Laser 50
B:   8.000
F:   1.000
H: 239.000
L: 805.000
R:  63.000
U:  52.000
V:  71.000
A:
     0:    0.000    1.000
C:
     0: 7660.000 12211.000 12234.000 12255.000 12305.000
     5: 12337.000 12986.000 13004.000 13028.000 13046.000
    10: 13096.000 13120.000 13139.000 13197.000 13323.000
    15: 19519.000 19537.000 19577.000 19596.000 19638.000
    20: 19693.000 19725.000 20702.000 20723.000 20736.000
    25: 20749.000 23998.000 24016.000 24043.000 24061.000
    30: 24136.000 24164.000 24615.000 24630.000 24641.000
    35: 24675.000 24704.000 24734.000 24761.000 25385.000
    40: 25445.000 25467.000 25500.000 25535.000 26350.000
    45: 26421.000 26465.000 26507.000 26523.000 27038.000
    50: 27061.000 27144.000 27162.000 27204.000 27255.000
    55: 27827.000 29520.000 29537.000 29558.000 29587.000
    60: 29606.000 29631.000 29667.000 30039.000 30063.000
    65: 30114.000 30127.000 30158.000 30177.000 30196.000
    70: 30211.000 30234.000 31544.000 31615.000 31635.000
    75: 31670.000 31742.000 31894.000 31912.000 31936.000
    80: 31975.000 34874.000 34904.000 34913.000 34963.000
    85: 35005.000 35018.000 35048.000 35084.000 36652.000
    90: 37068.000 37088.000 37107.000 39186.000 39206.000
    95: 39253.000 39303.000 39334.000 39348.000 39420.000
   100: 39805.000 39832.000 39890.000 39908.000 39924.000
   105: 39939.000 39984.000 40097.000 40129.000 41717.000
   110: 43432.000 43557.000 43579.000 43614.000 43637.000
   115: 44319.000 44344.000 44361.000 44426.000 44446.000
   120: 44465.000 44485.000 44494.000 44505.000 45970.000
   125: 45984.000 46029.000 46058.000 46134.000 46179.000
   130: 46194.000 46769.000 46781.000 46820.000 46836.000
   135: 46849.000 46889.000 46891.000 46912.000 46930.000
   140: 46977.000 48479.000 48538.000 48568.000 48607.000
   145: 48627.000 48671.000 48704.000 49333.000 49372.000
   150: 49391.000 49403.000 49453.000 49532.000 49635.000
   155: 54774.000 54815.000 54848.000 54865.000 54881.000
   160: 54900.000 54958.000 57098.000 57124.000 57188.000
   165: 57207.000 57227.000 57262.000 57285.000 57317.000
   170: 57341.000 58564.000 58594.000 58620.000 58634.000
   175: 58653.000 58680.000 58700.000 58728.000 58769.000
   180: 58786.000 59939.000 60018.000 60034.000 60050.000
   185: 60077.000 60111.000 60175.000 60207.000 61964.000
   190: 62009.000 62021.000 62066.000 62082.000 62143.000
   195: 62178.000 62213.000 63827.000 63911.000 63946.000
   200: 63983.000 64001.000 64019.000 64063.000 64848.000
   205: 64878.000 64920.000 64940.000 64952.000 64967.000
   210: 65012.000 65042.000 68271.000 68309.000 68354.000
   215: 68392.000 68449.000 68922.000 68998.000 69032.000
   220: 69056.000 69153.000 69505.000 69520.000 69534.000
   225: 69561.000 69574.000 69593.000 69610.000 69625.000
   230: 69666.000 69713.000 71318.000 71335.000 71354.000
   235: 71384.000 71435.000 71461.000 71486.000 71578.000
   240: 72939.000 73001.000 73013.000 73036.000 73071.000
   245: 73240.000 79040.000 79062.000 79086.000 79119.000
   250: 79136.000 79168.000 79230.000 79246.000 79272.000
   255: 79309.000 80600.000 81072.000 81082.000 81115.000
   260: 81141.000 81157.000 81176.000 81235.000 83525.000
   265: 83546.000 83625.000 83640.000 83664.000 83680.000
   270: 83706.000 83749.000 83783.000 83888.000 83954.000
   275: 85248.000 85261.000 85290.000 85319.000 85336.000
   280: 85353.000 85391.000 85418.000 85455.000 85472.000
   285: 86783.000 86823.000 86838.000 86863.000 86903.000
   290: 86921.000 86933.000 87026.000 90356.000 90407.000
   295: 90432.000 90441.000 90467.000 90509.000 90860.000
   300: 90894.000 90921.000 90938.000 90974.000 91016.000
   305: 91118.000 91483.000 91498.000 91510.000 91519.000
   310: 91538.000 91581.000 91599.000 91609.000 91657.000
   315: 91699.000 92817.000 92879.000 92897.000 92918.000
   320: 92947.000 92960.000 93025.000 93738.000 93768.000
   325: 93785.000 93842.000 93856.000 93914.000 93957.000
   330: 93966.000 93989.000 95266.000 95289.000 95308.000
   335: 95336.000 95354.000 95384.000 95437.000 95501.000
   340: 97281.000 97333.000 97354.000 97367.000 97381.000
   345: 97401.000 97413.000 97440.000 97471.000 99200.000
   350: 99302.000 99322.000 99352.000 99371.000 99416.000
   355: 99439.000 102324.000 102343.000 102351.000 102412.000
   360: 102539.000 102633.000 103052.000 103071.000 103100.000
   365: 103129.000 103149.000 103183.000 103232.000 103585.000
   370: 103599.000 103616.000 103647.000 103669.000 103696.000
   375: 103821.000 103848.000 106991.000 107025.000 107041.000
   380: 107066.000 107086.000 107117.000 107151.000 107169.000
   385: 108395.000 108466.000 108500.000 108510.000 108527.000
   390: 108561.000 108577.000 108594.000 108613.000 108641.000
   395: 110195.000 110224.000 110293.000 110324.000 110367.000
   400: 113071.000 113137.000 113155.000 113168.000 113190.000
   405: 113227.000 113257.000 113277.000 113312.000 113355.000
   410: 113394.000 116050.000 116079.000 116141.000 116311.000
   415: 116362.000 116425.000 123781.000 124480.000 124489.000
   420: 124514.000 125116.000 125152.000 125183.000 125218.000
   425: 125234.000 125249.000 125288.000 125333.000 125348.000
   430: 125366.000 126820.000 126849.000 126893.000 126909.000
   435: 126948.000 126971.000 126986.000 127053.000 132634.000
   440: 132677.000 132728.000 132765.000 132808.000 134237.000
   445: 134257.000 134292.000 134313.000 134348.000 134395.000
   450: 134414.000 134448.000 134491.000 135780.000 135798.000
   455: 135826.000 135955.000 136733.000 136751.000 136783.000
   460: 136813.000 136849.000 136879.000 136904.000 136926.000
   465: 136963.000 138655.000 138673.000 138689.000 138721.000
   470: 138745.000 138770.000 138816.000 138854.000 140740.000
   475: 140758.000 140790.000 140835.000 140852.000 140864.000
   480: 140904.000 140937.000 142762.000 142813.000 142867.000
   485: 142883.000 142902.000 142929.000 142991.000 143480.000
   490: 143591.000 143622.000 143642.000 143662.000 143682.000
   495: 143692.000 143746.000 145022.000 145082.000 145088.000
   500: 145114.000 145123.000 145160.000 145204.000 145253.000
   505: 145268.000 148437.000 148468.000 148486.000 148523.000
   510: 148552.000 148586.000 148598.000 148635.000 148707.000
   515: 148750.000 158729.000 158781.000 158814.000 158831.000
   520: 158843.000 158892.000 158926.000 159355.000 159444.000
   525: 159486.000 159566.000 159691.000 164032.000 164050.000
   530: 164060.000 164090.000 164107.000 164144.000 164176.000
   535: 164198.000 164240.000 165638.000 165663.000 165682.000
   540: 165721.000 165741.000 165773.000 165801.000 165836.000
   545: 169171.000 169211.000 169255.000 169266.000 169283.000
   550: 169323.000 169362.000 169412.000 171329.000 171358.000
   555: 171381.000 171402.000 171418.000 171461.000 171475.000
   560: 171486.000 171521.000 171580.000 193094.000 193205.000
   565: 193225.000 193253.000 193322.000 193341.000 193374.000
   570: 193781.000 193811.000 193837.000 193853.000 193897.000
   575: 193915.000 193924.000 193997.000 194042.000 196847.000
   580: 196876.000 196895.000 196927.000 196942.000 196966.000
   585: 196993.000 197028.000 197042.000 197094.000 198427.000
   590: 198478.000 198502.000 198554.000 198568.000 198604.000
   595: 198643.000 199136.000 216603.000 216631.000 216661.000
   600: 216680.000 216708.000 216744.000 216763.000 216804.000
   605: 216830.000 217846.000 217885.000 217925.000 217943.000
   610: 217976.000 218004.000 218396.000 218429.000 218452.000
   615: 218482.000 218524.000 218544.000 218576.000 218601.000
   620: 218628.000 226369.000 226399.000 226436.000 226458.000
   625: 226506.000 226525.000 226846.000 226878.000 226918.000
   630: 226950.000 226970.000 226990.000 227008.000 227036.000
   635: 228157.000 228178.000 228195.000 228237.000 228258.000
   640: 228291.000 228326.000 228345.000 228382.000 228426.000
   645: 228478.000 228500.000 231541.000 231558.000 231580.000
   650: 231633.000 231647.000 231666.000 231689.000 231708.000
   655: 231739.000 231760.000 252283.000 252288.000 252311.000
   660: 252341.000 252374.000 252392.000 252414.000 252479.000
   665: 253142.000 253170.000 253199.000 253230.000 253247.000
   670: 253282.000 253313.000 253336.000 253375.000 253411.000
   675: 272005.000 272043.000 272089.000 272109.000 272146.000
   680: 272172.000 272494.000 272516.000 272527.000 272566.000
   685: 272591.000 272609.000 272649.000 272690.000 273595.000
   690: 273612.000 273645.000 273658.000 273693.000 273730.000
   695: 273759.000 273784.000 273809.000 275564.000 275591.000
   700: 275617.000 275664.000 275679.000 275731.000 275760.000
   705: 275824.000 275859.000 280570.000 280640.000 280659.000
   710: 280680.000 280707.000 280725.000 280770.000 280811.000
   715: 281749.000 281772.000 281790.000 281829.000 281847.000
   720: 281866.000 281899.000 281943.000 286450.000 286658.000
   725: 292773.000 301543.000 301626.000 301679.000 301926.000
   730: 301971.000 301980.000 305511.000 305535.000 305550.000
   735: 305580.000 305604.000 305629.000 305659.000 305682.000
   740: 305720.000 317331.000 317352.000 317375.000 317414.000
   745: 317435.000 317452.000 317488.000 317524.000 317544.000
   750: 317558.000 317574.000 318794.000 318817.000 318916.000
   755: 318935.000 318980.000 318997.000 319019.000 319042.000
   760: 320936.000 320969.000 321031.000 321050.000 321081.000
   765: 321129.000 321149.000 321194.000 324651.000 324675.000
   770: 324702.000 324719.000 324737.000 324809.000 324829.000
   775: 324865.000 324885.000 324920.000 324962.000 326136.000
   780: 326164.000 326188.000 326210.000 326245.000 326262.000
   785: 326278.000 326318.000 326348.000 327598.000 327619.000
   790: 327636.000 327722.000 327742.000 327794.000 327813.000
   795: 327826.000 329405.000 329460.000 329492.000 329516.000
   800: 329536.000 329572.000 329603.000 329623.000 346303.000
D:
     0: 13197.000 20702.000 30211.000 31936.000 35084.000
     5: 40097.000 44494.000 46912.000 57317.000 58728.000
    10: 60207.000 62213.000 65042.000 69625.000 71578.000
    15: 79246.000 81235.000 83749.000 85418.000 87026.000
    20: 91609.000 93966.000 95501.000 97440.000 103585.000
    25: 107169.000 108594.000 113277.000 125333.000 127053.000
    30: 134448.000 136926.000 138854.000 140937.000 143746.000
    35: 145253.000 148635.000 164198.000 165836.000 169412.000
    40: 171486.000 193997.000 197028.000 216804.000 218601.000
    45: 227036.000 228345.000 231708.000 252479.000 253336.000
    50: 272690.000 273784.000 275824.000 280811.000 281943.000
    55: 305682.000 317524.000 319042.000 321194.000 324865.000
    60: 326318.000 327826.000 329623.000
E:
     0: 4906.000 7129.000 7144.000 7158.000 8227.000
     5: 11564.000 12682.000 13445.000 14510.000 14678.000
    10: 16510.000 16529.000 18428.000 20960.000 23281.000
    15: 24327.000 24354.000 25050.000 25668.000 25688.000
    20: 26090.000 26767.000 26784.000 26817.000 27442.000
    25: 27473.000 27492.000 29224.000 29829.000 30344.000
    30: 30394.000 32212.000 33860.000 35209.000 35297.000
    35: 37265.000 38913.000 39055.000 39586.000 40281.000
    40: 42798.000 43826.000 44040.000 44704.000 45693.000
    45: 46296.000 46309.000 46593.000 47210.000 48108.000
    50: 48896.000 49825.000 53841.000 54582.000 55108.000
    55: 55130.000 55135.000 56846.000 56849.000 57507.000
    60: 58951.000 60343.000 61756.000 62355.000 64210.000
    65: 65188.000 66264.000 67720.000 68652.000 69300.000
    70: 69930.000 71661.000 71670.000 73396.000 78219.000
    75: 79479.000 80386.000 81430.000 83233.000 84042.000
    80: 85652.000 85660.000 85676.000 87211.000 89749.000
    85: 90677.000 91245.000 91913.000 93278.000 94240.000
    90: 95635.000 95637.000 96589.000 97007.000 97603.000
    95: 99605.000 99909.000 101515.000 102764.000 102773.000
   100: 102781.000 104079.000 106587.000 107353.000 108807.000
   105: 110531.000 112242.000 112800.000 113522.000 115706.000
   110: 116561.000 117073.000 120336.000 120344.000 123246.000
   115: 124684.000 125487.000 125892.000 126309.000 127337.000
   120: 132915.000 133907.000 134672.000 135372.000 136109.000
   125: 137103.000 138010.000 138017.000 139012.000 139042.000
   130: 141110.000 142060.000 143119.000 143895.000 145485.000
   135: 145488.000 148216.000 148231.000 148899.000 151737.000
   140: 158057.000 159065.000 159841.000 162928.000 163803.000
   145: 164293.000 164317.000 165975.000 168591.000 169571.000
   150: 170836.000 171684.000 183654.000 190814.000 192802.000
   155: 193543.000 193552.000 194139.000 194152.000 194172.000
   160: 196607.000 197274.000 198778.000 201536.000 201542.000
   165: 206433.000 206439.000 213653.000 216976.000 218124.000
   170: 218720.000 219720.000 224248.000 224275.000 226107.000
   175: 226637.000 227155.000 227180.000 228604.000 230962.000
   180: 230984.000 231861.000 231874.000 238543.000 238552.000
   185: 244377.000 244381.000 246902.000 252046.000 252571.000
   190: 253550.000 258765.000 270691.000 270697.000 271340.000
   195: 271613.000 271746.000 271769.000 271791.000 272288.000
   200: 272804.000 273924.000 275989.000 278355.000 278367.000
   205: 280365.000 280947.000 281555.000 282056.000 286018.000
   210: 289775.000 289787.000 297115.000 302112.000 305301.000
   215: 305814.000 307459.000 314720.000 317179.000 317716.000
   220: 319162.000 319672.000 319681.000 320626.000 321266.000
   225: 321286.000 323814.000 325049.000 325084.000 326451.000
   230: 327937.000 328830.000 329743.000 331722.000 334195.000
   235: 344035.000 345818.000 345831.000 352145.000
Q:
     0: 12211.000 19519.000 24615.000 26350.000 27827.000
     5: 30039.000 31544.000 36652.000 41717.000 43432.000
    10: 45970.000 48479.000 54774.000 59939.000 61964.000
    15: 68271.000 69505.000 72939.000 80600.000 85248.000
    20: 90356.000 90860.000 93738.000 95266.000 99200.000
    25: 103052.000 110195.000 113071.000 125116.000 132634.000
    30: 134237.000 138655.000 142762.000 143480.000 148437.000
    35: 164032.000 165638.000 193094.000 193781.000 199136.000
    40: 216603.000 226369.000 226846.000 231541.000 272005.000
    45: 272494.000 275564.000 281749.000 301543.000 317331.000
    50: 318794.000 324651.000 327598.000 346303.000
