File: C:\MED-PC\Data\2019-08-03_16h16m_Subject 19010.txt


Start Date: 08/03/19
End Date: 08/03/19
Subject: 19010
Experiment: 
Group: 1
Box: 2
Start Time: 16:16:14
End Time: 17:21:57
MSN: FR8 8p First Lever Laser 50
B:   8.000
F:   1.000
H: 158.000
L: 426.000
R:  22.000
U:  36.000
V:  46.000
A:
     0:    0.000    1.000
C:
     0: 8410.000 8441.000 9281.000 9319.000 9387.000
     5: 11981.000 12023.000 12332.000 12363.000 12440.000
    10: 12469.000 12483.000 12541.000 13958.000 14010.000
    15: 14034.000 14106.000 14135.000 14754.000 14796.000
    20: 14827.000 14860.000 14877.000 14908.000 14950.000
    25: 14976.000 15004.000 17648.000 17691.000 17726.000
    30: 17752.000 17779.000 17863.000 18680.000 18730.000
    35: 18790.000 18823.000 18853.000 19697.000 19724.000
    40: 19740.000 19786.000 19794.000 19827.000 20299.000
    45: 20326.000 20338.000 20378.000 20422.000 20481.000
    50: 20542.000 21142.000 21172.000 21210.000 21232.000
    55: 21277.000 21319.000 21365.000 21401.000 23170.000
    60: 23199.000 23223.000 23239.000 23281.000 23344.000
    65: 23354.000 24990.000 26302.000 26365.000 26422.000
    70: 26487.000 26991.000 27065.000 27086.000 27143.000
    75: 27181.000 27249.000 27280.000 29234.000 29294.000
    80: 30483.000 30531.000 30579.000 30641.000 30676.000
    85: 30719.000 30985.000 31029.000 31047.000 31139.000
    90: 31728.000 31759.000 31825.000 31865.000 31887.000
    95: 31964.000 32037.000 32238.000 32283.000 36706.000
   100: 36723.000 36736.000 36767.000 36794.000 36922.000
   105: 36934.000 36963.000 37211.000 37242.000 37305.000
   110: 37330.000 37389.000 37446.000 37535.000 37697.000
   115: 39879.000 39906.000 39920.000 39962.000 40709.000
   120: 40724.000 40755.000 40791.000 40868.000 41006.000
   125: 41118.000 41293.000 41322.000 41333.000 41410.000
   130: 41456.000 41495.000 41601.000 44523.000 44560.000
   135: 44589.000 44601.000 44658.000 44703.000 44744.000
   140: 44773.000 44804.000 44845.000 44878.000 45029.000
   145: 47869.000 47912.000 47937.000 47974.000 48085.000
   150: 48809.000 48907.000 48966.000 48998.000 49029.000
   155: 51170.000 51308.000 57187.000 57217.000 57235.000
   160: 57313.000 59089.000 59142.000 59169.000 59182.000
   165: 59283.000 59312.000 59348.000 59365.000 59382.000
   170: 59450.000 59466.000 61149.000 61163.000 61229.000
   175: 61267.000 61316.000 61338.000 61559.000 68445.000
   180: 68513.000 68593.000 68646.000 68870.000 69015.000
   185: 69092.000 69117.000 69125.000 71444.000 71564.000
   190: 71580.000 71591.000 71770.000 72510.000 72540.000
   195: 72570.000 72584.000 72647.000 72749.000 72805.000
   200: 73085.000 73128.000 73155.000 73245.000 73348.000
   205: 73376.000 73424.000 73472.000 75653.000 75672.000
   210: 75734.000 75793.000 75803.000 75906.000 80263.000
   215: 82043.000 82066.000 82097.000 84469.000 101078.000
   220: 101114.000 101148.000 101159.000 101266.000 101292.000
   225: 101337.000 101350.000 101379.000 106706.000 112499.000
   230: 112514.000 112552.000 112587.000 112825.000 112852.000
   235: 112871.000 112919.000 112955.000 112989.000 112998.000
   240: 113017.000 113043.000 114174.000 114218.000 114345.000
   245: 114388.000 114425.000 114458.000 114696.000 114719.000
   250: 114790.000 115548.000 115625.000 115636.000 115698.000
   255: 117132.000 117427.000 118470.000 119402.000 119816.000
   260: 130310.000 143134.000 143175.000 143239.000 143338.000
   265: 143370.000 147454.000 147472.000 147539.000 147614.000
   270: 147651.000 147719.000 148095.000 148126.000 148158.000
   275: 148188.000 148196.000 148235.000 148308.000 151512.000
   280: 151556.000 151598.000 151645.000 151664.000 151709.000
   285: 151746.000 151757.000 156724.000 156769.000 156824.000
   290: 156918.000 164878.000 164925.000 164956.000 165066.000
   295: 172206.000 172257.000 172305.000 172975.000 173020.000
   300: 173056.000 173102.000 173967.000 174025.000 174033.000
   305: 177918.000 177955.000 177993.000 178013.000 178036.000
   310: 178102.000 178147.000 178195.000 179365.000 179395.000
   315: 179424.000 179447.000 179453.000 193757.000 196913.000
   320: 196986.000 200881.000 200900.000 201126.000 201166.000
   325: 201224.000 201244.000 201253.000 201330.000 202648.000
   330: 202731.000 202799.000 202895.000 203097.000 203169.000
   335: 213332.000 213346.000 213388.000 213433.000 213468.000
   340: 213569.000 213602.000 213690.000 218958.000 218971.000
   345: 224314.000 226966.000 230083.000 237067.000 237093.000
   350: 237132.000 237146.000 237278.000 237302.000 237330.000
   355: 237372.000 241168.000 241195.000 241228.000 241251.000
   360: 241347.000 241380.000 241419.000 242018.000 242056.000
   365: 242081.000 242099.000 242174.000 242234.000 242348.000
   370: 242978.000 243008.000 243084.000 243100.000 243114.000
   375: 243206.000 243278.000 243979.000 244004.000 244033.000
   380: 244253.000 244283.000 244422.000 244602.000 244792.000
   385: 244807.000 244928.000 244962.000 250791.000 250853.000
   390: 250870.000 250917.000 278136.000 279722.000 279797.000
   395: 279815.000 286370.000 288404.000 288444.000 288481.000
   400: 288540.000 288573.000 288650.000 288682.000 294412.000
   405: 294443.000 304856.000 304916.000 304935.000 304973.000
   410: 305077.000 305239.000 305304.000 305360.000 305414.000
   415: 314565.000 314595.000 314644.000 340802.000 340816.000
   420: 341023.000 341134.000 341154.000 341174.000 341400.000
   425: 347609.000
D:
     0: 12541.000 14976.000 21401.000 32238.000 36963.000
     5: 41293.000 44773.000 59365.000 69117.000 73085.000
    10: 101350.000 112919.000 148126.000 151757.000 178195.000
    15: 201330.000 213690.000 237372.000 244792.000 288682.000
    20: 305360.000 347609.000
E:
     0: 2295.000 8898.000 11708.000 12728.000 13809.000
     5: 14328.000 14355.000 15214.000 15248.000 17456.000
    10: 18082.000 19056.000 19088.000 19987.000 20781.000
    15: 21622.000 21670.000 21687.000 21696.000 22707.000
    20: 23548.000 25659.000 26752.000 27671.000 30263.000
    25: 30887.000 31440.000 36149.000 39138.000 39426.000
    30: 40156.000 40183.000 41770.000 44200.000 45214.000
    35: 46685.000 47342.000 48273.000 48276.000 50610.000
    40: 56400.000 56421.000 58444.000 59646.000 59676.000
    45: 63103.000 65798.000 68030.000 68035.000 69411.000
    50: 70414.000 71962.000 73616.000 76135.000 78214.000
    55: 79666.000 80045.000 82447.000 85577.000 85582.000
    60: 90741.000 91915.000 100495.000 100508.000 101576.000
    65: 108493.000 109318.000 113227.000 114613.000 116149.000
    70: 122165.000 122168.000 129517.000 129526.000 141661.000
    75: 143584.000 145611.000 148463.000 150943.000 151901.000
    80: 151937.000 155342.000 155348.000 156348.000 158086.000
    85: 158090.000 158104.000 171038.000 172484.000 173337.000
    90: 173343.000 174143.000 178406.000 186853.000 186875.000
    95: 188819.000 198142.000 201456.000 201493.000 204409.000
   100: 210171.000 213892.000 218293.000 218305.000 218309.000
   105: 223589.000 223594.000 229115.000 229140.000 232446.000
   110: 232468.000 237526.000 237540.000 237550.000 237562.000
   115: 240453.000 241639.000 242538.000 243520.000 243855.000
   120: 245116.000 250014.000 256413.000 257104.000 258955.000
   125: 258969.000 273693.000 279294.000 279312.000 282070.000
   130: 288845.000 288856.000 294566.000 294599.000 294617.000
   135: 300999.000 301002.000 301009.000 301016.000 303445.000
   140: 305611.000 305623.000 305633.000 308630.000 308639.000
   145: 313499.000 320492.000 320537.000 327322.000 327325.000
   150: 332916.000 340507.000 347858.000 347873.000 347906.000
   155: 352807.000 353896.000 359839.000
Q:
     0: 9281.000 13958.000 14754.000 19697.000 20299.000
     5: 24990.000 26991.000 29234.000 30985.000 39879.000
    10: 44523.000 48809.000 51170.000 61149.000 71444.000
    15: 72510.000 84469.000 106706.000 114174.000 114696.000
    20: 130310.000 151512.000 156724.000 172975.000 177918.000
    25: 193757.000 202648.000 218958.000 224314.000 237067.000
    30: 242978.000 250791.000 278136.000 286370.000 314565.000
    35: 340802.000
