File: C:\MED-PC\Data\2019-07-26_12h38m_Subject 19013.txt



Start Date: 07/26/19
End Date: 07/26/19
Subject: 19013
Experiment: 
Group: 0
Box: 1
Start Time: 12:38:31
End Time: 13:39:44
MSN: FR8 8p First Lever Laser 50
B:   8.000
F:   2.000
H:  83.000
L: 153.000
R:  12.000
U:  11.000
V:  18.000
A:
     0:    0.000    1.000
C:
     0: 12865.000 23364.000 23378.000 25059.000 25099.000
     5: 25145.000 25160.000 25175.000 25211.000 25222.000
    10: 29277.000 29297.000 29314.000 29360.000 29409.000
    15: 29467.000 29503.000 29580.000 32339.000 32448.000
    20: 32464.000 34007.000 34027.000 34045.000 34112.000
    25: 34139.000 38575.000 38620.000 38684.000 38697.000
    30: 38981.000 39012.000 40484.000 40535.000 40548.000
    35: 40575.000 40624.000 40636.000 40665.000 40678.000
    40: 47866.000 47892.000 48120.000 48161.000 48204.000
    45: 48215.000 48567.000 48594.000 48632.000 48657.000
    50: 48674.000 48700.000 48749.000 48776.000 48829.000
    55: 55915.000 55933.000 55957.000 55995.000 56013.000
    60: 56050.000 56068.000 57066.000 57092.000 57137.000
    65: 57194.000 57523.000 57564.000 57615.000 57626.000
    70: 57641.000 57679.000 59837.000 59863.000 59901.000
    75: 59947.000 59986.000 60020.000 60031.000 60142.000
    80: 66755.000 66773.000 66823.000 66854.000 66872.000
    85: 66892.000 66959.000 67002.000 67020.000 67097.000
    90: 67146.000 68324.000 68349.000 68379.000 68423.000
    95: 68436.000 68456.000 68545.000 68555.000 68667.000
   100: 68702.000 70552.000 70562.000 70593.000 70619.000
   105: 70664.000 70705.000 70719.000 70776.000 70789.000
   110: 77194.000 77215.000 77297.000 77314.000 77368.000
   115: 77380.000 77496.000 77510.000 81834.000 81855.000
   120: 81869.000 81988.000 82001.000 82023.000 82048.000
   125: 82086.000 82138.000 82153.000 85140.000 85162.000
   130: 85230.000 85268.000 108192.000 108203.000 108237.000
   135: 108273.000 125016.000 125033.000 125147.000 125160.000
   140: 151453.000 151514.000 177767.000 200485.000 200595.000
   145: 200605.000 207698.000 207727.000 254735.000 268083.000
   150: 268129.000 271399.000 306656.000
D:
     0: 25211.000 29580.000 40678.000 48594.000 57626.000
     5: 60142.000 67002.000 68555.000 70776.000 77510.000
    10: 82086.000 207727.000
E:
     0: 9133.000 19508.000 19512.000 19627.000 27769.000
     5: 30025.000 32834.000 35257.000 35727.000 39329.000
    10: 39337.000 39347.000 39378.000 39743.000 40962.000
    15: 41071.000 41095.000 41112.000 41138.000 41233.000
    20: 41450.000 41467.000 41715.000 41953.000 43479.000
    25: 46322.000 49275.000 49898.000 54861.000 56374.000
    30: 57936.000 60356.000 62155.000 62220.000 62237.000
    35: 62246.000 62280.000 62294.000 62458.000 63173.000
    40: 65496.000 67307.000 67309.000 68932.000 71019.000
    45: 71057.000 71072.000 71121.000 72134.000 72144.000
    50: 74141.000 78021.000 80342.000 80649.000 82302.000
    55: 82324.000 82461.000 84426.000 84834.000 85909.000
    60: 85940.000 85948.000 88917.000 88951.000 90914.000
    65: 96934.000 102711.000 102744.000 124418.000 137698.000
    70: 137711.000 137715.000 147495.000 215015.000 222208.000
    75: 246811.000 246820.000 255135.000 307096.000 307720.000
    80: 322564.000 337759.000 337787.000
Q:
     0: 23364.000 32339.000 38575.000 47866.000 55915.000
     5: 66755.000 68324.000 77194.000 85140.000 125016.000
    10: 254735.000
\300