File: C:\MED-PC\Data\2019-07-31_14h22m_Subject 19014.txt


Start Date: 07/31/19
End Date: 07/31/19
Subject: 19014
Experiment: 
Group: 0
Box: 4
Start Time: 14:22:24
End Time: 15:29:03
MSN: FR8 8p First Lever Laser 50
B:   8.000
F:   1.000
H: 144.000
L: 358.000
R:  22.000
U:  25.000
V:  71.000
A:
     0:    0.000    1.000
C:
     0: 16508.000 16570.000 20663.000 20697.000 20792.000
     5: 20815.000 20840.000 20856.000 21959.000 21974.000
    10: 21998.000 22092.000 22170.000 22232.000 25198.000
    15: 25250.000 25306.000 25372.000 25414.000 25446.000
    20: 25498.000 25645.000 31955.000 32018.000 32057.000
    25: 32077.000 32108.000 39115.000 39139.000 39173.000
    30: 39219.000 39234.000 39257.000 39297.000 39399.000
    35: 39425.000 43806.000 43916.000 43941.000 48854.000
    40: 48902.000 48927.000 48966.000 48982.000 49078.000
    45: 49166.000 49814.000 49829.000 49848.000 49866.000
    50: 49889.000 49912.000 49942.000 49970.000 50033.000
    55: 50112.000 50137.000 51711.000 51772.000 51791.000
    60: 51807.000 51844.000 51860.000 51923.000 51946.000
    65: 56634.000 56691.000 56732.000 56762.000 56787.000
    70: 56858.000 56901.000 56915.000 56947.000 56964.000
    75: 56979.000 57031.000 60262.000 60297.000 60330.000
    80: 60344.000 60389.000 60455.000 61034.000 61151.000
    85: 61178.000 61251.000 65924.000 66013.000 66052.000
    90: 66115.000 66132.000 66139.000 66295.000 67093.000
    95: 67110.000 67181.000 67233.000 67269.000 67280.000
   100: 67319.000 67361.000 67401.000 70177.000 70208.000
   105: 70252.000 70276.000 70307.000 70326.000 70354.000
   110: 70382.000 70468.000 70485.000 70506.000 73056.000
   115: 73214.000 73223.000 73298.000 73314.000 73382.000
   120: 88392.000 88445.000 88456.000 88485.000 88516.000
   125: 88526.000 88544.000 88562.000 88600.000 91008.000
   130: 91029.000 91060.000 91145.000 91160.000 91184.000
   135: 91206.000 91242.000 91269.000 94040.000 94111.000
   140: 94155.000 94193.000 94281.000 94745.000 94821.000
   145: 94858.000 94875.000 94891.000 94904.000 94970.000
   150: 100296.000 100347.000 100382.000 100441.000 100542.000
   155: 100563.000 101006.000 101023.000 101049.000 101105.000
   160: 101114.000 101141.000 101168.000 101205.000 101273.000
   165: 101324.000 101353.000 101388.000 107828.000 107875.000
   170: 107930.000 107978.000 108029.000 112461.000 112503.000
   175: 112537.000 112587.000 112624.000 112637.000 112648.000
   180: 112676.000 112710.000 115050.000 121829.000 121851.000
   185: 121864.000 121893.000 121940.000 121979.000 121996.000
   190: 122049.000 122076.000 122104.000 123883.000 123889.000
   195: 123948.000 123972.000 125121.000 125135.000 125227.000
   200: 125252.000 127650.000 127675.000 127712.000 127742.000
   205: 127798.000 133978.000 134004.000 134048.000 134080.000
   210: 136848.000 136887.000 136901.000 136922.000 136929.000
   215: 136993.000 137004.000 137346.000 137367.000 137401.000
   220: 137416.000 137476.000 137486.000 137504.000 137543.000
   225: 140436.000 140470.000 140590.000 142458.000 147092.000
   230: 147123.000 147155.000 147182.000 147202.000 147211.000
   235: 147235.000 147268.000 152589.000 152611.000 152648.000
   240: 152668.000 152732.000 152761.000 153264.000 153316.000
   245: 153358.000 153410.000 162251.000 162262.000 162377.000
   250: 162706.000 162736.000 162828.000 162848.000 162874.000
   255: 162907.000 163014.000 163043.000 163097.000 169604.000
   260: 169675.000 169739.000 169795.000 169831.000 171256.000
   265: 179286.000 179321.000 179360.000 179390.000 179418.000
   270: 184594.000 184643.000 184660.000 184681.000 184706.000
   275: 184739.000 185194.000 185216.000 185269.000 185362.000
   280: 185402.000 204932.000 207651.000 207722.000 207773.000
   285: 207796.000 207819.000 208235.000 208273.000 208321.000
   290: 208341.000 208373.000 208429.000 208647.000 208719.000
   295: 208730.000 208761.000 208781.000 208807.000 208844.000
   300: 227805.000 243414.000 243448.000 243489.000 243508.000
   305: 250078.000 250106.000 250165.000 250187.000 250208.000
   310: 250294.000 250332.000 250513.000 250571.000 250600.000
   315: 250611.000 250625.000 250640.000 250681.000 268806.000
   320: 270146.000 270157.000 270172.000 270196.000 301161.000
   325: 309009.000 309037.000 309065.000 309089.000 309103.000
   330: 321160.000 329187.000 329204.000 329225.000 329259.000
   335: 329297.000 329331.000 329551.000 329571.000 329608.000
   340: 329643.000 329655.000 329697.000 329710.000 334341.000
   345: 334380.000 334412.000 334441.000 341312.000 341341.000
   350: 341396.000 341416.000 341671.000 341688.000 341723.000
   355: 341741.000 341781.000 341801.000
D:
     0: 25250.000 39399.000 49970.000 51946.000 56915.000
     5: 61151.000 67361.000 70382.000 88562.000 91242.000
    10: 94858.000 101023.000 112676.000 122049.000 137346.000
    15: 147268.000 162874.000 185216.000 208719.000 250513.000
    20: 329571.000 341741.000
E:
     0: 1695.000 7615.000 11540.000 13381.000 14341.000
     5: 15224.000 19702.000 21095.000 26051.000 30870.000
    10: 32470.000 32888.000 38274.000 38789.000 39630.000
    15: 41953.000 43215.000 43218.000 46728.000 49419.000
    20: 49421.000 50308.000 50321.000 52284.000 53979.000
    25: 55173.000 57361.000 59928.000 61716.000 61719.000
    30: 65091.000 66566.000 67727.000 70865.000 72323.000
    35: 73649.000 81162.000 85883.000 85890.000 85901.000
    40: 88019.000 88951.000 91587.000 93419.000 95344.000
    45: 97336.000 97972.000 99773.000 101527.000 103140.000
    50: 103401.000 105072.000 106986.000 110403.000 110835.000
    55: 111865.000 112993.000 117195.000 117224.000 119515.000
    60: 121431.000 122366.000 124127.000 127265.000 128116.000
    65: 130874.000 134311.000 137896.000 139825.000 142736.000
    70: 144690.000 146680.000 147424.000 151269.000 152858.000
    75: 155349.000 160944.000 161883.000 163393.000 166909.000
    80: 166913.000 167358.000 170085.000 171490.000 173922.000
    85: 176190.000 184076.000 185604.000 187151.000 188007.000
    90: 188873.000 189623.000 191641.000 194143.000 199161.000
    95: 205147.000 207332.000 207982.000 209217.000 210975.000
   100: 214179.000 218812.000 221671.000 221920.000 225039.000
   105: 230128.000 234348.000 240724.000 243676.000 243723.000
   110: 243730.000 245454.000 249633.000 250917.000 253348.000
   115: 253591.000 255798.000 260864.000 268431.000 273054.000
   120: 277350.000 281794.000 281944.000 282541.000 286715.000
   125: 304877.000 308718.000 311239.000 314725.000 321443.000
   130: 326183.000 329008.000 330023.000 331277.000 333792.000
   135: 337874.000 340638.000 342187.000 344324.000 345082.000
   140: 347197.000 351136.000 354804.000 357275.000
Q:
     0: 16508.000 21959.000 39115.000 49814.000 56634.000
     5: 65924.000 70177.000 88392.000 91008.000 100296.000
    10: 115050.000 121829.000 125121.000 133978.000 140436.000
    15: 152589.000 162251.000 171256.000 184594.000 208235.000
    20: 227805.000 250078.000 301161.000 321160.000 341312.000
\300
