File: C:\MED-PC\Data\2019-07-24_12h28m_Subject 19004.txt


Start Date: 07/24/19
End Date: 07/24/19
Subject: 19004
Experiment: fr8
Group: 1
Box: 1
Start Time: 12:28:21
End Time: 13:32:39
MSN: FR8 8p First Lever Laser 50
B:   8.000
F:   1.000
H: 292.000
L: 955.000
R:  80.000
U:  56.000
V: 166.000
A:
     0:    0.000    1.000
C:
     0: 6803.000 21483.000 34159.000 34206.000 34223.000
     5: 34339.000 34403.000 35249.000 35275.000 37893.000
    10: 37915.000 37941.000 37972.000 37994.000 38038.000
    15: 38061.000 38077.000 38194.000 46224.000 48683.000
    20: 57606.000 57633.000 57660.000 57670.000 57686.000
    25: 57709.000 57733.000 57749.000 57796.000 62210.000
    30: 66117.000 66129.000 66157.000 66165.000 66180.000
    35: 66231.000 66258.000 66291.000 66310.000 73929.000
    40: 73992.000 74039.000 74134.000 74591.000 74626.000
    45: 74648.000 74679.000 74733.000 74740.000 74760.000
    50: 76518.000 76535.000 76547.000 76577.000 76603.000
    55: 76634.000 76663.000 77481.000 77522.000 77605.000
    60: 77694.000 79450.000 79521.000 79592.000 79652.000
    65: 79723.000 79850.000 79947.000 80224.000 80254.000
    70: 80286.000 80309.000 80345.000 80358.000 80371.000
    75: 80401.000 83989.000 84004.000 84007.000 84032.000
    80: 84093.000 84151.000 84178.000 84479.000 84542.000
    85: 84561.000 84577.000 84634.000 84729.000 84802.000
    90: 84864.000 84909.000 84945.000 84985.000 85018.000
    95: 85098.000 86884.000 86896.000 86909.000 86952.000
   100: 86972.000 87022.000 87047.000 87078.000 89421.000
   105: 89429.000 89438.000 89468.000 89487.000 89508.000
   110: 89536.000 89545.000 89561.000 89577.000 89590.000
   115: 91033.000 91049.000 91098.000 91235.000 91305.000
   120: 91374.000 91456.000 91518.000 91567.000 93150.000
   125: 93214.000 93230.000 93270.000 93349.000 93416.000
   130: 93500.000 93586.000 93630.000 96329.000 96372.000
   135: 96414.000 96453.000 96462.000 96488.000 96518.000
   140: 96543.000 96579.000 97510.000 97589.000 97638.000
   145: 97666.000 97672.000 97675.000 97710.000 97799.000
   150: 97865.000 97926.000 97956.000 98005.000 98060.000
   155: 98092.000 98122.000 98989.000 99010.000 99029.000
   160: 99053.000 99066.000 99097.000 99151.000 99196.000
   165: 99259.000 100515.000 100565.000 100590.000 100663.000
   170: 100729.000 100760.000 100796.000 100872.000 100969.000
   175: 101038.000 101098.000 101124.000 101156.000 102142.000
   180: 102170.000 102214.000 102250.000 102263.000 102312.000
   185: 102371.000 102822.000 102859.000 102892.000 102907.000
   190: 102921.000 102939.000 102950.000 102995.000 103010.000
   195: 103041.000 103680.000 103705.000 103758.000 103796.000
   200: 103870.000 103911.000 103954.000 104081.000 104102.000
   205: 104165.000 104265.000 105523.000 105554.000 105564.000
   210: 105621.000 105644.000 105667.000 105692.000 105744.000
   215: 106551.000 106585.000 106604.000 106619.000 106621.000
   220: 106673.000 106704.000 106738.000 106790.000 106886.000
   225: 106986.000 107038.000 107142.000 107184.000 107251.000
   230: 108071.000 108125.000 108171.000 108208.000 108283.000
   235: 108332.000 108362.000 111822.000 111849.000 111875.000
   240: 111885.000 111899.000 111921.000 111946.000 111959.000
   245: 111972.000 111999.000 112016.000 112030.000 112884.000
   250: 112921.000 112939.000 112967.000 112987.000 113024.000
   255: 113047.000 113065.000 113080.000 114016.000 114127.000
   260: 114192.000 114254.000 114309.000 114359.000 114431.000
   265: 114530.000 114576.000 114593.000 115471.000 115585.000
   270: 115607.000 115640.000 115697.000 115773.000 115890.000
   275: 116040.000 116098.000 117038.000 117087.000 117107.000
   280: 117147.000 117169.000 117193.000 117244.000 117270.000
   285: 117300.000 118099.000 118128.000 118166.000 118231.000
   290: 118254.000 118284.000 118312.000 118678.000 118712.000
   295: 118756.000 118793.000 118843.000 118925.000 118990.000
   300: 119037.000 119195.000 120119.000 120247.000 120275.000
   305: 120329.000 120412.000 120499.000 120614.000 120694.000
   310: 120716.000 120745.000 120770.000 121754.000 121771.000
   315: 121794.000 121805.000 121828.000 121846.000 121872.000
   320: 121905.000 122718.000 122750.000 122787.000 122830.000
   325: 122852.000 122870.000 122883.000 122912.000 122937.000
   330: 123766.000 123794.000 123841.000 124024.000 124103.000
   335: 124337.000 124393.000 124437.000 124469.000 126151.000
   340: 126167.000 126186.000 126198.000 126241.000 126265.000
   345: 126296.000 126309.000 126340.000 126384.000 126411.000
   350: 126438.000 127139.000 127186.000 127223.000 127472.000
   355: 127564.000 127612.000 127697.000 127730.000 127754.000
   360: 128848.000 128872.000 128908.000 128926.000 128967.000
   365: 128987.000 129015.000 129047.000 129075.000 129915.000
   370: 129961.000 129994.000 130050.000 130110.000 130160.000
   375: 130197.000 130240.000 130278.000 130450.000 131348.000
   380: 131379.000 131427.000 131593.000 131696.000 131898.000
   385: 131946.000 131982.000 133059.000 133091.000 133133.000
   390: 133144.000 133183.000 133212.000 133237.000 133291.000
   395: 134093.000 134114.000 134129.000 134167.000 134177.000
   400: 134220.000 134243.000 134270.000 135304.000 135387.000
   405: 135427.000 135480.000 135537.000 135592.000 135752.000
   410: 135815.000 135917.000 137147.000 137161.000 137199.000
   415: 137220.000 137288.000 137305.000 137338.000 137384.000
   420: 142956.000 142985.000 143027.000 143071.000 143094.000
   425: 143131.000 143659.000 143691.000 143710.000 143731.000
   430: 143751.000 143782.000 143850.000 143876.000 143903.000
   435: 143955.000 143991.000 144977.000 145024.000 145059.000
   440: 145091.000 145170.000 145198.000 145426.000 145472.000
   445: 145574.000 145610.000 145622.000 145632.000 145669.000
   450: 145708.000 145720.000 145763.000 145790.000 147686.000
   455: 147741.000 147813.000 147844.000 147870.000 147924.000
   460: 148036.000 148097.000 148330.000 149082.000 149159.000
   465: 149187.000 149206.000 149223.000 149250.000 149278.000
   470: 152049.000 152095.000 152109.000 152248.000 152300.000
   475: 152340.000 152378.000 152396.000 152414.000 153384.000
   480: 161922.000 161960.000 161999.000 162026.000 162311.000
   485: 162338.000 162373.000 162433.000 162487.000 162574.000
   490: 162737.000 162879.000 162932.000 165037.000 165050.000
   495: 165106.000 165121.000 165135.000 165167.000 165220.000
   500: 165469.000 165504.000 165515.000 165549.000 165585.000
   505: 165608.000 165641.000 165703.000 165839.000 165892.000
   510: 165947.000 166064.000 166108.000 170646.000 170674.000
   515: 170707.000 170750.000 170782.000 170804.000 170848.000
   520: 170931.000 170992.000 172527.000 172568.000 172600.000
   525: 172613.000 172621.000 172654.000 172675.000 172722.000
   530: 173994.000 174011.000 174026.000 174055.000 174087.000
   535: 174111.000 174130.000 174140.000 174194.000 174972.000
   540: 175068.000 175147.000 175275.000 175400.000 175563.000
   545: 175592.000 175606.000 177184.000 177196.000 177237.000
   550: 177261.000 177302.000 177330.000 177357.000 177371.000
   555: 177411.000 179359.000 179391.000 179495.000 179513.000
   560: 179563.000 179627.000 179730.000 179763.000 179852.000
   565: 179876.000 179907.000 181252.000 181285.000 181308.000
   570: 181332.000 181353.000 181385.000 181462.000 181490.000
   575: 184308.000 184332.000 184391.000 184435.000 184480.000
   580: 184567.000 184603.000 184665.000 184688.000 184746.000
   585: 184815.000 184864.000 184885.000 184914.000 185798.000
   590: 185831.000 185857.000 185878.000 185911.000 185939.000
   595: 185963.000 186330.000 186374.000 186411.000 186433.000
   600: 186506.000 186619.000 187455.000 187493.000 187532.000
   605: 198410.000 198435.000 198461.000 198481.000 198520.000
   610: 198553.000 198594.000 198615.000 198644.000 200401.000
   615: 200413.000 200429.000 200461.000 200506.000 200526.000
   620: 200550.000 200587.000 200629.000 200641.000 200655.000
   625: 200731.000 201947.000 202048.000 202103.000 202136.000
   630: 202206.000 202490.000 202518.000 202547.000 202581.000
   635: 202597.000 202610.000 220467.000 220492.000 220590.000
   640: 220616.000 220638.000 220676.000 220700.000 221094.000
   645: 221138.000 221161.000 221178.000 221211.000 221238.000
   650: 221265.000 221289.000 221308.000 221326.000 221360.000
   655: 222245.000 222295.000 222329.000 222358.000 222503.000
   660: 222582.000 222759.000 222807.000 222839.000 222912.000
   665: 224427.000 224455.000 224500.000 224515.000 224542.000
   670: 224571.000 224609.000 232669.000 232747.000 232841.000
   675: 232876.000 232952.000 232966.000 233015.000 233106.000
   680: 233172.000 233210.000 239157.000 239194.000 239211.000
   685: 239242.000 239253.000 246569.000 246604.000 246707.000
   690: 246732.000 246884.000 246983.000 247118.000 247168.000
   695: 248116.000 248176.000 248233.000 248268.000 248296.000
   700: 248944.000 249065.000 249104.000 249172.000 249338.000
   705: 249453.000 249487.000 249501.000 249533.000 249584.000
   710: 249649.000 250656.000 250753.000 250796.000 250827.000
   715: 250844.000 250876.000 250934.000 250986.000 251045.000
   720: 251254.000 251299.000 252245.000 252264.000 252289.000
   725: 252322.000 252348.000 252368.000 252378.000 252429.000
   730: 253346.000 253425.000 253593.000 253663.000 253925.000
   735: 253973.000 254391.000 254418.000 254438.000 254451.000
   740: 254486.000 254498.000 254558.000 254621.000 256021.000
   745: 256066.000 256098.000 256122.000 256161.000 256221.000
   750: 256275.000 256325.000 256348.000 256459.000 256478.000
   755: 256592.000 256620.000 256663.000 257498.000 257512.000
   760: 257556.000 257579.000 257594.000 257638.000 257671.000
   765: 257701.000 258813.000 258840.000 258865.000 258899.000
   770: 258920.000 258965.000 258977.000 259007.000 260046.000
   775: 260064.000 260182.000 260229.000 260267.000 260308.000
   780: 260340.000 260413.000 260562.000 260631.000 261370.000
   785: 261454.000 261558.000 261665.000 261716.000 261777.000
   790: 261914.000 262008.000 262057.000 262079.000 262102.000
   795: 262122.000 262197.000 262207.000 267220.000 267248.000
   800: 267270.000 267293.000 267305.000 267318.000 267348.000
   805: 267367.000 275850.000 275865.000 276712.000 287668.000
   810: 301237.000 301254.000 301265.000 301309.000 301360.000
   815: 312669.000 312688.000 312730.000 312769.000 312798.000
   820: 312855.000 312895.000 312988.000 313040.000 313073.000
   825: 313145.000 318046.000 318073.000 318096.000 318125.000
   830: 318150.000 318168.000 318176.000 318206.000 319504.000
   835: 319530.000 319541.000 319558.000 319590.000 319599.000
   840: 319622.000 319645.000 319655.000 319671.000 319688.000
   845: 319698.000 321277.000 321302.000 321384.000 321417.000
   850: 321446.000 321462.000 321520.000 321538.000 321554.000
   855: 321783.000 323136.000 323152.000 323175.000 323198.000
   860: 323242.000 323290.000 323315.000 323657.000 323690.000
   865: 323733.000 323774.000 323800.000 324120.000 324240.000
   870: 325048.000 325087.000 325134.000 325227.000 325249.000
   875: 325257.000 325278.000 325311.000 325348.000 325380.000
   880: 325397.000 326839.000 326887.000 326912.000 326947.000
   885: 326976.000 327002.000 327032.000 327059.000 327068.000
   890: 328183.000 328201.000 328244.000 328263.000 328282.000
   895: 328320.000 328338.000 328356.000 328387.000 328412.000
   900: 328432.000 328444.000 330025.000 330191.000 330413.000
   905: 331155.000 331195.000 331208.000 331229.000 331257.000
   910: 331300.000 331326.000 331376.000 331409.000 332806.000
   915: 332895.000 332921.000 332944.000 332984.000 333047.000
   920: 333067.000 333150.000 334099.000 334108.000 334133.000
   925: 334153.000 334179.000 334198.000 334228.000 334253.000
   930: 334271.000 334285.000 334330.000 334343.000 334378.000
   935: 334401.000 335443.000 335586.000 335638.000 335692.000
   940: 335952.000 336021.000 336058.000 336086.000 336112.000
   945: 355726.000 356028.000 356456.000 356474.000 357685.000
   950: 357751.000 357875.000 357919.000 357979.000 358042.000
D:
     0: 38077.000 57749.000 66291.000 74679.000 80224.000
     5: 84864.000 87078.000 89545.000 91518.000 93586.000
    10: 96543.000 97799.000 99196.000 100872.000 102995.000
    15: 104081.000 105744.000 106738.000 111959.000 113065.000
    20: 114530.000 116040.000 117270.000 119037.000 120694.000
    25: 121905.000 122912.000 124437.000 126309.000 127730.000
    30: 129047.000 130240.000 131982.000 133291.000 134270.000
    35: 135815.000 137384.000 143876.000 145472.000 148097.000
    40: 152396.000 162879.000 165703.000 170931.000 172722.000
    45: 174140.000 175606.000 177371.000 179763.000 181490.000
    50: 184665.000 187493.000 198615.000 200587.000 202547.000
    55: 221289.000 222807.000 233106.000 247168.000 249501.000
    60: 250986.000 252429.000 254621.000 256325.000 257701.000
    65: 259007.000 260413.000 262008.000 267367.000 312988.000
    70: 318206.000 319645.000 321538.000 325311.000 327059.000
    75: 328356.000 331376.000 333150.000 334253.000 336086.000
E:
     0: 20150.000 20173.000 20288.000 23380.000 29916.000
     5: 35533.000 39729.000 40002.000 40039.000 40251.000
    10: 40893.000 44944.000 44971.000 44974.000 45001.000
    15: 47552.000 49247.000 49250.000 49265.000 52460.000
    20: 52509.000 55927.000 56281.000 57871.000 57879.000
    25: 58525.000 58832.000 59215.000 59358.000 59915.000
    30: 60105.000 60570.000 62458.000 62883.000 62899.000
    35: 63666.000 63684.000 64017.000 65082.000 65884.000
    40: 65899.000 66399.000 66909.000 67160.000 67371.000
    45: 68717.000 68771.000 69224.000 71450.000 71604.000
    50: 71930.000 73797.000 74858.000 75853.000 76768.000
    55: 77091.000 77189.000 78513.000 79073.000 80507.000
    60: 81179.000 81644.000 81774.000 82266.000 82271.000
    65: 83522.000 83534.000 84265.000 85208.000 85561.000
    70: 85847.000 86301.000 87163.000 88040.000 89149.000
    75: 89704.000 90552.000 91667.000 92582.000 92946.000
    80: 93762.000 94729.000 95026.000 95045.000 95683.000
    85: 96170.000 96666.000 97308.000 98279.000 99351.000
    90: 100255.000 101251.000 101742.000 101890.000 102454.000
    95: 103144.000 104428.000 105208.000 105828.000 107344.000
   100: 109228.000 109495.000 110533.000 111599.000 111606.000
   105: 111684.000 112146.000 113170.000 114684.000 116220.000
   110: 116693.000 117375.000 118411.000 119322.000 119914.000
   115: 120851.000 122021.000 123025.000 124591.000 125700.000
   120: 126515.000 126997.000 127851.000 129192.000 130582.000
   125: 131045.000 132066.000 132562.000 133368.000 134341.000
   130: 135085.000 135997.000 136533.000 137464.000 141063.000
   135: 141669.000 143346.000 144085.000 145880.000 147435.000
   140: 148426.000 149347.000 151135.000 151156.000 151952.000
   145: 152494.000 156966.000 156987.000 156996.000 161401.000
   150: 162125.000 162137.000 163043.000 164437.000 165301.000
   155: 166197.000 166421.000 166595.000 170185.000 170221.000
   160: 170324.000 171123.000 172010.000 172792.000 172824.000
   165: 172998.000 173751.000 173767.000 174277.000 175730.000
   170: 176597.000 177500.000 177505.000 178173.000 178178.000
   175: 178814.000 179019.000 179031.000 179991.000 180000.000
   180: 180319.000 181565.000 181852.000 184141.000 184995.000
   185: 186046.000 187634.000 187915.000 192283.000 198048.000
   190: 198762.000 198782.000 199805.000 200150.000 200166.000
   195: 200804.000 201664.000 202699.000 204593.000 204723.000
   200: 206395.000 220049.000 220802.000 221418.000 221559.000
   205: 222075.000 223003.000 224178.000 224680.000 224902.000
   210: 232078.000 233314.000 233996.000 234415.000 238797.000
   215: 238984.000 245986.000 245992.000 246017.000 246081.000
   220: 247323.000 247991.000 248382.000 249772.000 250359.000
   225: 251413.000 252541.000 254068.000 254695.000 256757.000
   230: 257770.000 259071.000 260722.000 262309.000 262921.000
   235: 266828.000 269927.000 269944.000 274739.000 276488.000
   240: 283360.000 290265.000 306248.000 309099.000 312184.000
   245: 312562.000 313537.000 315154.000 315160.000 317218.000
   250: 317732.000 318297.000 318346.000 318541.000 319789.000
   255: 319898.000 320095.000 321892.000 322064.000 322946.000
   260: 323478.000 324351.000 324360.000 324744.000 324759.000
   265: 325676.000 325922.000 326595.000 327138.000 327990.000
   270: 328517.000 329291.000 329804.000 330718.000 330725.000
   275: 331503.000 331919.000 332402.000 333297.000 334496.000
   280: 336214.000 337349.000 343259.000 343369.000 345114.000
   285: 345123.000 348003.000 352971.000 355301.000 357470.000
   290: 357482.000 357497.000
Q:
     0: 6803.000 34159.000 46224.000 62210.000 73929.000
     5: 77481.000 79450.000 84479.000 91033.000 93150.000
    10: 97510.000 100515.000 103680.000 106551.000 108071.000
    15: 114016.000 115471.000 118678.000 120119.000 123766.000
    20: 127139.000 129915.000 131348.000 135304.000 142956.000
    25: 144977.000 147686.000 153384.000 162311.000 165469.000
    30: 170646.000 174972.000 179359.000 184308.000 186330.000
    35: 198410.000 201947.000 222245.000 232669.000 246569.000
    40: 248944.000 250656.000 253346.000 256021.000 260046.000
    45: 261370.000 275850.000 287668.000 312669.000 321277.000
    50: 323657.000 325048.000 330025.000 332806.000 335443.000
    55: 357685.000
