File: C:\MED-PC\Data\2019-07-31_12h51m_Subject 19001.txt


Start Date: 07/31/19
End Date: 07/31/19
Subject: 19001
Experiment: 
Group: 1
Box: 2
Start Time: 12:51:48
End Time: 13:51:56
MSN: FR8 8p First Lever Laser 50
B:   8.000
F:   1.000
H: 252.000
L: 976.000
R:  77.000
U:  62.000
V: 157.000
A:
     0:    0.000    1.000
C:
     0: 6896.000 10263.000 10346.000 11467.000 11529.000
     5: 11553.000 11582.000 11618.000 19210.000 22849.000
    10: 22898.000 22921.000 22954.000 23012.000 23025.000
    15: 23060.000 23500.000 23528.000 23551.000 23624.000
    20: 23673.000 23712.000 23743.000 23758.000 23781.000
    25: 24167.000 24213.000 24248.000 24264.000 24281.000
    30: 24297.000 24317.000 24387.000 24408.000 24430.000
    35: 24449.000 24471.000 24527.000 24557.000 27529.000
    40: 27546.000 27582.000 27620.000 27656.000 28450.000
    45: 28481.000 28509.000 28537.000 28589.000 28622.000
    50: 28998.000 29127.000 29197.000 29214.000 29229.000
    55: 31416.000 31465.000 31537.000 31569.000 31640.000
    60: 31682.000 36247.000 36289.000 36322.000 36341.000
    65: 36365.000 36410.000 36424.000 36437.000 36470.000
    70: 42068.000 42096.000 43263.000 43300.000 43321.000
    75: 43340.000 43357.000 43378.000 43396.000 43459.000
    80: 43485.000 43533.000 43549.000 47120.000 47160.000
    85: 47235.000 47250.000 47326.000 47355.000 47395.000
    90: 47428.000 47458.000 47526.000 49643.000 49696.000
    95: 49716.000 49760.000 49806.000 49840.000 49857.000
   100: 49876.000 49960.000 50013.000 50027.000 52909.000
   105: 52944.000 52956.000 52974.000 52996.000 53019.000
   110: 53034.000 53067.000 53081.000 53103.000 53197.000
   115: 53212.000 53283.000 53302.000 54645.000 54680.000
   120: 54694.000 54716.000 54733.000 54760.000 54773.000
   125: 54790.000 54812.000 54877.000 54893.000 54908.000
   130: 54927.000 54979.000 56300.000 56348.000 56359.000
   135: 56381.000 56404.000 56434.000 56501.000 56528.000
   140: 56580.000 56606.000 56626.000 56689.000 59140.000
   145: 59171.000 59190.000 59207.000 60387.000 60428.000
   150: 60467.000 60510.000 60524.000 60543.000 60615.000
   155: 60633.000 60654.000 60700.000 61929.000 61967.000
   160: 61988.000 62005.000 62058.000 62106.000 62192.000
   165: 62233.000 62245.000 63526.000 63557.000 63566.000
   170: 63587.000 63646.000 63664.000 63683.000 63765.000
   175: 63783.000 63801.000 63871.000 63924.000 65693.000
   180: 65725.000 65763.000 65783.000 65844.000 65874.000
   185: 65883.000 65902.000 66074.000 70322.000 70354.000
   190: 70369.000 70387.000 70456.000 70470.000 70533.000
   195: 70567.000 72378.000 72413.000 72442.000 72462.000
   200: 72495.000 72522.000 72537.000 72556.000 75420.000
   205: 75540.000 75569.000 75585.000 75611.000 75630.000
   210: 75654.000 75663.000 78052.000 78099.000 78117.000
   215: 78133.000 78191.000 78244.000 78269.000 78618.000
   220: 78649.000 78688.000 78701.000 78723.000 78769.000
   225: 78887.000 78904.000 78921.000 80393.000 80424.000
   230: 80448.000 80469.000 80533.000 80561.000 80583.000
   235: 80599.000 80620.000 80675.000 80718.000 82185.000
   240: 82223.000 82247.000 82276.000 82292.000 82370.000
   245: 82400.000 82435.000 82546.000 82566.000 82595.000
   250: 83688.000 83765.000 83801.000 83864.000 83937.000
   255: 83954.000 83975.000 84100.000 84117.000 85590.000
   260: 85622.000 85644.000 85661.000 85689.000 85744.000
   265: 85765.000 85778.000 85794.000 85848.000 85860.000
   270: 85912.000 85981.000 90920.000 90955.000 91053.000
   275: 91067.000 91087.000 91144.000 91159.000 91207.000
   280: 91238.000 91280.000 92680.000 92746.000 92769.000
   285: 92823.000 92870.000 92889.000 92908.000 93374.000
   290: 93425.000 93468.000 93491.000 93589.000 93603.000
   295: 93623.000 93849.000 93870.000 95433.000 95477.000
   300: 95531.000 95545.000 95559.000 95582.000 95646.000
   305: 95679.000 95742.000 95812.000 95823.000 96736.000
   310: 96768.000 96815.000 96845.000 96889.000 96904.000
   315: 96922.000 97325.000 97377.000 97395.000 97417.000
   320: 97467.000 97481.000 97537.000 97628.000 97661.000
   325: 97686.000 97778.000 97794.000 99208.000 99254.000
   330: 99273.000 99292.000 99327.000 99390.000 99441.000
   335: 99529.000 101683.000 101754.000 101838.000 101865.000
   340: 101876.000 101892.000 101954.000 102042.000 103320.000
   345: 103359.000 103416.000 103436.000 103490.000 103496.000
   350: 103559.000 103569.000 103666.000 103678.000 105483.000
   355: 105517.000 105537.000 105583.000 105603.000 105649.000
   360: 105718.000 105733.000 105822.000 114050.000 114210.000
   365: 114228.000 114343.000 116064.000 116081.000 116137.000
   370: 116153.000 116179.000 116220.000 116537.000 116554.000
   375: 116567.000 116582.000 116623.000 116636.000 116661.000
   380: 116740.000 117820.000 117866.000 117884.000 117960.000
   385: 117976.000 118091.000 118107.000 118121.000 119525.000
   390: 119551.000 119573.000 119624.000 119641.000 119674.000
   395: 119782.000 119798.000 119835.000 119902.000 122356.000
   400: 122373.000 122407.000 122427.000 122484.000 122508.000
   405: 122554.000 122578.000 122598.000 122651.000 123696.000
   410: 123729.000 123753.000 123779.000 123798.000 123845.000
   415: 123857.000 123875.000 123895.000 123909.000 123923.000
   420: 123965.000 123979.000 124855.000 124893.000 124909.000
   425: 124937.000 124986.000 125038.000 125052.000 125068.000
   430: 125125.000 125149.000 126204.000 126236.000 126285.000
   435: 126317.000 126333.000 126404.000 126449.000 126492.000
   440: 127363.000 127425.000 127439.000 127511.000 127544.000
   445: 127624.000 127641.000 127736.000 127840.000 129122.000
   450: 129159.000 129189.000 129234.000 129270.000 129284.000
   455: 129415.000 129449.000 129485.000 129519.000 130551.000
   460: 130577.000 130586.000 130605.000 130620.000 130678.000
   465: 130724.000 130783.000 130801.000 135132.000 135261.000
   470: 141629.000 145243.000 145485.000 145507.000 145520.000
   475: 145549.000 145680.000 145695.000 148179.000 148198.000
   480: 148213.000 148230.000 148273.000 148289.000 148349.000
   485: 148427.000 148445.000 149804.000 150042.000 150062.000
   490: 150077.000 161605.000 161653.000 161675.000 161766.000
   495: 163848.000 163870.000 163888.000 163907.000 164047.000
   500: 164063.000 164080.000 164327.000 164364.000 164393.000
   505: 164421.000 164443.000 164467.000 164492.000 164514.000
   510: 164531.000 166368.000 166400.000 166418.000 166443.000
   515: 166536.000 166574.000 166625.000 167099.000 167143.000
   520: 167169.000 167281.000 167299.000 167324.000 167353.000
   525: 167369.000 167390.000 167427.000 167445.000 168354.000
   530: 168394.000 168412.000 168443.000 168460.000 168491.000
   535: 168529.000 168549.000 168567.000 169919.000 169942.000
   540: 169959.000 170048.000 170063.000 170082.000 170149.000
   545: 170168.000 171910.000 172111.000 172121.000 172294.000
   550: 172308.000 172325.000 173016.000 173054.000 173072.000
   555: 173088.000 173116.000 173245.000 173260.000 173273.000
   560: 173323.000 174042.000 174114.000 174132.000 174154.000
   565: 174277.000 174291.000 174368.000 174529.000 174554.000
   570: 174575.000 175720.000 175760.000 175777.000 175861.000
   575: 175916.000 175981.000 175992.000 176004.000 176024.000
   580: 176049.000 176068.000 177144.000 177181.000 177199.000
   585: 177253.000 177295.000 177319.000 177846.000 177889.000
   590: 177905.000 177918.000 177937.000 178055.000 178067.000
   595: 178167.000 178185.000 178224.000 178244.000 179796.000
   600: 179864.000 179931.000 179960.000 180116.000 180616.000
   605: 184615.000 184808.000 184826.000 199695.000 199734.000
   610: 199830.000 204024.000 204047.000 204066.000 204152.000
   615: 204164.000 204575.000 204624.000 204644.000 204700.000
   620: 204720.000 204743.000 204871.000 204887.000 210815.000
   625: 210844.000 210859.000 210878.000 210910.000 210927.000
   630: 210949.000 211063.000 211078.000 211092.000 212465.000
   635: 212508.000 212544.000 212557.000 212571.000 212646.000
   640: 212702.000 213093.000 213145.000 213166.000 213253.000
   645: 213275.000 213325.000 214177.000 214219.000 214233.000
   650: 214243.000 214271.000 214288.000 214312.000 214389.000
   655: 214409.000 214445.000 214459.000 214486.000 215356.000
   660: 215413.000 215425.000 215446.000 215480.000 215495.000
   665: 215529.000 215567.000 215589.000 215632.000 215718.000
   670: 217329.000 217363.000 217382.000 217399.000 217427.000
   675: 217442.000 217486.000 217554.000 217580.000 221038.000
   680: 221314.000 221338.000 221395.000 221420.000 221439.000
   685: 221766.000 221796.000 221814.000 221849.000 221872.000
   690: 221903.000 221915.000 221940.000 221971.000 222024.000
   695: 222066.000 222085.000 222964.000 223008.000 223027.000
   700: 223046.000 223075.000 223105.000 223163.000 223245.000
   705: 223255.000 224704.000 224749.000 224777.000 224790.000
   710: 224825.000 224861.000 224912.000 224936.000 224965.000
   715: 224984.000 225986.000 226022.000 226041.000 226112.000
   720: 226180.000 226197.000 226311.000 226322.000 226338.000
   725: 227792.000 227825.000 227846.000 227867.000 227897.000
   730: 227949.000 227987.000 228000.000 228020.000 228108.000
   735: 228118.000 228137.000 229130.000 229160.000 229173.000
   740: 229206.000 229224.000 229254.000 229361.000 229372.000
   745: 229411.000 229523.000 229533.000 231130.000 231176.000
   750: 231193.000 231246.000 231279.000 231309.000 231390.000
   755: 231411.000 232392.000 232445.000 232471.000 232504.000
   760: 232520.000 232536.000 232576.000 232662.000 232699.000
   765: 232719.000 234948.000 234987.000 235016.000 235035.000
   770: 235199.000 235220.000 235316.000 235329.000 240839.000
   775: 248523.000 248561.000 248579.000 248660.000 248694.000
   780: 248707.000 248728.000 249707.000 249732.000 249744.000
   785: 249771.000 249788.000 249827.000 249863.000 249875.000
   790: 249923.000 249957.000 249971.000 251143.000 251209.000
   795: 251226.000 251272.000 251294.000 251350.000 251378.000
   800: 251401.000 251421.000 251437.000 251458.000 251572.000
   805: 252467.000 252526.000 252563.000 252577.000 252609.000
   810: 252655.000 252688.000 252730.000 252753.000 252764.000
   815: 254067.000 254106.000 254142.000 254156.000 254177.000
   820: 254229.000 254326.000 254351.000 254404.000 254439.000
   825: 255496.000 255557.000 255577.000 255693.000 255711.000
   830: 255890.000 255903.000 256013.000 256027.000 257537.000
   835: 257584.000 257602.000 257665.000 257678.000 257740.000
   840: 257758.000 257772.000 257790.000 257886.000 257906.000
   845: 257924.000 259327.000 259654.000 259671.000 259700.000
   850: 260458.000 260504.000 260528.000 260570.000 260612.000
   855: 260658.000 260677.000 261061.000 261095.000 261127.000
   860: 261157.000 261172.000 261253.000 261297.000 261321.000
   865: 261435.000 261532.000 261544.000 262146.000 262171.000
   870: 262184.000 262212.000 262234.000 262260.000 262334.000
   875: 262415.000 262429.000 277699.000 279741.000 279791.000
   880: 287416.000 288713.000 288795.000 289038.000 289958.000
   885: 293493.000 297768.000 303184.000 303246.000 303258.000
   890: 303384.000 303395.000 303412.000 303432.000 303559.000
   895: 303578.000 305577.000 305668.000 305684.000 305704.000
   900: 305750.000 305761.000 305807.000 305837.000 305894.000
   905: 310836.000 310870.000 310888.000 310909.000 310963.000
   910: 310979.000 311002.000 312964.000 313004.000 313122.000
   915: 313143.000 313156.000 331328.000 331538.000 331583.000
   920: 332924.000 332966.000 333007.000 333032.000 333050.000
   925: 333083.000 333129.000 333141.000 344915.000 344951.000
   930: 345011.000 345660.000 345674.000 345688.000 345716.000
   935: 345749.000 345772.000 345879.000 345897.000 345925.000
   940: 346913.000 347004.000 347037.000 347060.000 347119.000
   945: 347138.000 347170.000 347211.000 347241.000 347255.000
   950: 353704.000 353732.000 354161.000 354175.000 354229.000
   955: 354250.000 355289.000 355317.000 355331.000 355361.000
   960: 355376.000 355408.000 355444.000 355466.000 355492.000
   965: 355588.000 355617.000 357211.000 357234.000 357247.000
   970: 357265.000 357385.000 357456.000 357914.000 357949.000
   975: 357967.000
D:
     0: 23758.000 24387.000 29127.000 36437.000 43459.000
     5: 47428.000 49876.000 53067.000 54790.000 56528.000
    10: 60633.000 62233.000 63765.000 65902.000 70567.000
    15: 72556.000 75663.000 78904.000 80599.000 82435.000
    20: 84100.000 85778.000 91207.000 93849.000 95679.000
    25: 97628.000 99529.000 102042.000 103569.000 105733.000
    30: 116740.000 118121.000 119798.000 122578.000 123875.000
    35: 125068.000 126492.000 127736.000 129449.000 130783.000
    40: 148427.000 164514.000 167369.000 168549.000 170168.000
    45: 173273.000 174529.000 176004.000 178167.000 204887.000
    50: 211063.000 214389.000 215567.000 217554.000 221940.000
    55: 223245.000 224936.000 226322.000 228000.000 229372.000
    60: 231411.000 232662.000 235329.000 249875.000 251401.000
    65: 252730.000 254351.000 256013.000 257772.000 261321.000
    70: 262415.000 303559.000 305837.000 333050.000 345897.000
    75: 347211.000 355466.000
E:
     0: 1331.000 4521.000 7435.000 8328.000 9701.000
     5: 11740.000 16084.000 19487.000 19560.000 22108.000
    10: 23172.000 23912.000 24666.000 24675.000 26381.000
    15: 27930.000 27943.000 29305.000 29314.000 29338.000
    20: 29371.000 29377.000 29383.000 30434.000 31146.000
    25: 31959.000 31970.000 33181.000 35594.000 36678.000
    30: 41440.000 42946.000 42983.000 43635.000 44045.000
    35: 46388.000 47651.000 49119.000 50150.000 51901.000
    40: 53390.000 53472.000 53513.000 54278.000 55094.000
    45: 55351.000 55397.000 56797.000 58599.000 59347.000
    50: 60170.000 60792.000 60806.000 62348.000 62354.000
    55: 62359.000 63304.000 64005.000 65415.000 66162.000
    60: 68839.000 68916.000 70696.000 72687.000 75785.000
    65: 75801.000 75910.000 75970.000 77708.000 78343.000
    70: 79009.000 80810.000 82680.000 84192.000 84199.000
    75: 85362.000 86049.000 88683.000 88707.000 90348.000
    80: 90360.000 91363.000 91412.000 91482.000 92996.000
    85: 93943.000 94847.000 95903.000 97057.000 97060.000
    90: 97873.000 99628.000 101386.000 102118.000 102918.000
    95: 103761.000 105907.000 108929.000 112547.000 112685.000
   100: 113710.000 114465.000 116345.000 116818.000 118212.000
   105: 119217.000 119986.000 121027.000 122079.000 122729.000
   110: 124070.000 124591.000 125235.000 126599.000 127940.000
   115: 127951.000 127970.000 128749.000 129615.000 130995.000
   120: 131926.000 134664.000 141151.000 141160.000 141167.000
   125: 143433.000 144899.000 145776.000 147956.000 148516.000
   130: 148997.000 150204.000 151444.000 152938.000 155328.000
   135: 155949.000 161908.000 164158.000 164593.000 166681.000
   140: 166694.000 166703.000 167513.000 168711.000 170246.000
   145: 172484.000 173429.000 174669.000 176140.000 177456.000
   150: 178328.000 180234.000 182843.000 184173.000 184179.000
   155: 185896.000 187865.000 193264.000 196108.000 199936.000
   160: 204315.000 204318.000 204953.000 204963.000 208407.000
   165: 211180.000 212050.000 212842.000 213436.000 214572.000
   170: 215795.000 219695.000 220765.000 221529.000 222162.000
   175: 223333.000 224449.000 225060.000 226427.000 228234.000
   180: 228928.000 229635.000 230635.000 231506.000 231511.000
   185: 232817.000 232821.000 234540.000 235411.000 237615.000
   190: 237638.000 237705.000 237714.000 237767.000 237836.000
   195: 240334.000 240439.000 244524.000 247842.000 248828.000
   200: 250152.000 250232.000 251641.000 252849.000 254503.000
   205: 255149.000 255181.000 256101.000 257277.000 258008.000
   210: 259036.000 259794.000 260800.000 261611.000 262514.000
   215: 264623.000 269274.000 271398.000 274783.000 279988.000
   220: 284999.000 287712.000 289156.000 293375.000 294781.000
   225: 299933.000 299958.000 303656.000 303670.000 305982.000
   230: 309030.000 310503.000 311077.000 312632.000 312768.000
   235: 313230.000 320483.000 330579.000 333256.000 342430.000
   240: 345124.000 346027.000 346065.000 347338.000 347350.000
   245: 352706.000 354322.000 354539.000 355686.000 356780.000
   250: 357531.000 358948.000
Q:
     0: 10263.000 22849.000 23500.000 27529.000 31416.000
     5: 43263.000 47120.000 52909.000 59140.000 60387.000
    10: 63526.000 70322.000 75420.000 80393.000 83688.000
    15: 85590.000 93374.000 95433.000 97325.000 101683.000
    20: 114050.000 116064.000 119525.000 123696.000 124855.000
    25: 127363.000 135132.000 145243.000 148179.000 161605.000
    30: 164327.000 167099.000 169919.000 174042.000 175720.000
    35: 177846.000 184615.000 199695.000 210815.000 213093.000
    40: 214177.000 221038.000 221766.000 224704.000 229130.000
    45: 232392.000 234948.000 249707.000 252467.000 255496.000
    50: 259327.000 260458.000 262146.000 287416.000 293493.000
    55: 303184.000 310836.000 331328.000 344915.000 346913.000
    60: 357211.000 357914.000
