File: C:\MED-PC\Data\2019-08-02_13h36m_Subject 19012.txt


Start Date: 08/02/19
End Date: 08/02/19
Subject: 19012
Experiment: 
Group: 0
Box: 2
Start Time: 13:36:54
End Time: 14:39:26
MSN: FR8 8p First Lever Laser 50
B:   8.000
F:   1.000
H: 151.000
L: 778.000
R:  61.000
U:  47.000
V: 123.000
A:
     0:    0.000    1.000
C:
     0: 10225.000 15835.000 15861.000 15904.000 15951.000
     5: 19180.000 26001.000 26036.000 26074.000 26113.000
    10: 26122.000 26207.000 26236.000 27262.000 27280.000
    15: 27312.000 27333.000 27354.000 27385.000 27398.000
    20: 27423.000 27461.000 28114.000 28151.000 28173.000
    25: 28184.000 28241.000 28252.000 28318.000 28666.000
    30: 28707.000 28721.000 28772.000 28805.000 28852.000
    35: 28865.000 28927.000 30248.000 30300.000 30331.000
    40: 30355.000 30367.000 30413.000 30462.000 30511.000
    45: 31906.000 31945.000 31997.000 32022.000 32064.000
    50: 32098.000 32111.000 32155.000 33559.000 33618.000
    55: 33683.000 33711.000 33786.000 34455.000 34486.000
    60: 34498.000 34511.000 34536.000 34560.000 34605.000
    65: 34640.000 34713.000 35755.000 35791.000 35817.000
    70: 35834.000 35869.000 35909.000 35951.000 35981.000
    75: 35996.000 36033.000 37252.000 37285.000 37368.000
    80: 37411.000 37437.000 37540.000 37968.000 37998.000
    85: 38030.000 38072.000 38089.000 38107.000 38178.000
    90: 38576.000 38619.000 38665.000 38687.000 38719.000
    95: 38734.000 38796.000 38829.000 38873.000 38907.000
   100: 40119.000 40148.000 40191.000 40213.000 40226.000
   105: 40248.000 40276.000 40288.000 40328.000 40367.000
   110: 40436.000 41320.000 41349.000 41396.000 41423.000
   115: 41452.000 41489.000 41549.000 41608.000 41651.000
   120: 42731.000 42801.000 42816.000 42859.000 42890.000
   125: 42916.000 42947.000 42986.000 43011.000 43116.000
   130: 44829.000 44873.000 44901.000 44929.000 44977.000
   135: 44994.000 44998.000 45070.000 45088.000 46230.000
   140: 46261.000 46297.000 46320.000 46337.000 46415.000
   145: 46436.000 46456.000 46509.000 48819.000 48852.000
   150: 48892.000 48913.000 48952.000 48994.000 49038.000
   155: 49052.000 49098.000 49130.000 49321.000 49365.000
   160: 49406.000 50357.000 50401.000 50431.000 50486.000
   165: 50518.000 50531.000 50593.000 50626.000 50683.000
   170: 50728.000 50816.000 55627.000 55648.000 55692.000
   175: 55729.000 55740.000 55749.000 55781.000 55800.000
   180: 55833.000 55870.000 56049.000 56063.000 56274.000
   185: 56324.000 56335.000 57603.000 57620.000 57686.000
   190: 57696.000 57716.000 57737.000 57785.000 57817.000
   195: 57875.000 57928.000 57950.000 58000.000 58989.000
   200: 59016.000 59045.000 59069.000 59093.000 59104.000
   205: 59177.000 59225.000 59239.000 59255.000 60253.000
   210: 60279.000 60346.000 60364.000 60522.000 60568.000
   215: 60603.000 60626.000 60641.000 60679.000 60719.000
   220: 61653.000 61693.000 61730.000 61766.000 61817.000
   225: 61857.000 61917.000 62006.000 62078.000 63353.000
   230: 63378.000 63407.000 63462.000 63484.000 63537.000
   235: 63569.000 63599.000 63613.000 63688.000 64528.000
   240: 64536.000 64561.000 64588.000 64638.000 64676.000
   245: 64719.000 65188.000 65219.000 65249.000 65272.000
   250: 65302.000 65365.000 65421.000 65447.000 65535.000
   255: 66817.000 66942.000 66984.000 66990.000 67018.000
   260: 67067.000 67083.000 67143.000 67194.000 67264.000
   265: 71043.000 71172.000 71245.000 71270.000 77419.000
   270: 77460.000 77525.000 77543.000 77555.000 77604.000
   275: 77615.000 77632.000 77648.000 77678.000 77723.000
   280: 78739.000 78781.000 78803.000 78825.000 78849.000
   285: 78879.000 78943.000 79051.000 79128.000 79162.000
   290: 80196.000 80227.000 80298.000 80328.000 80387.000
   295: 80411.000 80434.000 80462.000 80699.000 80742.000
   300: 81779.000 81801.000 81816.000 81876.000 81893.000
   305: 81929.000 81979.000 82012.000 83103.000 83127.000
   310: 83156.000 83199.000 83232.000 83248.000 83262.000
   315: 83314.000 83354.000 84445.000 84477.000 84531.000
   320: 84542.000 84559.000 84592.000 84610.000 84655.000
   325: 84717.000 84766.000 84809.000 84877.000 86450.000
   330: 86482.000 86556.000 86620.000 86690.000 86735.000
   335: 86881.000 91611.000 91629.000 91724.000 91739.000
   340: 91815.000 91826.000 92192.000 92214.000 92265.000
   345: 92318.000 92339.000 92368.000 92700.000 92736.000
   350: 92768.000 92813.000 92841.000 92874.000 92891.000
   355: 92955.000 93094.000 102468.000 102523.000 102555.000
   360: 102570.000 102601.000 103089.000 103104.000 103126.000
   365: 103147.000 103160.000 103198.000 103209.000 103236.000
   370: 103271.000 103323.000 103366.000 103421.000 103467.000
   375: 104713.000 104748.000 104787.000 104795.000 104809.000
   380: 104822.000 104862.000 104872.000 104896.000 106118.000
   385: 106153.000 106179.000 106240.000 106273.000 106348.000
   390: 106816.000 106842.000 106866.000 106909.000 106954.000
   395: 107010.000 107042.000 107219.000 107238.000 107310.000
   400: 108315.000 108337.000 108372.000 108401.000 108441.000
   405: 108454.000 108471.000 108520.000 108551.000 108594.000
   410: 110399.000 110446.000 110490.000 110504.000 110545.000
   415: 110558.000 110584.000 110626.000 110642.000 110767.000
   420: 110827.000 110839.000 112330.000 112361.000 112393.000
   425: 112419.000 112436.000 112447.000 112459.000 112515.000
   430: 112551.000 112563.000 112628.000 112644.000 120844.000
   435: 120908.000 120970.000 120986.000 128535.000 128568.000
   440: 128594.000 128621.000 128713.000 128723.000 132981.000
   445: 133916.000 135055.000 135167.000 135184.000 135201.000
   450: 135234.000 135279.000 135291.000 135832.000 135843.000
   455: 135855.000 135882.000 135916.000 135931.000 135972.000
   460: 135982.000 136046.000 136778.000 136805.000 136834.000
   465: 136864.000 136875.000 136893.000 136926.000 136960.000
   470: 136972.000 137024.000 137066.000 137087.000 137131.000
   475: 138142.000 138168.000 138218.000 138258.000 138305.000
   480: 138319.000 138341.000 138357.000 138390.000 139398.000
   485: 139435.000 139454.000 139497.000 139523.000 139569.000
   490: 139580.000 139605.000 139632.000 139681.000 142468.000
   495: 142489.000 142537.000 142550.000 142585.000 142633.000
   500: 142652.000 142762.000 144680.000 144702.000 144756.000
   505: 144771.000 144831.000 144855.000 144885.000 157338.000
   510: 157367.000 157385.000 163971.000 164013.000 164083.000
   515: 165100.000 165121.000 234331.000 234413.000 234452.000
   520: 234479.000 234520.000 234567.000 234582.000 234598.000
   525: 234613.000 234627.000 235655.000 235676.000 235698.000
   530: 235718.000 235756.000 235780.000 235788.000 235811.000
   535: 236748.000 236781.000 236810.000 236852.000 236868.000
   540: 236885.000 236908.000 236924.000 238279.000 238305.000
   545: 238328.000 238351.000 238377.000 238391.000 238921.000
   550: 238953.000 238989.000 239025.000 239334.000 239367.000
   555: 239384.000 239411.000 239438.000 239456.000 239506.000
   560: 239548.000 239630.000 241069.000 241104.000 241134.000
   565: 241145.000 241169.000 241185.000 241514.000 241557.000
   570: 241583.000 241618.000 241643.000 241678.000 242062.000
   575: 242091.000 242117.000 242139.000 242159.000 242174.000
   580: 242202.000 242215.000 242253.000 242294.000 243114.000
   585: 243175.000 243200.000 243209.000 243242.000 243253.000
   590: 243266.000 243286.000 243325.000 244400.000 244434.000
   595: 244469.000 244483.000 244525.000 244573.000 244606.000
   600: 244852.000 244901.000 244927.000 244976.000 246072.000
   605: 246125.000 246144.000 246173.000 246199.000 246248.000
   610: 246268.000 246290.000 246346.000 246386.000 247218.000
   615: 247253.000 247272.000 247301.000 247322.000 247339.000
   620: 247356.000 247374.000 248513.000 248538.000 248592.000
   625: 248630.000 248656.000 248684.000 248705.000 249066.000
   630: 249104.000 249124.000 249159.000 249195.000 249222.000
   635: 249235.000 249594.000 249621.000 249676.000 249680.000
   640: 249691.000 249718.000 249728.000 249765.000 249806.000
   645: 249820.000 250476.000 250506.000 250576.000 250590.000
   650: 250626.000 250669.000 250699.000 251121.000 251158.000
   655: 251190.000 251209.000 251237.000 251253.000 251332.000
   660: 251413.000 251462.000 251502.000 251545.000 252485.000
   665: 252513.000 252533.000 252561.000 252574.000 252591.000
   670: 252627.000 252665.000 252705.000 252721.000 252728.000
   675: 252746.000 254471.000 254516.000 254536.000 254562.000
   680: 254570.000 254609.000 254636.000 254657.000 254671.000
   685: 254718.000 255582.000 255622.000 255677.000 255718.000
   690: 255736.000 255746.000 255805.000 255873.000 255924.000
   695: 256859.000 256912.000 256946.000 256972.000 257014.000
   700: 257057.000 257088.000 257431.000 257485.000 257514.000
   705: 257531.000 257573.000 257631.000 257643.000 257698.000
   710: 258956.000 258975.000 258993.000 259010.000 259065.000
   715: 259082.000 259123.000 259179.000 259230.000 266826.000
   720: 266884.000 276035.000 277931.000 278011.000 285567.000
   725: 285604.000 285666.000 285689.000 285720.000 285739.000
   730: 285774.000 285786.000 285815.000 286704.000 286740.000
   735: 286755.000 286788.000 286814.000 286827.000 286871.000
   740: 286893.000 288158.000 288195.000 288247.000 288282.000
   745: 288298.000 288310.000 288341.000 288353.000 288371.000
   750: 288421.000 288455.000 289430.000 289478.000 289506.000
   755: 289547.000 289559.000 289606.000 289659.000 289671.000
   760: 290634.000 290682.000 290737.000 290751.000 290778.000
   765: 290793.000 295538.000 295641.000 295658.000 295693.000
   770: 295707.000 321080.000 321891.000 321972.000 321985.000
   775: 322008.000 322053.000 339558.000
D:
     0: 27423.000 28927.000 30511.000 32155.000 34640.000
     5: 35981.000 38829.000 40288.000 41608.000 42986.000
    10: 45070.000 46456.000 49052.000 50626.000 55800.000
    15: 57817.000 59225.000 60626.000 62006.000 63599.000
    20: 65447.000 67143.000 77632.000 79051.000 80462.000
    25: 82012.000 83314.000 84655.000 92736.000 103126.000
    30: 104872.000 107219.000 108520.000 110626.000 112515.000
    35: 133916.000 135982.000 136960.000 138357.000 139605.000
    40: 142762.000 234598.000 235811.000 236924.000 239548.000
    45: 242215.000 243286.000 244852.000 246290.000 247374.000
    50: 249765.000 251413.000 252665.000 254657.000 255873.000
    55: 257698.000 259179.000 285786.000 286893.000 288353.000
    60: 289671.000
E:
     0: 2426.000 4862.000 5682.000 8069.000 9399.000
     5: 11097.000 15400.000 23291.000 26451.000 26457.000
    10: 26471.000 26474.000 26493.000 27592.000 27602.000
    15: 27609.000 28504.000 29085.000 29088.000 29098.000
    20: 30699.000 30724.000 32296.000 32300.000 33237.000
    25: 33954.000 34306.000 34781.000 34792.000 36108.000
    30: 36143.000 36155.000 37603.000 38391.000 39095.000
    35: 40501.000 41824.000 43389.000 45181.000 46724.000
    40: 49518.000 50941.000 50949.000 54833.000 56556.000
    45: 58122.000 59417.000 60793.000 62265.000 63740.000
    50: 64845.000 65616.000 67498.000 67502.000 70436.000
    55: 73274.000 76541.000 77918.000 79306.000 80848.000
    60: 80866.000 82133.000 82143.000 83427.000 85108.000
    65: 87020.000 90741.000 91975.000 93417.000 97862.000
    70: 101824.000 103639.000 105084.000 106558.000 107601.000
    75: 107607.000 108868.000 110920.000 112802.000 116341.000
    80: 116356.000 126971.000 128229.000 134289.000 135454.000
    85: 136233.000 137297.000 137304.000 138490.000 139748.000
    90: 141969.000 143006.000 143010.000 143829.000 145007.000
    95: 150531.000 156835.000 156849.000 164510.000 165295.000
   100: 175697.000 191053.000 201674.000 218026.000 229633.000
   105: 234784.000 235924.000 237035.000 238512.000 239118.000
   110: 239795.000 239799.000 241319.000 241768.000 242380.000
   115: 243456.000 245170.000 246465.000 247440.000 248884.000
   120: 249432.000 249908.000 249910.000 250819.000 251662.000
   125: 252839.000 254883.000 255987.000 257224.000 257872.000
   130: 259353.000 261617.000 264515.000 270748.000 277445.000
   135: 277464.000 285067.000 285917.000 287008.000 288578.000
   140: 288604.000 289770.000 290941.000 294096.000 294104.000
   145: 303725.000 310481.000 310497.000 310503.000 321416.000
   150: 339732.000
Q:
     0: 10225.000 26001.000 28666.000 31906.000 33559.000
     5: 37252.000 38576.000 41320.000 42731.000 46230.000
    10: 50357.000 57603.000 61653.000 64528.000 65188.000
    15: 77419.000 80196.000 81779.000 86450.000 91611.000
    20: 102468.000 106118.000 108315.000 112330.000 135055.000
    25: 136778.000 138142.000 144680.000 157338.000 235655.000
    30: 238279.000 238921.000 241069.000 243114.000 244400.000
    35: 248513.000 249066.000 250476.000 254471.000 256859.000
    40: 257431.000 276035.000 277931.000 288158.000 290634.000
    45: 321080.000 321891.000
