File: C:\MED-PC\Data\2019-07-29_09h51m_Subject 19001.txt


Start Date: 07/29/19
End Date: 07/29/19
Subject: 19001
Experiment: 
Group: 1
Box: 1
Start Time: 09:51:26
End Time: 10:58:11
MSN: FR8 8p First Lever Laser 50
B:   8.000
F:   2.000
H: 221.000
L: 619.000
R:  37.000
U:  56.000
V:  47.000
A:
     0:    0.000    1.000
C:
     0: 6504.000 6616.000 7979.000 15113.000 15143.000
     5: 16665.000 16887.000 43919.000 43974.000 44053.000
    10: 44143.000 46746.000 46774.000 46796.000 46808.000
    15: 46949.000 46971.000 47004.000 47035.000 47052.000
    20: 47069.000 49110.000 49154.000 49184.000 49233.000
    25: 49249.000 49290.000 49344.000 49396.000 49451.000
    30: 49559.000 49578.000 49615.000 52499.000 52540.000
    35: 52549.000 52598.000 52638.000 52676.000 52734.000
    40: 52760.000 52772.000 52809.000 52831.000 55124.000
    45: 55165.000 55184.000 55212.000 55392.000 55407.000
    50: 55426.000 55459.000 55488.000 57898.000 57971.000
    55: 58007.000 58103.000 58689.000 58738.000 58777.000
    60: 58828.000 58941.000 59377.000 59426.000 59504.000
    65: 59582.000 59602.000 59696.000 60197.000 60232.000
    70: 60261.000 60288.000 60328.000 60350.000 60376.000
    75: 60411.000 62009.000 62039.000 62090.000 62109.000
    80: 62116.000 62137.000 62172.000 62193.000 62262.000
    85: 62306.000 62352.000 63728.000 63758.000 63840.000
    90: 63864.000 63881.000 63967.000 64036.000 64944.000
    95: 64967.000 64978.000 65027.000 65043.000 65066.000
   100: 65077.000 65100.000 65147.000 65226.000 66646.000
   105: 66696.000 66811.000 66850.000 66887.000 66945.000
   110: 67789.000 67818.000 67835.000 67856.000 67881.000
   115: 67895.000 67933.000 67947.000 68048.000 69371.000
   120: 69457.000 69474.000 69497.000 69538.000 69556.000
   125: 69581.000 69625.000 69671.000 70754.000 70875.000
   130: 70905.000 70940.000 70992.000 71046.000 71135.000
   135: 71165.000 71193.000 72833.000 72859.000 72912.000
   140: 72957.000 72999.000 73014.000 73076.000 73118.000
   145: 73184.000 73213.000 74304.000 74354.000 74371.000
   150: 74471.000 74504.000 74592.000 74630.000 75201.000
   155: 75239.000 75287.000 75321.000 75401.000 75414.000
   160: 75433.000 75443.000 76799.000 77003.000 77068.000
   165: 77175.000 77834.000 77896.000 77911.000 77931.000
   170: 77998.000 78038.000 78076.000 78131.000 78152.000
   175: 78216.000 78310.000 79531.000 79674.000 79710.000
   180: 79756.000 79787.000 79808.000 79844.000 80406.000
   185: 80468.000 80480.000 80515.000 80550.000 80590.000
   190: 80696.000 80718.000 82018.000 82157.000 82211.000
   195: 82355.000 82372.000 82404.000 84380.000 84438.000
   200: 84455.000 84514.000 84571.000 89500.000 89585.000
   205: 89634.000 89643.000 89699.000 89753.000 89765.000
   210: 90289.000 90361.000 90381.000 90400.000 90443.000
   215: 90495.000 90514.000 90533.000 90554.000 90629.000
   220: 90728.000 92306.000 92322.000 92530.000 92551.000
   225: 93449.000 93505.000 101986.000 102367.000 102422.000
   230: 102436.000 102464.000 102510.000 102594.000 102633.000
   235: 102716.000 105515.000 105550.000 105566.000 105593.000
   240: 105638.000 105653.000 105677.000 105715.000 105806.000
   245: 106919.000 106957.000 107001.000 107064.000 107076.000
   250: 107122.000 107201.000 107233.000 107258.000 107281.000
   255: 108865.000 109045.000 109137.000 109200.000 109821.000
   260: 109861.000 109896.000 109927.000 109962.000 110012.000
   265: 110060.000 110431.000 110470.000 110494.000 110522.000
   270: 110586.000 110657.000 110678.000 110770.000 111944.000
   275: 111973.000 112033.000 112046.000 112077.000 112161.000
   280: 112241.000 112808.000 112869.000 112903.000 112945.000
   285: 113007.000 113041.000 113055.000 113072.000 113142.000
   290: 113276.000 114417.000 114458.000 114475.000 114481.000
   295: 114487.000 114497.000 114552.000 114568.000 114644.000
   300: 116496.000 119016.000 119390.000 119554.000 119917.000
   305: 119959.000 119988.000 120025.000 120095.000 120163.000
   310: 120181.000 120202.000 121191.000 121232.000 121254.000
   315: 121370.000 121385.000 121483.000 122304.000 122365.000
   320: 122432.000 122456.000 122479.000 122511.000 122880.000
   325: 122990.000 123008.000 123133.000 123899.000 123944.000
   330: 123957.000 124003.000 124073.000 124088.000 124108.000
   335: 124175.000 124189.000 125307.000 125358.000 125433.000
   340: 125545.000 125563.000 128686.000 131857.000 132299.000
   345: 132345.000 132905.000 132928.000 132979.000 133173.000
   350: 133230.000 133506.000 133637.000 133796.000 133876.000
   355: 133889.000 133907.000 133961.000 134071.000 134961.000
   360: 135043.000 135064.000 135079.000 135148.000 135208.000
   365: 135232.000 135309.000 136849.000 136935.000 137352.000
   370: 137419.000 137443.000 137491.000 138284.000 142135.000
   375: 142196.000 142782.000 142936.000 143939.000 151462.000
   380: 151776.000 151801.000 151837.000 153909.000 154043.000
   385: 154079.000 154196.000 154227.000 156642.000 156695.000
   390: 156774.000 156802.000 156818.000 157167.000 157198.000
   395: 157244.000 157289.000 157313.000 157444.000 157856.000
   400: 158031.000 158707.000 158765.000 158802.000 158824.000
   405: 158908.000 158952.000 158972.000 159040.000 161095.000
   410: 161148.000 161174.000 161207.000 161268.000 161281.000
   415: 161388.000 161410.000 163174.000 163220.000 163239.000
   420: 163252.000 163303.000 163364.000 163378.000 163669.000
   425: 163715.000 163742.000 163787.000 163797.000 163825.000
   430: 163855.000 163874.000 163958.000 163994.000 164078.000
   435: 170568.000 173366.000 175116.000 175161.000 178459.000
   440: 180533.000 180551.000 180591.000 180602.000 180691.000
   445: 181037.000 181067.000 181695.000 181718.000 181770.000
   450: 181778.000 181791.000 181812.000 181831.000 181931.000
   455: 181954.000 182015.000 182104.000 184508.000 184571.000
   460: 184587.000 184605.000 184941.000 184973.000 184994.000
   465: 186280.000 197041.000 201520.000 201541.000 201560.000
   470: 201683.000 201692.000 201699.000 201718.000 201812.000
   475: 202898.000 202931.000 202947.000 203020.000 203094.000
   480: 206640.000 206730.000 209198.000 209278.000 209495.000
   485: 209510.000 209530.000 209594.000 209616.000 209624.000
   490: 209637.000 214521.000 214616.000 214876.000 214910.000
   495: 214962.000 215166.000 215217.000 215255.000 217736.000
   500: 217822.000 217845.000 217894.000 217923.000 218001.000
   505: 218015.000 218457.000 218517.000 218533.000 218574.000
   510: 218602.000 218643.000 219180.000 219222.000 219245.000
   515: 219312.000 219354.000 219513.000 219545.000 219566.000
   520: 221179.000 221247.000 221312.000 221329.000 221416.000
   525: 221497.000 222429.000 222475.000 222547.000 222674.000
   530: 225544.000 229157.000 229338.000 229364.000 229378.000
   535: 229394.000 233287.000 234836.000 236922.000 241531.000
   540: 249557.000 249847.000 259267.000 260137.000 262439.000
   545: 262581.000 263775.000 269774.000 269858.000 269888.000
   550: 269912.000 269944.000 270091.000 270117.000 270133.000
   555: 270182.000 271407.000 271474.000 271494.000 271503.000
   560: 271525.000 271578.000 271631.000 271724.000 273874.000
   565: 273942.000 273960.000 273984.000 274063.000 274114.000
   570: 274766.000 275240.000 299652.000 300206.000 304374.000
   575: 304499.000 308785.000 308917.000 315811.000 317786.000
   580: 318951.000 323389.000 323802.000 324026.000 324962.000
   585: 325023.000 328607.000 328744.000 328755.000 340068.000
   590: 341260.000 342064.000 342396.000 342453.000 342462.000
   595: 343970.000 344058.000 344081.000 344094.000 344111.000
   600: 344975.000 345226.000 345791.000 345941.000 345964.000
   605: 345981.000 346005.000 346022.000 348920.000 349164.000
   610: 349183.000 350808.000 350911.000 351753.000 352300.000
   615: 354375.000 354789.000 356591.000 358738.000
D:
     0: 47035.000 49396.000 52760.000 55459.000 60411.000
     5: 62193.000 65100.000 67947.000 69625.000 71165.000
    10: 73118.000 75443.000 78131.000 80718.000 90533.000
    15: 102716.000 105715.000 107233.000 110770.000 113072.000
    20: 114568.000 120202.000 124175.000 134071.000 135309.000
    25: 159040.000 161410.000 163874.000 181931.000 201812.000
    30: 209624.000 215255.000 219566.000 270133.000 271724.000
    35: 328744.000 345791.000
E:
     0:  384.000  604.000  622.000  700.000  729.000
     5:  735.000  746.000 3049.000 5000.000 5165.000
    10: 10237.000 13275.000 13535.000 15764.000 32905.000
    15: 36193.000 36195.000 36207.000 40114.000 43606.000
    20: 44367.000 44601.000 46161.000 47165.000 49702.000
    25: 53020.000 53031.000 53039.000 55606.000 57284.000
    30: 58276.000 58511.000 59031.000 59795.000 59797.000
    35: 59804.000 60609.000 62441.000 62446.000 63496.000
    40: 64160.000 64508.000 64697.000 65301.000 67068.000
    45: 67458.000 68203.000 69756.000 71327.000 72582.000
    50: 73292.000 74770.000 75515.000 76442.000 76537.000
    55: 77285.000 78395.000 79938.000 80833.000 81619.000
    60: 81653.000 82495.000 83852.000 87339.000 89169.000
    65: 89924.000 90822.000 92647.000 92653.000 95216.000
    70: 97406.000 100729.000 102116.000 102771.000 103626.000
    75: 104993.000 105019.000 105897.000 107412.000 109304.000
    80: 110187.000 110894.000 112364.000 113422.000 113431.000
    85: 114862.000 116029.000 118446.000 118458.000 119706.000
    90: 120291.000 120940.000 121649.000 122601.000 123460.000
    95: 124271.000 125089.000 125674.000 127016.000 129181.000
   100: 129381.000 130938.000 132447.000 133294.000 134213.000
   105: 135496.000 137699.000 138065.000 141575.000 143670.000
   110: 145323.000 151936.000 153641.000 153656.000 154320.000
   115: 156928.000 157564.000 158492.000 159128.000 160886.000
   120: 161561.000 162983.000 163465.000 163471.000 164172.000
   125: 166514.000 169920.000 173187.000 175505.000 180296.000
   130: 181162.000 182214.000 183422.000 183602.000 184265.000
   135: 185069.000 196521.000 197386.000 199953.000 201915.000
   140: 203208.000 203220.000 205599.000 208649.000 209723.000
   145: 209733.000 211909.000 213358.000 213382.000 215336.000
   150: 216500.000 216586.000 217051.000 217089.000 218139.000
   155: 218776.000 219668.000 220790.000 221624.000 224824.000
   160: 224997.000 226985.000 228869.000 232444.000 234582.000
   165: 237025.000 237202.000 237402.000 239271.000 241314.000
   170: 243711.000 248795.000 254523.000 256155.000 258512.000
   175: 262306.000 262653.000 262665.000 262941.000 262944.000
   180: 263425.000 263873.000 263935.000 264017.000 264035.000
   185: 264042.000 264052.000 264185.000 270310.000 271786.000
   190: 273059.000 273544.000 274213.000 290385.000 292201.000
   195: 292965.000 302342.000 303822.000 308637.000 317360.000
   200: 317374.000 317953.000 317974.000 330662.000 331114.000
   205: 332730.000 332866.000 335057.000 335291.000 335478.000
   210: 341627.000 342726.000 346251.000 346273.000 349713.000
   215: 349991.000 351249.000 353095.000 353439.000 355014.000
   220: 356444.000
Q:
     0: 6504.000 16665.000 49110.000 52499.000 57898.000
     5: 59377.000 63728.000 66646.000 67789.000 70754.000
    10: 74304.000 76799.000 79531.000 84380.000 90289.000
    15: 92306.000 102367.000 105515.000 108865.000 110431.000
    20: 112808.000 119016.000 121191.000 122880.000 123899.000
    25: 131857.000 133506.000 136849.000 142135.000 151462.000
    30: 156642.000 157856.000 158707.000 163669.000 170568.000
    35: 180533.000 181695.000 186280.000 202898.000 209198.000
    40: 214521.000 219180.000 221179.000 225544.000 234836.000
    45: 249557.000 259267.000 269774.000 271407.000 274766.000
    50: 304374.000 317786.000 342064.000 348920.000 350808.000
    55: 354375.000
\300
