File: C:\MED-PC\Data\2019-08-03_17h24m_Subject 19012.txt


Start Date: 08/03/19
End Date: 08/03/19
Subject: 19012
Experiment: 
Group: 1
Box: 2
Start Time: 17:24:47
End Time: 18:32:29
MSN: FR8 8p First Lever Laser 50
B:   8.000
F:   2.000
H: 273.000
L: 1557.000
R: 133.000
U:  90.000
V: 201.000
A:
     0:    0.000    1.000
C:
     0: 6238.000 6271.000 6291.000 6316.000 6332.000
     5: 6348.000 6362.000 6410.000 7165.000 7180.000
    10: 7209.000 7246.000 7276.000 7300.000 7696.000
    15: 7704.000 7729.000 7745.000 7786.000 7796.000
    20: 7810.000 7838.000 7862.000 7891.000 7912.000
    25: 8763.000 8786.000 8806.000 8832.000 8855.000
    30: 8897.000 8948.000 9977.000 9995.000 10016.000
    35: 10045.000 10066.000 10089.000 10153.000 10181.000
    40: 11378.000 11398.000 11414.000 11432.000 11474.000
    45: 11495.000 11963.000 12006.000 12031.000 12064.000
    50: 12088.000 12109.000 12138.000 12169.000 12223.000
    55: 13243.000 13270.000 13294.000 13316.000 13351.000
    60: 13370.000 13403.000 13429.000 13483.000 13497.000
    65: 13535.000 14838.000 14861.000 14877.000 14908.000
    70: 14936.000 14962.000 14991.000 15029.000 15054.000
    75: 15097.000 15848.000 15881.000 15898.000 15931.000
    80: 15963.000 15995.000 16026.000 16051.000 16154.000
    85: 16175.000 16704.000 16719.000 16742.000 16788.000
    90: 16805.000 16913.000 16946.000 16965.000 19207.000
    95: 19220.000 19237.000 19259.000 19287.000 19315.000
   100: 19344.000 19652.000 19692.000 19711.000 19741.000
   105: 19754.000 19769.000 19802.000 19836.000 19868.000
   110: 20377.000 20396.000 20426.000 20452.000 20468.000
   115: 20499.000 20525.000 20560.000 20620.000 20654.000
   120: 20671.000 20829.000 22234.000 22266.000 22290.000
   125: 22320.000 22332.000 22357.000 22477.000 22839.000
   130: 22943.000 22956.000 22986.000 23013.000 23051.000
   135: 23077.000 23132.000 23163.000 24014.000 24030.000
   140: 24054.000 24091.000 24127.000 24243.000 24271.000
   145: 25249.000 25295.000 25313.000 25334.000 25361.000
   150: 25381.000 25414.000 25452.000 25463.000 25474.000
   155: 25500.000 25516.000 26403.000 26426.000 26441.000
   160: 26467.000 26475.000 28874.000 28902.000 28934.000
   165: 28962.000 28989.000 29008.000 29076.000 29424.000
   170: 29450.000 29475.000 29504.000 29535.000 29559.000
   175: 29878.000 29906.000 29926.000 29942.000 29959.000
   180: 29987.000 30044.000 30490.000 30525.000 30542.000
   185: 30563.000 30608.000 30629.000 30652.000 30684.000
   190: 30714.000 31564.000 31574.000 31607.000 31617.000
   195: 31645.000 31727.000 31761.000 32102.000 32278.000
   200: 32329.000 32355.000 32376.000 32386.000 32410.000
   205: 33056.000 33073.000 33096.000 33112.000 33238.000
   210: 33254.000 33288.000 33297.000 33346.000 34270.000
   215: 34293.000 34319.000 34349.000 34370.000 34404.000
   220: 34444.000 34466.000 34579.000 36029.000 36045.000
   225: 36069.000 36092.000 36113.000 36138.000 36166.000
   230: 36741.000 36759.000 36783.000 36803.000 36833.000
   235: 36852.000 36881.000 36900.000 36938.000 37888.000
   240: 37915.000 37934.000 37949.000 37985.000 38000.000
   245: 38021.000 38045.000 38059.000 38077.000 38112.000
   250: 39070.000 39090.000 39133.000 39162.000 39204.000
   255: 39213.000 39298.000 39322.000 40139.000 40164.000
   260: 40182.000 40225.000 40248.000 40352.000 40922.000
   265: 40948.000 40966.000 40985.000 41007.000 41037.000
   270: 41096.000 41171.000 41197.000 41845.000 41870.000
   275: 41912.000 41930.000 41964.000 42021.000 42389.000
   280: 42418.000 42457.000 42496.000 42517.000 42541.000
   285: 42566.000 42904.000 42932.000 42953.000 42969.000
   290: 43007.000 43034.000 43067.000 43087.000 43114.000
   295: 43144.000 43188.000 44085.000 44104.000 44130.000
   300: 44152.000 44187.000 44214.000 44230.000 44240.000
   305: 44280.000 44292.000 45617.000 45635.000 45665.000
   310: 45687.000 45702.000 45731.000 45758.000 45872.000
   315: 45915.000 47234.000 47258.000 47278.000 47317.000
   320: 47328.000 47376.000 47401.000 47705.000 47731.000
   325: 47751.000 47770.000 47791.000 47817.000 47833.000
   330: 47887.000 48378.000 48411.000 48427.000 48455.000
   335: 48473.000 48491.000 48509.000 48539.000 48577.000
   340: 48604.000 49445.000 49461.000 49472.000 49498.000
   345: 49525.000 49553.000 49574.000 49653.000 49665.000
   350: 49687.000 50507.000 50535.000 50562.000 50579.000
   355: 50614.000 50625.000 50644.000 50668.000 50715.000
   360: 50762.000 51453.000 51470.000 51493.000 51527.000
   365: 51551.000 51571.000 51593.000 51640.000 52317.000
   370: 52338.000 52361.000 52385.000 52439.000 52475.000
   375: 54073.000 54104.000 54124.000 54139.000 54155.000
   380: 54177.000 54200.000 54231.000 55817.000 55840.000
   385: 55857.000 55871.000 55894.000 55906.000 55924.000
   390: 55949.000 55975.000 56018.000 56036.000 56391.000
   395: 56417.000 56431.000 56458.000 56488.000 56535.000
   400: 56545.000 56946.000 56973.000 56991.000 57004.000
   405: 57032.000 57057.000 57073.000 57136.000 57151.000
   410: 57710.000 57730.000 57751.000 57771.000 57804.000
   415: 57878.000 58256.000 58272.000 58289.000 58306.000
   420: 58348.000 58389.000 58414.000 58425.000 58468.000
   425: 60348.000 60369.000 60387.000 60419.000 60447.000
   430: 60465.000 60493.000 60835.000 60855.000 60878.000
   435: 60893.000 60927.000 60954.000 60982.000 61007.000
   440: 61035.000 61064.000 61083.000 61575.000 61599.000
   445: 61619.000 61655.000 61685.000 61710.000 61732.000
   450: 61772.000 61799.000 62477.000 62498.000 62512.000
   455: 62529.000 62563.000 62584.000 62611.000 62637.000
   460: 62673.000 62709.000 63422.000 63457.000 63475.000
   465: 63502.000 63522.000 63588.000 63612.000 63912.000
   470: 63939.000 63953.000 63985.000 64002.000 64025.000
   475: 64049.000 64100.000 64696.000 64718.000 64726.000
   480: 64740.000 64782.000 64811.000 64844.000 64879.000
   485: 65585.000 65592.000 65615.000 65637.000 65664.000
   490: 65684.000 65696.000 65721.000 65757.000 66286.000
   495: 66302.000 66319.000 66340.000 66370.000 66385.000
   500: 66470.000 66490.000 67731.000 67751.000 67760.000
   505: 67786.000 67812.000 68250.000 68270.000 68284.000
   510: 68308.000 68334.000 68359.000 68393.000 68446.000
   515: 68475.000 69647.000 69680.000 69702.000 69730.000
   520: 69753.000 69776.000 69805.000 69846.000 70301.000
   525: 70328.000 70348.000 70363.000 70384.000 70405.000
   530: 70450.000 70478.000 70533.000 70565.000 71948.000
   535: 71969.000 71983.000 72019.000 72032.000 72056.000
   540: 72084.000 72125.000 72730.000 72757.000 72781.000
   545: 72799.000 72825.000 72849.000 72872.000 72907.000
   550: 74113.000 74128.000 74153.000 74160.000 74194.000
   555: 74219.000 74238.000 74275.000 74304.000 74360.000
   560: 74970.000 74994.000 75019.000 75044.000 75057.000
   565: 75080.000 75113.000 75158.000 75195.000 77167.000
   570: 77193.000 77212.000 77231.000 77264.000 77295.000
   575: 77324.000 77369.000 77384.000 77917.000 77947.000
   580: 77971.000 77997.000 78018.000 78057.000 78075.000
   585: 78109.000 78153.000 78170.000 78183.000 78894.000
   590: 78912.000 78931.000 78959.000 78986.000 79023.000
   595: 79050.000 79089.000 79947.000 79965.000 80026.000
   600: 81156.000 81168.000 81197.000 81219.000 81252.000
   605: 81278.000 81314.000 81363.000 82020.000 82039.000
   610: 82062.000 82087.000 82119.000 82151.000 82186.000
   615: 84699.000 84724.000 84740.000 84771.000 84791.000
   620: 84816.000 85371.000 85382.000 85406.000 85428.000
   625: 85459.000 85474.000 85484.000 85512.000 85541.000
   630: 86264.000 86282.000 86301.000 86338.000 86367.000
   635: 86392.000 86434.000 86485.000 87146.000 87165.000
   640: 87190.000 87211.000 87250.000 87278.000 87300.000
   645: 87352.000 88334.000 88362.000 88381.000 88398.000
   650: 88471.000 88501.000 88519.000 88534.000 88554.000
   655: 88601.000 89235.000 89258.000 89275.000 89295.000
   660: 89332.000 89359.000 89392.000 89557.000 89590.000
   665: 90320.000 90346.000 90364.000 90385.000 90403.000
   670: 90420.000 90482.000 90507.000 90531.000 91473.000
   675: 91520.000 91543.000 91567.000 91599.000 91672.000
   680: 91697.000 91709.000 91742.000 93969.000 93992.000
   685: 94011.000 94030.000 94053.000 94605.000 94624.000
   690: 94650.000 94667.000 94700.000 94726.000 94751.000
   695: 94813.000 95353.000 95374.000 95395.000 95417.000
   700: 95441.000 95465.000 95487.000 95514.000 95575.000
   705: 96224.000 96244.000 96259.000 96269.000 96277.000
   710: 96316.000 96328.000 96347.000 96364.000 96402.000
   715: 96442.000 96597.000 97438.000 97448.000 97547.000
   720: 97585.000 97800.000 97858.000 97877.000 97936.000
   725: 100058.000 100642.000 100692.000 100714.000 100741.000
   730: 100767.000 100787.000 100804.000 100835.000 100872.000
   735: 100890.000 100907.000 100922.000 100950.000 102887.000
   740: 102964.000 102986.000 103045.000 103069.000 103486.000
   745: 103507.000 103541.000 103559.000 103596.000 103627.000
   750: 103648.000 103678.000 104326.000 104371.000 104401.000
   755: 104425.000 104459.000 104869.000 104897.000 104909.000
   760: 104929.000 104947.000 104977.000 104999.000 105025.000
   765: 105044.000 105145.000 105847.000 105865.000 105903.000
   770: 105915.000 105951.000 105980.000 106014.000 106069.000
   775: 107215.000 107227.000 107259.000 107298.000 107323.000
   780: 107354.000 107393.000 107418.000 107431.000 107458.000
   785: 107477.000 107522.000 108043.000 108068.000 108101.000
   790: 108108.000 108132.000 108147.000 108175.000 108211.000
   795: 108234.000 108272.000 108726.000 108744.000 108769.000
   800: 108795.000 108810.000 108854.000 108871.000 108897.000
   805: 108925.000 108980.000 108994.000 109016.000 109726.000
   810: 109747.000 109780.000 109815.000 112028.000 112060.000
   815: 112078.000 112118.000 112132.000 112152.000 112173.000
   820: 112200.000 112232.000 112251.000 112271.000 112286.000
   825: 112939.000 112962.000 112989.000 113008.000 113049.000
   830: 113072.000 113094.000 113104.000 113120.000 113202.000
   835: 113228.000 113229.000 113238.000 113962.000 113983.000
   840: 114013.000 114037.000 114064.000 114093.000 114132.000
   845: 114145.000 114169.000 116239.000 116262.000 116298.000
   850: 116325.000 116352.000 116383.000 116708.000 116738.000
   855: 116762.000 116790.000 116812.000 116860.000 116884.000
   860: 116887.000 116900.000 116925.000 116946.000 123457.000
   865: 123487.000 123528.000 123561.000 123586.000 124091.000
   870: 124116.000 124135.000 124148.000 124176.000 124205.000
   875: 124239.000 124260.000 124275.000 125077.000 125128.000
   880: 125140.000 125159.000 125187.000 125207.000 125238.000
   885: 125693.000 125723.000 125749.000 125770.000 125799.000
   890: 125856.000 125885.000 125917.000 126564.000 126581.000
   895: 126588.000 126619.000 126645.000 126667.000 126693.000
   900: 126712.000 126780.000 126805.000 128597.000 128620.000
   905: 128641.000 128698.000 128730.000 128761.000 128782.000
   910: 128850.000 129948.000 129967.000 129993.000 130015.000
   915: 130024.000 130051.000 130087.000 130101.000 130136.000
   920: 130865.000 130917.000 130938.000 130970.000 130990.000
   925: 131002.000 131013.000 131046.000 131065.000 131080.000
   930: 131089.000 131104.000 131119.000 131146.000 131197.000
   935: 131210.000 133134.000 133149.000 133181.000 137294.000
   940: 137316.000 137337.000 137361.000 137385.000 137415.000
   945: 137435.000 137460.000 137500.000 137529.000 138212.000
   950: 138235.000 138253.000 138279.000 138301.000 138327.000
   955: 138351.000 138438.000 139223.000 139239.000 139268.000
   960: 139278.000 139293.000 139327.000 139351.000 139383.000
   965: 139413.000 139445.000 140026.000 140047.000 140068.000
   970: 140092.000 140110.000 140131.000 140179.000 140190.000
   975: 140220.000 141471.000 141505.000 141530.000 141549.000
   980: 141569.000 141603.000 141629.000 141643.000 141687.000
   985: 141699.000 141711.000 141742.000 141784.000 143513.000
   990: 143536.000 143560.000 143610.000 143643.000 143655.000
   995: 143684.000 143711.000 143743.000 143772.000 144257.000
  1000: 144279.000 144300.000 144318.000 144343.000 144367.000
  1005: 144397.000 144425.000 148967.000 148988.000 149021.000
  1010: 149055.000 149075.000 149105.000 149116.000 149183.000
  1015: 151844.000 151865.000 151894.000 151948.000 151979.000
  1020: 152002.000 152035.000 152471.000 152483.000 152511.000
  1025: 152522.000 152538.000 152564.000 152588.000 152614.000
  1030: 152638.000 152668.000 152697.000 153455.000 153490.000
  1035: 153511.000 153530.000 153560.000 153586.000 153613.000
  1040: 153634.000 153686.000 153722.000 154722.000 154737.000
  1045: 154788.000 154815.000 158154.000 158179.000 158216.000
  1050: 158253.000 158263.000 158287.000 158305.000 158338.000
  1055: 158359.000 159992.000 160010.000 160061.000 160450.000
  1060: 163532.000 163558.000 163579.000 163607.000 163632.000
  1065: 163655.000 163694.000 163736.000 163763.000 164556.000
  1070: 164581.000 164604.000 164628.000 164663.000 164686.000
  1075: 164715.000 164751.000 165310.000 165332.000 165353.000
  1080: 165381.000 165414.000 165444.000 165480.000 165549.000
  1085: 166006.000 166033.000 166052.000 166091.000 166104.000
  1090: 166140.000 166155.000 166172.000 166294.000 167166.000
  1095: 167190.000 167220.000 167255.000 167287.000 167318.000
  1100: 167351.000 167409.000 167461.000 167523.000 167542.000
  1105: 173410.000 173449.000 173471.000 173519.000 173532.000
  1110: 173571.000 173949.000 173962.000 173982.000 173996.000
  1115: 174024.000 174070.000 174092.000 174121.000 174762.000
  1120: 174789.000 174808.000 174836.000 174849.000 174867.000
  1125: 174898.000 174931.000 174959.000 177663.000 177697.000
  1130: 177712.000 177731.000 177760.000 177778.000 177792.000
  1135: 177821.000 177883.000 177909.000 177936.000 183404.000
  1140: 183448.000 183487.000 183509.000 183543.000 183559.000
  1145: 183574.000 183615.000 186211.000 186218.000 186230.000
  1150: 186255.000 186300.000 186319.000 186367.000 186402.000
  1155: 187317.000 187354.000 187374.000 187398.000 187436.000
  1160: 187487.000 187508.000 189521.000 189547.000 189564.000
  1165: 189587.000 189621.000 189650.000 189671.000 189698.000
  1170: 189727.000 190427.000 190442.000 190456.000 190477.000
  1175: 190493.000 190527.000 190548.000 190574.000 190602.000
  1180: 191414.000 191437.000 191463.000 191497.000 191516.000
  1185: 191526.000 191550.000 191592.000 191674.000 195411.000
  1190: 195520.000 195535.000 195571.000 195610.000 195643.000
  1195: 196118.000 196139.000 196162.000 196180.000 196210.000
  1200: 196232.000 196246.000 196287.000 196304.000 196320.000
  1205: 196347.000 198633.000 198677.000 198695.000 198717.000
  1210: 198751.000 198776.000 198809.000 198832.000 198858.000
  1215: 198879.000 198905.000 199818.000 199854.000 199875.000
  1220: 199903.000 199941.000 199968.000 200010.000 200030.000
  1225: 200052.000 206138.000 206163.000 206185.000 206206.000
  1230: 206227.000 206256.000 206283.000 206303.000 206379.000
  1235: 206396.000 208532.000 208549.000 208579.000 208603.000
  1240: 208625.000 208646.000 208673.000 209252.000 209286.000
  1245: 209307.000 209323.000 209354.000 209376.000 209407.000
  1250: 209425.000 209484.000 210290.000 210315.000 210330.000
  1255: 210383.000 210408.000 210438.000 210462.000 210512.000
  1260: 211452.000 211493.000 229700.000 229736.000 229760.000
  1265: 229770.000 229808.000 229827.000 229842.000 229871.000
  1270: 229985.000 229994.000 231315.000 231342.000 231357.000
  1275: 231377.000 231396.000 231411.000 231441.000 231465.000
  1280: 231497.000 231526.000 238475.000 238491.000 238520.000
  1285: 238546.000 238568.000 238594.000 238608.000 238635.000
  1290: 239746.000 239771.000 239783.000 239815.000 239840.000
  1295: 239866.000 239893.000 239978.000 239986.000 240855.000
  1300: 240874.000 240893.000 240926.000 240940.000 240952.000
  1305: 240988.000 241010.000 241045.000 242534.000 242555.000
  1310: 242573.000 242598.000 242624.000 242675.000 242688.000
  1315: 243228.000 243247.000 243266.000 243287.000 243302.000
  1320: 243320.000 243338.000 243365.000 243392.000 243420.000
  1325: 243437.000 243463.000 243631.000 243648.000 243657.000
  1330: 244199.000 244224.000 244243.000 244262.000 244277.000
  1335: 244291.000 244339.000 244354.000 244373.000 244423.000
  1340: 244544.000 247263.000 247280.000 247302.000 247332.000
  1345: 247356.000 247381.000 247407.000 247429.000 247457.000
  1350: 247864.000 247886.000 247906.000 247930.000 247952.000
  1355: 247971.000 247996.000 248367.000 248386.000 248404.000
  1360: 248427.000 248522.000 248553.000 248585.000 248614.000
  1365: 249655.000 249678.000 249700.000 249729.000 249752.000
  1370: 249781.000 249804.000 249828.000 249849.000 253675.000
  1375: 253706.000 253716.000 253741.000 253762.000 253785.000
  1380: 253813.000 253819.000 253832.000 253867.000 253911.000
  1385: 253948.000 258020.000 258045.000 258064.000 258085.000
  1390: 258103.000 258116.000 258137.000 258167.000 258224.000
  1395: 259050.000 259071.000 259106.000 259119.000 259151.000
  1400: 259168.000 259195.000 259230.000 262260.000 262284.000
  1405: 262304.000 262318.000 265392.000 265417.000 265451.000
  1410: 265552.000 265594.000 265618.000 266074.000 266119.000
  1415: 266131.000 266159.000 266183.000 266206.000 266295.000
  1420: 266314.000 266336.000 276882.000 276900.000 276913.000
  1425: 276933.000 276974.000 277000.000 277010.000 277345.000
  1430: 277384.000 277398.000 277422.000 277439.000 277455.000
  1435: 277486.000 277506.000 278084.000 278097.000 278116.000
  1440: 278133.000 278164.000 278192.000 278224.000 278248.000
  1445: 279003.000 279030.000 279046.000 279064.000 279076.000
  1450: 279100.000 279132.000 279155.000 279184.000 279194.000
  1455: 285431.000 285462.000 285483.000 285504.000 285519.000
  1460: 285554.000 285577.000 285599.000 286808.000 286840.000
  1465: 286855.000 287414.000 300385.000 300392.000 300467.000
  1470: 300486.000 302709.000 302738.000 302757.000 302789.000
  1475: 302803.000 302822.000 302839.000 302865.000 302895.000
  1480: 302917.000 302946.000 303706.000 303739.000 303764.000
  1485: 303792.000 303815.000 303843.000 303910.000 303930.000
  1490: 304573.000 304596.000 304615.000 304635.000 304665.000
  1495: 304677.000 304691.000 304712.000 304738.000 311743.000
  1500: 311758.000 311785.000 311831.000 311862.000 328731.000
  1505: 328755.000 328771.000 328801.000 328821.000 328856.000
  1510: 328885.000 328907.000 328928.000 337651.000 337669.000
  1515: 337690.000 337710.000 337746.000 337766.000 337788.000
  1520: 337812.000 337840.000 338649.000 338675.000 338739.000
  1525: 338763.000 349528.000 349555.000 349567.000 349602.000
  1530: 349629.000 349690.000 349726.000 349739.000 349772.000
  1535: 349790.000 349839.000 353840.000 353856.000 353884.000
  1540: 353904.000 353927.000 353961.000 353971.000 353991.000
  1545: 354015.000 354047.000 354079.000 356357.000 356385.000
  1550: 356407.000 356429.000 356449.000 356478.000 356498.000
  1555: 356517.000 356543.000
D:
     0: 6410.000 7838.000 10181.000 12169.000 13429.000
     5: 15029.000 16051.000 16965.000 19836.000 20560.000
    10: 23132.000 25452.000 30684.000 33297.000 34466.000
    15: 36900.000 38045.000 39322.000 41171.000 43087.000
    20: 44240.000 45872.000 47887.000 48539.000 49653.000
    25: 50668.000 51640.000 54231.000 55949.000 57136.000
    30: 58425.000 61007.000 61772.000 62637.000 64100.000
    35: 64879.000 65721.000 66490.000 68446.000 69846.000
    40: 70478.000 72125.000 72907.000 74275.000 75158.000
    45: 77369.000 78109.000 79089.000 81363.000 85512.000
    50: 86485.000 87352.000 88534.000 89557.000 90507.000
    55: 91709.000 94813.000 95514.000 96347.000 97936.000
    60: 100804.000 103678.000 105025.000 106069.000 107418.000
    65: 108211.000 108897.000 112200.000 113104.000 114145.000
    70: 116887.000 124260.000 125917.000 126712.000 128850.000
    75: 130101.000 131046.000 137460.000 138438.000 139383.000
    80: 140190.000 141643.000 143711.000 144425.000 149183.000
    85: 152614.000 153634.000 158338.000 163736.000 164751.000
    90: 165549.000 166172.000 167409.000 174121.000 174931.000
    95: 177821.000 183615.000 186402.000 189698.000 190574.000
   100: 191592.000 196287.000 198832.000 200030.000 206303.000
   105: 209425.000 210512.000 229871.000 231465.000 238635.000
   110: 239978.000 241010.000 243365.000 244354.000 247429.000
   115: 248614.000 249828.000 253819.000 258167.000 259230.000
   120: 266314.000 277506.000 278248.000 279155.000 285599.000
   125: 302865.000 303930.000 304712.000 328907.000 337812.000
   130: 349739.000 353991.000 356517.000
E:
     0: 3608.000 4322.000 6568.000 7467.000 7489.000
     5: 8078.000 9079.000 9080.000 10390.000 11677.000
    10: 12352.000 13709.000 14672.000 15287.000 16318.000
    15: 17116.000 18877.000 19477.000 19998.000 20931.000
    20: 21852.000 22582.000 23290.000 24471.000 26614.000
    25: 28662.000 29187.000 29684.000 30234.000 30884.000
    30: 31880.000 32632.000 33470.000 34687.000 35850.000
    35: 36346.000 36473.000 37036.000 38253.000 39447.000
    40: 40488.000 40788.000 41308.000 42158.000 42771.000
    45: 43320.000 44432.000 45488.000 46025.000 47011.000
    50: 47568.000 48039.000 48748.000 49788.000 50870.000
    55: 51758.000 52594.000 54358.000 55663.000 56137.000
    60: 56733.000 57250.000 58026.000 58655.000 60177.000
    65: 60661.000 61238.000 61952.000 62818.000 63732.000
    70: 64257.000 65001.000 65907.000 66619.000 67949.000
    75: 67953.000 68590.000 69410.000 69996.000 70656.000
    80: 71012.000 72257.000 73040.000 73869.000 74475.000
    85: 75379.000 76986.000 77502.000 78319.000 79199.000
    90: 80177.000 81476.000 82348.000 84960.000 85680.000
    95: 86604.000 87520.000 88719.000 89694.000 90674.000
   100: 91306.000 91858.000 94190.000 94923.000 94927.000
   105: 95720.000 96734.000 99410.000 101091.000 102454.000
   110: 103224.000 103822.000 104643.000 105256.000 106222.000
   115: 107076.000 107627.000 108377.000 108382.000 109154.000
   120: 111774.000 112395.000 113397.000 114316.000 116491.000
   125: 117048.000 122738.000 123744.000 124401.000 125434.000
   130: 126060.000 126946.000 128425.000 128987.000 130297.000
   135: 131386.000 133311.000 136829.000 137694.000 138587.000
   140: 139618.000 140380.000 141260.000 141920.000 143327.000
   145: 143920.000 144654.000 148687.000 149338.000 152149.000
   150: 152870.000 153900.000 155119.000 155226.000 157704.000
   155: 158552.000 160171.000 162938.000 163963.000 164889.000
   160: 165691.000 166462.000 167753.000 171929.000 173022.000
   165: 173706.000 174289.000 175165.000 177397.000 178120.000
   170: 182263.000 183746.000 185985.000 186553.000 186558.000
   175: 187062.000 187668.000 189315.000 189845.000 190725.000
   180: 191791.000 195176.000 195719.000 196506.000 198364.000
   185: 199011.000 200223.000 203604.000 203685.000 204984.000
   190: 205886.000 206543.000 208817.000 209660.000 210639.000
   195: 211633.000 215900.000 218648.000 229258.000 230144.000
   200: 231012.000 231646.000 235442.000 237398.000 238270.000
   205: 238843.000 239499.000 240112.000 241207.000 242808.000
   210: 243770.000 244670.000 247012.000 247614.000 248184.000
   215: 248803.000 249436.000 250059.000 254079.000 257372.000
   220: 258334.000 259352.000 259366.000 261791.000 265173.000
   225: 265756.000 265879.000 266446.000 268663.000 269556.000
   230: 274322.000 276474.000 276482.000 277143.000 277665.000
   235: 278498.000 279423.000 283643.000 285268.000 285748.000
   240: 286929.000 287707.000 287715.000 294166.000 297249.000
   245: 300107.000 300596.000 303081.000 304069.000 304953.000
   250: 306636.000 306642.000 311443.000 312078.000 317842.000
   255: 323073.000 328475.000 329042.000 331893.000 335052.000
   260: 337486.000 337989.000 338005.000 338974.000 342997.000
   265: 346885.000 349363.000 349952.000 352676.000 354204.000
   270: 355885.000 356688.000 359958.000
Q:
     0: 7165.000 8763.000 9977.000 13243.000 15848.000
     5: 19207.000 20377.000 22839.000 24014.000 29424.000
    10: 29878.000 31564.000 33056.000 36741.000 39070.000
    15: 40922.000 41845.000 42904.000 45617.000 47705.000
    20: 49445.000 52317.000 55817.000 56946.000 57710.000
    25: 60348.000 61575.000 63912.000 65585.000 67731.000
    30: 69647.000 70301.000 72730.000 77167.000 78894.000
    35: 81156.000 82020.000 86264.000 88334.000 89235.000
    40: 93969.000 95353.000 97438.000 100058.000 104326.000
    45: 104869.000 107215.000 108726.000 112939.000 116239.000
    50: 123457.000 124091.000 125693.000 129948.000 130865.000
    55: 138212.000 139223.000 141471.000 148967.000 152471.000
    60: 153455.000 159992.000 160450.000 165310.000 166006.000
    65: 173949.000 174762.000 183404.000 187317.000 191414.000
    70: 196118.000 199818.000 208532.000 210290.000 211452.000
    75: 231315.000 239746.000 242534.000 247263.000 247864.000
    80: 249655.000 259050.000 265392.000 266074.000 277345.000
    85: 285431.000 287414.000 302709.000 304573.000 311743.000
    90: 338649.000 353840.000
