File: C:\MED-PC\Data\2019-08-02_11h17m_Subject 19006.txt


Start Date: 08/02/19
End Date: 08/02/19
Subject: 19006
Experiment: 
Group: 1
Box: 2
Start Time: 11:17:28
End Time: 12:25:12
MSN: FR8 8p First Lever Laser 50
B:   8.000
F:   1.000
H: 157.000
L: 873.000
R:  69.000
U:  41.000
V: 265.000
A:
     0:    0.000    1.000
C:
     0: 8984.000 9005.000 9022.000 9034.000 18888.000
     5: 18911.000 18922.000 19032.000 19083.000 19103.000
    10: 19117.000 22690.000 22749.000 22792.000 25228.000
    15: 25243.000 25264.000 26510.000 26569.000 26584.000
    20: 26617.000 26656.000 26711.000 26746.000 26757.000
    25: 26770.000 26790.000 26830.000 26922.000 26957.000
    30: 27093.000 37274.000 37289.000 37349.000 37386.000
    35: 37582.000 37630.000 41425.000 44320.000 44338.000
    40: 44370.000 44415.000 44432.000 44498.000 44550.000
    45: 44577.000 46135.000 46160.000 46228.000 46249.000
    50: 46264.000 46284.000 46294.000 46303.000 46319.000
    55: 46336.000 46361.000 48678.000 48692.000 48735.000
    60: 48754.000 48762.000 49370.000 49395.000 49417.000
    65: 49444.000 49501.000 49518.000 49650.000 49664.000
    70: 49680.000 49693.000 49738.000 51760.000 51776.000
    75: 51799.000 51813.000 51827.000 51851.000 51879.000
    80: 51892.000 51938.000 51949.000 51961.000 51976.000
    85: 52650.000 52670.000 52682.000 52707.000 52720.000
    90: 52824.000 52894.000 52925.000 52963.000 53039.000
    95: 53053.000 53116.000 53128.000 54022.000 54076.000
   100: 54145.000 54266.000 54300.000 54312.000 54332.000
   105: 54348.000 54359.000 54407.000 54516.000 57708.000
   110: 57745.000 57783.000 57797.000 57857.000 57893.000
   115: 57907.000 57918.000 57966.000 57980.000 58002.000
   120: 58056.000 58079.000 63975.000 63984.000 64039.000
   125: 64058.000 64541.000 64592.000 64773.000 64790.000
   130: 64816.000 67916.000 67928.000 67945.000 67974.000
   135: 68001.000 68044.000 68112.000 68143.000 68206.000
   140: 70232.000 73809.000 73842.000 73886.000 73927.000
   145: 73961.000 73972.000 75881.000 75895.000 75994.000
   150: 76037.000 76042.000 76145.000 76490.000 76519.000
   155: 76562.000 76579.000 76622.000 76673.000 76791.000
   160: 76862.000 76933.000 76937.000 76951.000 76971.000
   165: 79223.000 79290.000 79301.000 79316.000 79333.000
   170: 79357.000 79449.000 79465.000 79480.000 84566.000
   175: 84629.000 84810.000 84827.000 84841.000 84879.000
   180: 84915.000 84948.000 84972.000 84989.000 91051.000
   185: 91104.000 91192.000 91249.000 91296.000 91354.000
   190: 91367.000 91386.000 95018.000 97725.000 97742.000
   195: 97768.000 97815.000 97922.000 97996.000 98051.000
   200: 99675.000 99757.000 99802.000 99884.000 99991.000
   205: 100315.000 100831.000 100868.000 100886.000 100919.000
   210: 100966.000 101002.000 101013.000 101024.000 101036.000
   215: 101051.000 101072.000 103454.000 103479.000 103563.000
   220: 103649.000 103692.000 103715.000 103764.000 104431.000
   225: 104450.000 104463.000 104514.000 104551.000 104585.000
   230: 104598.000 104731.000 104767.000 104781.000 106751.000
   235: 106775.000 106853.000 106984.000 107092.000 107110.000
   240: 107851.000 107863.000 107877.000 107891.000 107909.000
   245: 107921.000 107929.000 107959.000 107995.000 108012.000
   250: 110454.000 110557.000 110588.000 110603.000 110616.000
   255: 110639.000 110710.000 110763.000 110774.000 112846.000
   260: 113209.000 113249.000 113300.000 113314.000 113330.000
   265: 113354.000 113394.000 113404.000 113416.000 113450.000
   270: 115231.000 115274.000 115415.000 115429.000 115453.000
   275: 115466.000 115479.000 115496.000 115532.000 115595.000
   280: 115622.000 127375.000 127411.000 127481.000 127558.000
   285: 127686.000 127748.000 127756.000 127998.000 128027.000
   290: 128053.000 128118.000 128165.000 128211.000 128270.000
   295: 128399.000 128409.000 130125.000 130156.000 130167.000
   300: 130189.000 130239.000 130290.000 130319.000 130335.000
   305: 130361.000 130368.000 130374.000 130394.000 132293.000
   310: 132317.000 132328.000 132348.000 132370.000 132382.000
   315: 132407.000 132423.000 132424.000 132466.000 132495.000
   320: 132510.000 132531.000 134180.000 134233.000 134262.000
   325: 134277.000 134298.000 134397.000 134507.000 134640.000
   330: 134652.000 134677.000 136325.000 136413.000 136476.000
   335: 136498.000 136517.000 136549.000 136565.000 136579.000
   340: 136595.000 136607.000 136626.000 136635.000 136658.000
   345: 138533.000 138568.000 138579.000 138712.000 138766.000
   350: 138861.000 138967.000 138973.000 138985.000 141054.000
   355: 141089.000 141103.000 141164.000 141291.000 141313.000
   360: 141317.000 141339.000 141369.000 141381.000 141436.000
   365: 143325.000 143492.000 143521.000 143578.000 143613.000
   370: 143658.000 143685.000 143694.000 143717.000 143746.000
   375: 145129.000 145150.000 145169.000 145196.000 145209.000
   380: 145228.000 145244.000 145261.000 145272.000 145300.000
   385: 145315.000 145348.000 145361.000 147509.000 147527.000
   390: 147543.000 147558.000 147577.000 147616.000 147642.000
   395: 147655.000 147682.000 147769.000 147787.000 147817.000
   400: 149182.000 149194.000 149230.000 149238.000 149288.000
   405: 149317.000 149356.000 149411.000 149451.000 150690.000
   410: 150726.000 150739.000 150805.000 150820.000 150854.000
   415: 150895.000 150919.000 150946.000 150970.000 151012.000
   420: 151052.000 151070.000 151190.000 153040.000 153051.000
   425: 153077.000 153093.000 153114.000 153126.000 153156.000
   430: 153205.000 153217.000 154968.000 154983.000 154993.000
   435: 155024.000 155053.000 155080.000 155109.000 155173.000
   440: 155254.000 155275.000 164716.000 164822.000 164839.000
   445: 164860.000 164874.000 164895.000 164912.000 164939.000
   450: 164958.000 164983.000 164995.000 165144.000 165170.000
   455: 166485.000 166522.000 166564.000 166640.000 166687.000
   460: 166735.000 166745.000 166761.000 166777.000 166814.000
   465: 166832.000 166846.000 166918.000 168406.000 168441.000
   470: 168490.000 168503.000 168525.000 168539.000 168556.000
   475: 168566.000 168657.000 168671.000 168697.000 168724.000
   480: 168764.000 168787.000 168799.000 171184.000 171278.000
   485: 171312.000 171344.000 171362.000 171366.000 171388.000
   490: 171403.000 171452.000 171462.000 171477.000 171490.000
   495: 171514.000 171536.000 171556.000 173061.000 173076.000
   500: 173091.000 173102.000 173117.000 173139.000 173150.000
   505: 173167.000 173185.000 173210.000 173219.000 173253.000
   510: 173263.000 173295.000 173319.000 173341.000 177303.000
   515: 177320.000 177358.000 177371.000 177384.000 177397.000
   520: 177411.000 177432.000 177474.000 177487.000 177524.000
   525: 177543.000 177566.000 184322.000 184368.000 184398.000
   530: 184458.000 184507.000 184533.000 184596.000 184667.000
   535: 184681.000 185958.000 185986.000 186062.000 186110.000
   540: 186129.000 186143.000 186159.000 186191.000 186204.000
   545: 186223.000 186252.000 186262.000 186285.000 189238.000
   550: 189259.000 189272.000 189336.000 189403.000 189460.000
   555: 189532.000 189571.000 189661.000 189679.000 189693.000
   560: 195149.000 195184.000 195201.000 195243.000 195261.000
   565: 195288.000 198346.000 199819.000 199846.000 199916.000
   570: 199953.000 200009.000 200024.000 200042.000 200059.000
   575: 200085.000 200109.000 202082.000 202105.000 202151.000
   580: 202214.000 202272.000 202282.000 202305.000 202320.000
   585: 202343.000 202387.000 202435.000 204198.000 204215.000
   590: 204241.000 204255.000 204283.000 204298.000 204312.000
   595: 204325.000 204352.000 204383.000 204405.000 204424.000
   600: 204435.000 204458.000 205737.000 205831.000 205879.000
   605: 205893.000 205909.000 205927.000 205930.000 205944.000
   610: 205955.000 205972.000 205999.000 206013.000 206035.000
   615: 206087.000 206104.000 223407.000 223456.000 223490.000
   620: 223531.000 223595.000 223656.000 223713.000 223727.000
   625: 223753.000 225900.000 225918.000 225934.000 225947.000
   630: 225964.000 225977.000 225991.000 226026.000 233322.000
   635: 233353.000 233385.000 233408.000 233428.000 233464.000
   640: 233493.000 233532.000 233557.000 235970.000 235985.000
   645: 236005.000 236091.000 236118.000 236131.000 236169.000
   650: 236216.000 236234.000 236251.000 241694.000 241736.000
   655: 241767.000 241803.000 241817.000 241831.000 241867.000
   660: 241936.000 241994.000 250377.000 250490.000 250637.000
   665: 250654.000 250674.000 250690.000 250717.000 250776.000
   670: 250830.000 250848.000 252078.000 252183.000 252195.000
   675: 252209.000 252226.000 252265.000 252332.000 252351.000
   680: 252387.000 253927.000 253975.000 254032.000 254059.000
   685: 254161.000 254183.000 254251.000 254283.000 254307.000
   690: 254329.000 254341.000 255765.000 255811.000 255874.000
   695: 256144.000 256201.000 256230.000 256341.000 256382.000
   700: 256405.000 260191.000 260223.000 260294.000 260312.000
   705: 260326.000 260339.000 260369.000 260387.000 264146.000
   710: 264203.000 264233.000 264290.000 264308.000 264318.000
   715: 264346.000 264357.000 264389.000 264426.000 265917.000
   720: 265987.000 266004.000 266032.000 266101.000 266158.000
   725: 266166.000 266181.000 266195.000 266211.000 266265.000
   730: 266326.000 266359.000 266388.000 271620.000 271648.000
   735: 271669.000 271683.000 271723.000 271736.000 271772.000
   740: 271832.000 274615.000 274641.000 274663.000 274674.000
   745: 274694.000 274709.000 274755.000 274771.000 274820.000
   750: 274837.000 274855.000 276983.000 276999.000 277106.000
   755: 277125.000 277170.000 277208.000 277312.000 277363.000
   760: 277412.000 277464.000 277740.000 277769.000 277813.000
   765: 277831.000 277871.000 285943.000 285992.000 286004.000
   770: 286020.000 286053.000 286069.000 286102.000 286119.000
   775: 286147.000 286160.000 286202.000 292258.000 304487.000
   780: 304560.000 304619.000 304650.000 304762.000 304777.000
   785: 304789.000 304803.000 304826.000 304836.000 304858.000
   790: 309508.000 309524.000 309546.000 309557.000 309572.000
   795: 309587.000 309601.000 309626.000 309639.000 309652.000
   800: 309668.000 309686.000 309698.000 309733.000 309778.000
   805: 309829.000 311705.000 311729.000 311741.000 311791.000
   810: 311832.000 311846.000 311873.000 311919.000 311963.000
   815: 311979.000 311982.000 312007.000 312024.000 312057.000
   820: 312097.000 324073.000 324117.000 324132.000 326228.000
   825: 326288.000 326374.000 326387.000 326404.000 326421.000
   830: 326438.000 326456.000 326468.000 326483.000 326522.000
   835: 326587.000 326606.000 329949.000 330051.000 330068.000
   840: 330089.000 330106.000 330115.000 330134.000 330169.000
   845: 330217.000 330248.000 341958.000 346799.000 346820.000
   850: 346835.000 346852.000 346906.000 346943.000 347013.000
   855: 347035.000 347073.000 355138.000 355222.000 355267.000
   860: 355300.000 355316.000 355341.000 356499.000 356520.000
   865: 356554.000 356583.000 356637.000 356708.000 356719.000
   870: 356733.000 356750.000 356803.000
D:
     0: 26757.000 44577.000 49417.000 51892.000 52925.000
     5: 54348.000 57918.000 64790.000 68143.000 76519.000
    10: 79465.000 84948.000 91386.000 100868.000 104431.000
    15: 107863.000 110763.000 113394.000 115496.000 127998.000
    20: 130335.000 132423.000 134640.000 136579.000 138973.000
    25: 141339.000 143694.000 145261.000 147655.000 149411.000
    30: 150919.000 153205.000 155173.000 164939.000 166761.000
    35: 168566.000 171403.000 173167.000 177432.000 184667.000
    40: 186191.000 189571.000 200042.000 202320.000 204325.000
    45: 205944.000 223727.000 226026.000 233532.000 236216.000
    50: 241936.000 250776.000 252351.000 254283.000 256382.000
    55: 260387.000 264357.000 266181.000 271832.000 274771.000
    60: 277363.000 286119.000 304803.000 309626.000 311919.000
    65: 326456.000 330169.000 347035.000 356733.000
E:
     0:  395.000 4507.000 9465.000 15713.000 17191.000
     5: 21961.000 25398.000 27422.000 31118.000 34406.000
    10: 35339.000 43182.000 46566.000 48091.000 49996.000
    15: 50142.000 52195.000 52465.000 53341.000 53434.000
    20: 54866.000 56387.000 58172.000 62817.000 65082.000
    25: 65107.000 68465.000 74126.000 77287.000 79682.000
    30: 83380.000 84048.000 85280.000 90075.000 91635.000
    35: 93272.000 95263.000 98251.000 99318.000 101164.000
    40: 102791.000 104975.000 108130.000 110168.000 111031.000
    45: 113629.000 114679.000 115830.000 121100.000 125290.000
    50: 128635.000 129749.000 130616.000 132745.000 133828.000
    55: 134966.000 136947.000 139387.000 141581.000 143909.000
    60: 145528.000 146863.000 147938.000 149578.000 151314.000
    65: 153304.000 155406.000 162583.000 164124.000 165304.000
    70: 167128.000 168011.000 169007.000 170838.000 171659.000
    75: 173498.000 176117.000 177676.000 177692.000 180230.000
    80: 183412.000 183457.000 183506.000 184846.000 186533.000
    85: 189805.000 190748.000 193758.000 195391.000 195397.000
    90: 200233.000 201108.000 201507.000 202533.000 203445.000
    95: 203450.000 203579.000 204551.000 204556.000 206414.000
   100: 218333.000 218500.000 218531.000 223051.000 223061.000
   105: 223925.000 226258.000 232574.000 233641.000 236413.000
   110: 239569.000 242149.000 242172.000 242181.000 244445.000
   115: 247777.000 250939.000 250942.000 250963.000 252499.000
   120: 252521.000 254461.000 256522.000 260518.000 263335.000
   125: 264687.000 266598.000 272116.000 275003.000 278041.000
   130: 278867.000 282115.000 286289.000 290443.000 293537.000
   135: 300490.000 304948.000 304956.000 307612.000 309922.000
   140: 309931.000 312275.000 324334.000 324376.000 326901.000
   145: 330377.000 330383.000 334482.000 337025.000 344708.000
   150: 347154.000 350185.000 350191.000 351486.000 355481.000
   155: 356944.000 356971.000
Q:
     0: 8984.000 26510.000 37274.000 51760.000 54022.000
     5: 57708.000 70232.000 79223.000 84566.000 97725.000
    10: 99675.000 110454.000 115231.000 130125.000 132293.000
    15: 138533.000 141054.000 147509.000 150690.000 153040.000
    20: 166485.000 171184.000 177303.000 185958.000 189238.000
    25: 202082.000 204198.000 225900.000 233322.000 250377.000
    30: 253927.000 260191.000 265917.000 274615.000 276983.000
    35: 304487.000 309508.000 324073.000 329949.000 355138.000
    40: 356499.000
