File: C:\MED-PC\Data\2019-07-30_10h31m_Subject 19001.txt


Start Date: 07/30/19
End Date: 07/30/19
Subject: 19001
Experiment: 
Group: 1
Box: 4
Start Time: 10:31:44
End Time: 12:12:15
MSN: FR8 8p First Lever Laser 50
B:   8.000
F:   2.000
H: 321.000
L: 1289.000
R:  53.000
U: 109.000
V:  52.000
A:
     0:    0.000    1.000
C:
     0: 10973.000 11124.000 11144.000 12487.000 19313.000
     5: 19341.000 19381.000 19450.000 19472.000 27124.000
    10: 27196.000 27207.000 27289.000 27404.000 27678.000
    15: 27691.000 27801.000 27839.000 27953.000 27984.000
    20: 28558.000 28720.000 28738.000 29278.000 29416.000
    25: 29552.000 29733.000 29912.000 29930.000 29950.000
    30: 29969.000 30079.000 32489.000 32531.000 32547.000
    35: 32568.000 32634.000 32737.000 33164.000 33594.000
    40: 33615.000 33786.000 33901.000 33952.000 35661.000
    45: 35765.000 35855.000 36351.000 36381.000 36405.000
    50: 37433.000 37584.000 37624.000 37661.000 37678.000
    55: 37740.000 37825.000 37856.000 39169.000 39338.000
    60: 39525.000 39651.000 39673.000 39704.000 39724.000
    65: 39832.000 39901.000 39911.000 39939.000 39968.000
    70: 40119.000 40172.000 41664.000 41688.000 41704.000
    75: 41777.000 41865.000 41944.000 42014.000 42055.000
    80: 43455.000 43503.000 43551.000 43729.000 43769.000
    85: 44406.000 44448.000 44595.000 44803.000 45127.000
    90: 45843.000 45908.000 45974.000 46001.000 46024.000
    95: 46242.000 46902.000 47001.000 47090.000 47439.000
   100: 47512.000 47636.000 49123.000 52812.000 55133.000
   105: 55199.000 55209.000 55231.000 55288.000 55313.000
   110: 55387.000 55421.000 55445.000 56631.000 56776.000
   115: 56798.000 56832.000 56860.000 56887.000 56908.000
   120: 57508.000 57557.000 57608.000 57758.000 58039.000
   125: 58159.000 58198.000 58331.000 59860.000 60022.000
   130: 60101.000 60148.000 60492.000 60508.000 60538.000
   135: 60551.000 60590.000 60755.000 60791.000 62355.000
   140: 62428.000 62452.000 62466.000 62531.000 62926.000
   145: 62933.000 62953.000 63013.000 63059.000 63092.000
   150: 63132.000 63162.000 64555.000 64597.000 64658.000
   155: 67425.000 67460.000 67546.000 67679.000 67713.000
   160: 67805.000 67897.000 68761.000 68812.000 68848.000
   165: 68906.000 68958.000 69008.000 69024.000 69435.000
   170: 69580.000 70273.000 70747.000 70776.000 70800.000
   175: 70821.000 70840.000 70862.000 70962.000 71292.000
   180: 71503.000 71938.000 72115.000 72143.000 72210.000
   185: 72718.000 72782.000 72812.000 72864.000 72934.000
   190: 72977.000 73346.000 73403.000 73427.000 74023.000
   195: 74044.000 74070.000 74125.000 74468.000 74502.000
   200: 74524.000 74594.000 74611.000 74631.000 74710.000
   205: 74733.000 74798.000 76123.000 76190.000 76249.000
   210: 76351.000 76370.000 76387.000 76836.000 77581.000
   215: 77626.000 77654.000 77701.000 77779.000 77805.000
   220: 78298.000 78321.000 78343.000 78377.000 78432.000
   225: 78449.000 78466.000 78554.000 78590.000 80554.000
   230: 80715.000 80743.000 80826.000 81216.000 81271.000
   235: 81328.000 81398.000 82688.000 82725.000 82756.000
   240: 82763.000 82810.000 82882.000 83558.000 83647.000
   245: 83688.000 83696.000 83700.000 83870.000 83924.000
   250: 84037.000 84076.000 84273.000 85667.000 85944.000
   255: 86062.000 86173.000 86405.000 87235.000 87284.000
   260: 87302.000 87334.000 87381.000 87793.000 87821.000
   265: 87833.000 87845.000 87868.000 87885.000 87901.000
   270: 87946.000 87973.000 87998.000 89610.000 89718.000
   275: 89766.000 89841.000 90294.000 90319.000 91105.000
   280: 91143.000 91265.000 91461.000 91624.000 91652.000
   285: 91694.000 92445.000 92502.000 92564.000 95433.000
   290: 95506.000 95526.000 95541.000 95595.000 95615.000
   295: 95660.000 95997.000 96060.000 96295.000 96686.000
   300: 96710.000 96850.000 97361.000 97464.000 97488.000
   305: 97537.000 97599.000 97621.000 97635.000 98139.000
   310: 98164.000 98375.000 98786.000 98889.000 99308.000
   315: 99386.000 99995.000 100227.000 100559.000 100600.000
   320: 100610.000 100645.000 100664.000 100762.000 100783.000
   325: 101210.000 101234.000 101279.000 101322.000 101374.000
   330: 101701.000 101746.000 101818.000 101832.000 102059.000
   335: 102092.000 102291.000 102450.000 102495.000 103845.000
   340: 103871.000 103892.000 103932.000 103958.000 104108.000
   345: 104560.000 104594.000 107555.000 107594.000 107620.000
   350: 107798.000 107864.000 107881.000 107985.000 108051.000
   355: 108272.000 111727.000 111771.000 111790.000 111874.000
   360: 112415.000 112434.000 112475.000 112923.000 112983.000
   365: 113071.000 113359.000 113529.000 113665.000 115719.000
   370: 115927.000 116422.000 116456.000 116503.000 116983.000
   375: 117085.000 117141.000 117169.000 117186.000 117247.000
   380: 117274.000 117583.000 117657.000 117706.000 117893.000
   385: 118267.000 118415.000 118722.000 118770.000 118789.000
   390: 118798.000 118815.000 119447.000 119476.000 119514.000
   395: 119597.000 122437.000 122662.000 122694.000 122733.000
   400: 122852.000 123210.000 123231.000 123358.000 123405.000
   405: 123417.000 123526.000 123633.000 123663.000 123684.000
   410: 124469.000 124605.000 124678.000 125069.000 125115.000
   415: 125186.000 125223.000 125819.000 125900.000 125924.000
   420: 126307.000 126570.000 126656.000 129346.000 129417.000
   425: 129446.000 129495.000 129534.000 129573.000 129870.000
   430: 129903.000 130064.000 130266.000 130291.000 130361.000
   435: 130638.000 130779.000 131416.000 131922.000 131955.000
   440: 131988.000 132024.000 132077.000 132655.000 132701.000
   445: 132812.000 132862.000 134030.000 134110.000 134144.000
   450: 134159.000 134277.000 134864.000 134994.000 135073.000
   455: 135117.000 135132.000 135221.000 135240.000 135680.000
   460: 136391.000 136448.000 136487.000 136904.000 136995.000
   465: 137486.000 137537.000 137670.000 137712.000 138152.000
   470: 138325.000 138345.000 138393.000 138425.000 138495.000
   475: 138507.000 139561.000 140367.000 140426.000 140469.000
   480: 141796.000 141956.000 142530.000 143034.000 143051.000
   485: 143144.000 143174.000 143681.000 143760.000 143839.000
   490: 143936.000 143970.000 145015.000 145093.000 145154.000
   495: 145201.000 145224.000 145272.000 145290.000 145310.000
   500: 146877.000 147425.000 147681.000 148588.000 148780.000
   505: 148813.000 148907.000 149333.000 149387.000 149403.000
   510: 149444.000 149467.000 149476.000 149493.000 149559.000
   515: 149616.000 149661.000 149696.000 149743.000 150937.000
   520: 151885.000 152052.000 152826.000 152980.000 152993.000
   525: 153011.000 153067.000 153117.000 153147.000 153544.000
   530: 153586.000 153609.000 153635.000 153659.000 154251.000
   535: 154270.000 154362.000 154395.000 158663.000 158894.000
   540: 158931.000 159416.000 159645.000 159701.000 160103.000
   545: 160157.000 160662.000 160759.000 160799.000 160843.000
   550: 160931.000 161361.000 161394.000 161449.000 161540.000
   555: 162867.000 162946.000 163021.000 163038.000 163064.000
   560: 163107.000 163144.000 163170.000 164998.000 165103.000
   565: 165663.000 165722.000 165782.000 166364.000 166441.000
   570: 166475.000 166487.000 166514.000 166590.000 166640.000
   575: 166677.000 166698.000 167985.000 168048.000 168075.000
   580: 168149.000 168183.000 168297.000 169102.000 169202.000
   585: 169341.000 169366.000 170270.000 170324.000 170365.000
   590: 170486.000 170945.000 170975.000 171111.000 171742.000
   595: 171822.000 171929.000 172011.000 172426.000 172503.000
   600: 172533.000 172579.000 173127.000 173164.000 173225.000
   605: 173606.000 173644.000 173662.000 173685.000 173744.000
   610: 173790.000 173796.000 175404.000 178186.000 178216.000
   615: 178254.000 178330.000 179006.000 179069.000 179386.000
   620: 179419.000 179438.000 179483.000 179502.000 179514.000
   625: 179578.000 179614.000 185288.000 185339.000 185362.000
   630: 185737.000 186048.000 186753.000 186784.000 186827.000
   635: 187499.000 188295.000 188317.000 188344.000 188469.000
   640: 188498.000 188564.000 188984.000 189012.000 189063.000
   645: 189087.000 189134.000 189171.000 189247.000 189545.000
   650: 189592.000 189636.000 189671.000 190192.000 190707.000
   655: 190740.000 190749.000 190814.000 190835.000 190879.000
   660: 190940.000 190964.000 191067.000 191114.000 192272.000
   665: 192401.000 192507.000 193054.000 193083.000 193168.000
   670: 194123.000 194180.000 194261.000 194315.000 194385.000
   675: 194795.000 197601.000 197743.000 197757.000 197953.000
   680: 198004.000 198039.000 198415.000 198588.000 199156.000
   685: 199198.000 199285.000 199717.000 199775.000 199817.000
   690: 199931.000 200024.000 200122.000 200592.000 200689.000
   695: 201042.000 201338.000 201400.000 201885.000 201962.000
   700: 201982.000 202144.000 202177.000 203549.000 204551.000
   705: 205249.000 206036.000 210901.000 212914.000 213102.000
   710: 213186.000 213233.000 213283.000 213826.000 213931.000
   715: 213952.000 214005.000 214287.000 214708.000 214735.000
   720: 214828.000 216060.000 216219.000 216251.000 218497.000
   725: 219393.000 221151.000 222450.000 222625.000 222643.000
   730: 222655.000 222695.000 223236.000 223352.000 223372.000
   735: 223419.000 223430.000 223445.000 223477.000 223877.000
   740: 223891.000 225451.000 225543.000 225565.000 225660.000
   745: 226806.000 226936.000 227031.000 227040.000 227131.000
   750: 227161.000 227181.000 227606.000 227696.000 227729.000
   755: 227787.000 228314.000 228826.000 228890.000 229044.000
   760: 229074.000 229435.000 229553.000 229901.000 230665.000
   765: 230716.000 230745.000 230784.000 230834.000 230874.000
   770: 231035.000 231422.000 231477.000 231505.000 231557.000
   775: 231819.000 232144.000 232867.000 232965.000 232984.000
   780: 233124.000 233145.000 233237.000 233477.000 233523.000
   785: 233541.000 233558.000 233602.000 233649.000 234143.000
   790: 234231.000 235772.000 235954.000 236214.000 236237.000
   795: 237426.000 237651.000 238328.000 240224.000 242247.000
   800: 242418.000 242541.000 242571.000 242598.000 242619.000
   805: 243025.000 243081.000 243103.000 243177.000 243700.000
   810: 243932.000 244631.000 244690.000 244715.000 245643.000
   815: 245979.000 246072.000 246084.000 246104.000 246153.000
   820: 246177.000 246223.000 246552.000 246609.000 246615.000
   825: 246635.000 246676.000 246714.000 246741.000 246935.000
   830: 247908.000 247978.000 248348.000 248456.000 248489.000
   835: 248505.000 248847.000 248905.000 248930.000 248968.000
   840: 249056.000 249074.000 249120.000 249531.000 249603.000
   845: 250483.000 250582.000 252164.000 252272.000 252280.000
   850: 252325.000 252393.000 252445.000 252538.000 253011.000
   855: 253159.000 253209.000 253250.000 253720.000 253733.000
   860: 253779.000 253959.000 253980.000 254030.000 254059.000
   865: 255362.000 255675.000 255705.000 255714.000 255759.000
   870: 256175.000 256271.000 256315.000 256329.000 256347.000
   875: 256370.000 256387.000 256814.000 256932.000 257080.000
   880: 257423.000 257548.000 257578.000 258087.000 258200.000
   885: 258213.000 258256.000 258329.000 258748.000 258769.000
   890: 259089.000 259103.000 259151.000 259171.000 259247.000
   895: 259262.000 259286.000 259796.000 259853.000 259883.000
   900: 259989.000 260101.000 260458.000 260489.000 260539.000
   905: 261753.000 261908.000 262031.000 262739.000 262809.000
   910: 262831.000 263042.000 263100.000 263125.000 263953.000
   915: 264118.000 264332.000 264648.000 264791.000 265340.000
   920: 265626.000 266182.000 266210.000 267398.000 267570.000
   925: 267589.000 267604.000 267949.000 270126.000 270229.000
   930: 270258.000 270278.000 270372.000 270759.000 270785.000
   935: 270891.000 271674.000 271698.000 271821.000 271842.000
   940: 271997.000 272066.000 272120.000 272132.000 273499.000
   945: 273621.000 273794.000 274056.000 274092.000 274118.000
   950: 274141.000 274209.000 275828.000 275879.000 276129.000
   955: 276343.000 276442.000 276463.000 276488.000 277710.000
   960: 277875.000 277892.000 277912.000 277962.000 277983.000
   965: 277999.000 278245.000 278354.000 278484.000 278885.000
   970: 278957.000 279079.000 279114.000 279131.000 280155.000
   975: 280236.000 280248.000 280268.000 280295.000 280328.000
   980: 280378.000 280414.000 281948.000 282108.000 282727.000
   985: 282847.000 283483.000 283514.000 283532.000 283546.000
   990: 283571.000 283614.000 283649.000 284021.000 284036.000
   995: 284084.000 284123.000 284144.000 284157.000 284200.000
  1000: 284286.000 285590.000 285717.000 286359.000 286405.000
  1005: 287533.000 287671.000 288407.000 290434.000 290658.000
  1010: 293414.000 293932.000 293945.000 294165.000 294258.000
  1015: 294293.000 294635.000 294717.000 294730.000 294767.000
  1020: 294792.000 294852.000 294891.000 294909.000 294929.000
  1025: 295870.000 296099.000 296594.000 296614.000 296724.000
  1030: 297343.000 297382.000 297501.000 297522.000 297533.000
  1035: 297547.000 297565.000 297599.000 298961.000 299099.000
  1040: 299176.000 299238.000 299813.000 300414.000 300468.000
  1045: 300507.000 300574.000 300603.000 300701.000 300745.000
  1050: 301134.000 301257.000 301270.000 301285.000 301300.000
  1055: 301321.000 301347.000 301856.000 303154.000 303282.000
  1060: 303735.000 303779.000 303807.000 303885.000 303918.000
  1065: 303938.000 303959.000 304384.000 304396.000 304443.000
  1070: 304462.000 304485.000 305983.000 306104.000 306117.000
  1075: 306141.000 306218.000 306347.000 306376.000 308140.000
  1080: 310504.000 310952.000 310967.000 310977.000 311019.000
  1085: 311099.000 311135.000 311161.000 312268.000 312402.000
  1090: 312418.000 312487.000 313701.000 313987.000 314000.000
  1095: 314026.000 314041.000 314284.000 314352.000 314370.000
  1100: 314404.000 314428.000 314901.000 314917.000 314936.000
  1105: 314953.000 316033.000 316211.000 316250.000 316338.000
  1110: 316362.000 316780.000 316840.000 316858.000 316869.000
  1115: 316896.000 316936.000 317009.000 317451.000 317470.000
  1120: 317502.000 318572.000 318663.000 318676.000 318683.000
  1125: 318715.000 318737.000 319131.000 319192.000 319248.000
  1130: 319330.000 319815.000 319834.000 320593.000 320636.000
  1135: 320681.000 320701.000 320776.000 320803.000 321077.000
  1140: 321133.000 321164.000 321202.000 321287.000 321813.000
  1145: 321871.000 321902.000 321924.000 322729.000 322873.000
  1150: 322883.000 322993.000 323025.000 323052.000 323607.000
  1155: 323684.000 323750.000 323773.000 324228.000 324441.000
  1160: 325006.000 325161.000 325176.000 325220.000 325253.000
  1165: 325266.000 325279.000 325588.000 326359.000 326396.000
  1170: 328328.000 328413.000 328419.000 328438.000 328460.000
  1175: 328496.000 328836.000 328924.000 329031.000 329081.000
  1180: 330055.000 330083.000 330099.000 330148.000 330175.000
  1185: 330191.000 330619.000 330679.000 330718.000 333237.000
  1190: 333272.000 333314.000 333353.000 333474.000 333763.000
  1195: 333860.000 333898.000 333920.000 333946.000 334022.000
  1200: 334390.000 334439.000 334463.000 334502.000 334543.000
  1205: 334711.000 334882.000 334896.000 335087.000 336350.000
  1210: 336398.000 336414.000 336834.000 336900.000 336940.000
  1215: 336963.000 338193.000 338280.000 338979.000 339037.000
  1220: 339514.000 339598.000 339740.000 341289.000 341401.000
  1225: 341443.000 341647.000 342019.000 342124.000 342637.000
  1230: 342743.000 342799.000 342846.000 343324.000 345471.000
  1235: 345575.000 346176.000 346519.000 346562.000 346582.000
  1240: 346597.000 346629.000 346640.000 346656.000 346695.000
  1245: 347777.000 347945.000 348544.000 348701.000 349991.000
  1250: 350041.000 350060.000 350154.000 350211.000 350223.000
  1255: 350242.000 350252.000 350270.000 352060.000 352173.000
  1260: 352208.000 352384.000 352722.000 352947.000 353840.000
  1265: 353933.000 353958.000 353973.000 354036.000 354285.000
  1270: 354364.000 354430.000 354482.000 354729.000 354959.000
  1275: 354974.000 355029.000 355038.000 356301.000 356413.000
  1280: 356558.000 357006.000 357049.000 357680.000 357798.000
  1285: 357816.000 357887.000 357912.000 358847.000
D:
     0: 27801.000 29969.000 37856.000 39832.000 42055.000
     5: 55421.000 58331.000 60551.000 63162.000 74733.000
    10: 78554.000 81398.000 84037.000 87946.000 102450.000
    15: 104594.000 108051.000 119514.000 123663.000 132812.000
    20: 143936.000 145310.000 149559.000 154362.000 161449.000
    25: 163170.000 166677.000 179614.000 190964.000 214828.000
    30: 223877.000 234231.000 249531.000 253959.000 260539.000
    35: 270891.000 272132.000 274209.000 279131.000 280414.000
    40: 284286.000 294909.000 297599.000 301856.000 304384.000
    45: 311161.000 314936.000 317451.000 321902.000 334896.000
    50: 346695.000 350252.000 355029.000
E:
     0:  852.000 1744.000 3165.000 7677.000 9286.000
     5: 9346.000 9533.000 11935.000 12146.000 14013.000
    10: 14200.000 15200.000 18505.000 19667.000 26789.000
    15: 28120.000 28411.000 28976.000 30267.000 31626.000
    20: 32175.000 32816.000 32824.000 34114.000 36601.000
    25: 37968.000 37976.000 40264.000 41342.000 42175.000
    30: 43178.000 43944.000 44227.000 45308.000 46368.000
    35: 49374.000 51891.000 52414.000 54931.000 55556.000
    40: 55560.000 57010.000 58444.000 59594.000 60870.000
    45: 62080.000 62662.000 63295.000 65398.000 65838.000
    50: 68170.000 69118.000 70380.000 71117.000 72310.000
    55: 73122.000 74243.000 74920.000 75853.000 76949.000
    60: 77350.000 77992.000 78678.000 78685.000 79995.000
    65: 81494.000 83012.000 84389.000 86653.000 87113.000
    70: 87543.000 88098.000 90572.000 91959.000 94800.000
    75: 95791.000 96974.000 97801.000 97930.000 98986.000
    80: 100391.000 100857.000 101468.000 102641.000 103538.000
    85: 104754.000 106007.000 106900.000 107253.000 108398.000
    90: 109019.000 110674.000 110682.000 112672.000 113202.000
    95: 114542.000 114660.000 116593.000 117378.000 118501.000
   100: 119678.000 121715.000 122240.000 122994.000 123757.000
   105: 125323.000 126862.000 128783.000 129667.000 130467.000
   110: 131680.000 132942.000 133810.000 134510.000 135329.000
   115: 136634.000 137805.000 138580.000 141298.000 142751.000
   120: 144060.000 144809.000 145408.000 147966.000 148995.000
   125: 149858.000 152147.000 153301.000 154468.000 157910.000
   130: 158401.000 159092.000 160397.000 161651.000 163250.000
   135: 165893.000 166797.000 168412.000 168808.000 169977.000
   140: 171221.000 171562.000 172148.000 173323.000 174028.000
   145: 176040.000 177910.000 179196.000 179757.000 182022.000
   150: 184870.000 184885.000 185118.000 185127.000 186222.000
   155: 187933.000 188698.000 189354.000 190438.000 191205.000
   160: 192040.000 193276.000 193935.000 194503.000 196991.000
   165: 198153.000 199448.000 200329.000 201626.000 202343.000
   170: 204631.000 206173.000 208498.000 211289.000 211682.000
   175: 212662.000 212665.000 213431.000 213548.000 214982.000
   180: 215682.000 218868.000 220797.000 222945.000 224014.000
   185: 224680.000 224916.000 225283.000 226225.000 227260.000
   190: 228468.000 229170.000 230487.000 231126.000 232254.000
   195: 232769.000 233319.000 234320.000 235528.000 236708.000
   200: 237143.000 239753.000 241908.000 242717.000 244261.000
   205: 245713.000 246384.000 246805.000 246825.000 248112.000
   210: 248685.000 249700.000 251431.000 252652.000 254157.000
   215: 255132.000 255885.000 256533.000 257665.000 258868.000
   220: 259372.000 259376.000 259381.000 260661.000 262147.000
   225: 262513.000 263244.000 263710.000 264918.000 266299.000
   230: 267058.000 267073.000 267690.000 269756.000 271005.000
   235: 272216.000 274280.000 275513.000 276870.000 277444.000
   240: 278074.000 279211.000 280521.000 282979.000 283759.000
   245: 283762.000 284473.000 284484.000 285370.000 286506.000
   250: 286973.000 287034.000 288588.000 290043.000 292746.000
   255: 294452.000 295021.000 296841.000 297704.000 298692.000
   260: 299935.000 300828.000 302009.000 303414.000 304561.000
   265: 306504.000 308452.000 308630.000 310131.000 311266.000
   270: 311853.000 313231.000 313531.000 314126.000 315065.000
   275: 315784.000 316436.000 317640.000 318820.000 319938.000
   280: 320345.000 320876.000 322031.000 323133.000 324661.000
   285: 325364.000 326487.000 327729.000 328601.000 329791.000
   290: 330349.000 332538.000 333604.000 334193.000 335233.000
   295: 336090.000 336557.000 337823.000 339132.000 339886.000
   300: 342275.000 342462.000 342951.000 343104.000 343112.000
   305: 345100.000 346362.000 346775.000 348830.000 349761.000
   310: 350344.000 351817.000 353137.000 353622.000 353657.000
   315: 353668.000 354108.000 355136.000 357133.000 357475.000
   320: 357989.000
Q:
     0: 10973.000 27124.000 29278.000 33164.000 35661.000
     5: 39169.000 44406.000 46902.000 52812.000 57508.000
    10: 59860.000 64555.000 67425.000 69435.000 71292.000
    15: 73346.000 76123.000 80554.000 83558.000 85667.000
    20: 89610.000 91105.000 95997.000 98139.000 99308.000
    25: 101701.000 103845.000 111727.000 115719.000 117583.000
    30: 118722.000 124469.000 125819.000 130638.000 131922.000
    35: 135680.000 136904.000 141796.000 143034.000 146877.000
    40: 150937.000 153544.000 159416.000 160662.000 164998.000
    45: 169102.000 170270.000 172426.000 178186.000 185288.000
    50: 186753.000 189545.000 192272.000 194795.000 198415.000
    55: 200592.000 203549.000 205249.000 213826.000 216060.000
    60: 223236.000 225451.000 227606.000 229435.000 231422.000
    65: 233477.000 237426.000 243025.000 244631.000 246935.000
    70: 248847.000 250483.000 253011.000 256814.000 258087.000
    75: 259796.000 263953.000 265340.000 270126.000 273499.000
    80: 275828.000 278245.000 281948.000 285590.000 287533.000
    85: 293414.000 295870.000 298961.000 301134.000 303735.000
    90: 310504.000 312268.000 314284.000 316780.000 319131.000
    95: 321077.000 323607.000 325588.000 328836.000 330619.000
   100: 334390.000 336834.000 338193.000 341289.000 345471.000
   105: 347777.000 352060.000 354285.000 356301.000
