File: C:\MED-PC\Data\2019-07-30_12h15m_Subject 19010.txt


Start Date: 07/30/19
End Date: 07/30/19
Subject: 19010
Experiment: 
Group: 1
Box: 2
Start Time: 12:15:01
End Time: 13:18:48
MSN: FR8 8p First Lever Laser 50
B:   8.000
F:   1.000
H:  69.000
L: 120.000
R:   6.000
U:  12.000
V:  10.000
A:
     0:    0.000    1.000
C:
     0: 11181.000 19414.000 19482.000 19828.000 20027.000
     5: 20306.000 20349.000 21303.000 21349.000 31280.000
    10: 31317.000 31517.000 41477.000 41516.000 45287.000
    15: 50903.000 50953.000 50990.000 51169.000 51207.000
    20: 51225.000 51316.000 51352.000 58552.000 58602.000
    25: 58837.000 58864.000 58881.000 58894.000 58939.000
    30: 58946.000 58959.000 58978.000 59064.000 62245.000
    35: 62406.000 62418.000 62469.000 62533.000 65385.000
    40: 65420.000 65511.000 65632.000 65686.000 69617.000
    45: 69653.000 69717.000 69935.000 69990.000 77515.000
    50: 82701.000 82789.000 82985.000 83128.000 86119.000
    55: 86206.000 86353.000 92117.000 107814.000 121796.000
    60: 129890.000 129928.000 130115.000 130216.000 130254.000
    65: 130300.000 130836.000 130904.000 130933.000 130954.000
    70: 130994.000 131059.000 131085.000 137606.000 137635.000
    75: 137675.000 137750.000 137773.000 137879.000 157135.000
    80: 157145.000 188383.000 199665.000 201975.000 209478.000
    85: 219581.000 251045.000 251081.000 251978.000 252003.000
    90: 252017.000 252025.000 252065.000 252171.000 252200.000
    95: 252212.000 269692.000 269886.000 269914.000 269960.000
   100: 270016.000 274521.000 274547.000 274605.000 274684.000
   105: 274719.000 274755.000 274769.000 274818.000 323466.000
   110: 323488.000 337689.000 337739.000 337976.000 338000.000
   115: 343703.000 347752.000 347795.000 347816.000 356843.000
D:
     0: 21349.000 51352.000 58946.000 251978.000 274818.000
     5: 347816.000
E:
     0: 3486.000 7726.000 10575.000 18418.000 25200.000
     5: 25229.000 30214.000 35158.000 36812.000 38217.000
    10: 40716.000 49411.000 50429.000 51619.000 51625.000
    15: 51657.000 57256.000 59212.000 61392.000 62670.000
    20: 62679.000 62707.000 63106.000 63748.000 63772.000
    25: 63788.000 66069.000 69181.000 70131.000 70156.000
    30: 70247.000 73801.000 82030.000 82524.000 83280.000
    35: 83303.000 88997.000 95513.000 95526.000 114657.000
    40: 117182.000 130433.000 130444.000 130463.000 131287.000
    45: 138030.000 143709.000 143721.000 154767.000 166977.000
    50: 180117.000 252560.000 252563.000 267769.000 269326.000
    55: 269336.000 274294.000 282268.000 282273.000 282290.000
    60: 282296.000 284717.000 288593.000 288603.000 305176.000
    65: 326536.000 353005.000 356444.000 356473.000
Q:
     0: 19414.000 41477.000 50903.000 62245.000 69617.000
     5: 82701.000 107814.000 121796.000 137606.000 269692.000
    10: 274521.000 356843.000
