File: C:\MED-PC\Data\2019-08-01_10h31m_Subject 19004.txt


Start Date: 08/01/19
End Date: 08/01/19
Subject: 19004
Experiment: 
Group: 1
Box: 2
Start Time: 10:31:26
End Time: 11:32:26
MSN: FR8 8p First Lever Laser 50
B:   8.000
F:   1.000
H: 265.000
L: 1126.000
R:  90.000
U:  69.000
V: 116.000
A:
     0:    0.000    1.000
C:
     0: 26746.000 31824.000 31841.000 31893.000 31925.000
     5: 33960.000 37030.000 37049.000 37071.000 37082.000
    10: 37108.000 37125.000 37159.000 37177.000 37205.000
    15: 37524.000 37540.000 37554.000 37569.000 37599.000
    20: 37616.000 37630.000 37658.000 37677.000 37684.000
    25: 37702.000 37730.000 37747.000 39381.000 39407.000
    30: 39440.000 39474.000 39505.000 39886.000 39907.000
    35: 39918.000 39935.000 39980.000 40002.000 40013.000
    40: 40029.000 41548.000 41583.000 41602.000 41642.000
    45: 41700.000 42079.000 42085.000 42094.000 42137.000
    50: 42158.000 42169.000 42190.000 42231.000 43386.000
    55: 43410.000 43433.000 43458.000 43466.000 43484.000
    60: 43514.000 43550.000 43580.000 43605.000 43627.000
    65: 44565.000 44580.000 44597.000 44625.000 44639.000
    70: 44666.000 44681.000 44690.000 44703.000 44725.000
    75: 44752.000 44767.000 45636.000 45645.000 45678.000
    80: 45692.000 45707.000 45722.000 45756.000 46067.000
    85: 46092.000 46118.000 46139.000 46157.000 46213.000
    90: 46240.000 46257.000 46273.000 47303.000 47344.000
    95: 47358.000 47378.000 47395.000 47406.000 47427.000
   100: 47441.000 47463.000 48284.000 48292.000 48310.000
   105: 48325.000 48339.000 48366.000 48377.000 48385.000
   110: 49247.000 49278.000 49298.000 49324.000 49331.000
   115: 49347.000 49365.000 49391.000 49430.000 50480.000
   120: 50496.000 50532.000 50561.000 50589.000 50600.000
   125: 50610.000 50638.000 50653.000 51484.000 51520.000
   130: 51534.000 51539.000 51556.000 51571.000 51581.000
   135: 51598.000 51625.000 51658.000 52463.000 52478.000
   140: 52491.000 52510.000 52527.000 52535.000 52549.000
   145: 52571.000 52598.000 52620.000 52647.000 53402.000
   150: 53422.000 53453.000 53474.000 53489.000 53538.000
   155: 53910.000 55367.000 55412.000 55436.000 55451.000
   160: 55472.000 55496.000 55532.000 55849.000 55863.000
   165: 55879.000 55921.000 55931.000 55963.000 56009.000
   170: 56031.000 56055.000 57356.000 57383.000 57396.000
   175: 57415.000 57429.000 57460.000 57479.000 57494.000
   180: 57505.000 58369.000 58380.000 58418.000 58431.000
   185: 58444.000 58481.000 58516.000 58536.000 59307.000
   190: 59320.000 59333.000 59383.000 59395.000 59409.000
   195: 59427.000 59449.000 59474.000 60205.000 60239.000
   200: 60259.000 60265.000 60301.000 60323.000 60342.000
   205: 60366.000 60395.000 61093.000 61117.000 61128.000
   210: 61149.000 61167.000 61178.000 61194.000 61220.000
   215: 61985.000 62025.000 62037.000 62050.000 62077.000
   220: 62099.000 62107.000 62120.000 62131.000 62940.000
   225: 62964.000 62977.000 62990.000 63005.000 63019.000
   230: 63032.000 63052.000 63078.000 63095.000 63133.000
   235: 63153.000 64386.000 64407.000 64423.000 64438.000
   240: 64450.000 64463.000 64489.000 64506.000 64526.000
   245: 64566.000 65222.000 65263.000 65279.000 65287.000
   250: 65308.000 65336.000 65352.000 65373.000 65395.000
   255: 65414.000 65899.000 65937.000 65954.000 65969.000
   260: 65993.000 66004.000 66023.000 66058.000 66723.000
   265: 66737.000 66751.000 66763.000 66778.000 66788.000
   270: 66808.000 66824.000 66835.000 66853.000 66873.000
   275: 66907.000 67860.000 67887.000 67908.000 67920.000
   280: 67933.000 67956.000 67990.000 68010.000 68030.000
   285: 68067.000 68617.000 68637.000 68653.000 68670.000
   290: 68699.000 68732.000 68743.000 68754.000 68772.000
   295: 68798.000 69455.000 69477.000 69488.000 69503.000
   300: 69517.000 69531.000 69548.000 69560.000 69573.000
   305: 69602.000 69639.000 70571.000 70589.000 70617.000
   310: 70632.000 70645.000 70656.000 70682.000 70705.000
   315: 70725.000 70751.000 72211.000 76088.000 76108.000
   320: 76125.000 76157.000 76195.000 76206.000 76542.000
   325: 76565.000 76578.000 76602.000 76622.000 76648.000
   330: 76678.000 76696.000 77448.000 77460.000 77476.000
   335: 77495.000 77512.000 77530.000 77543.000 77560.000
   340: 77571.000 77609.000 77632.000 77664.000 79170.000
   345: 79197.000 79231.000 79251.000 79277.000 79286.000
   350: 79305.000 79359.000 80064.000 80092.000 80103.000
   355: 80121.000 80152.000 80178.000 80209.000 80236.000
   360: 87470.000 87500.000 87520.000 87548.000 87572.000
   365: 87579.000 87605.000 87614.000 88389.000 88423.000
   370: 88436.000 88449.000 88492.000 88507.000 88518.000
   375: 88540.000 88559.000 89411.000 89433.000 89458.000
   380: 89472.000 89484.000 89497.000 89515.000 89519.000
   385: 89540.000 89551.000 89560.000 89580.000 90697.000
   390: 90708.000 90725.000 90735.000 90789.000 90810.000
   395: 90820.000 90831.000 91447.000 91461.000 91483.000
   400: 91500.000 91518.000 91546.000 91567.000 91588.000
   405: 92299.000 92323.000 92327.000 92343.000 92364.000
   410: 92375.000 92386.000 92408.000 92423.000 92431.000
   415: 92463.000 93049.000 93087.000 93106.000 93116.000
   420: 93150.000 93165.000 93199.000 98533.000 98559.000
   425: 98578.000 98590.000 98603.000 98615.000 98632.000
   430: 98649.000 98661.000 99343.000 99378.000 99387.000
   435: 99411.000 99433.000 99442.000 99467.000 99489.000
   440: 100481.000 100552.000 100574.000 100585.000 100619.000
   445: 101039.000 101066.000 101102.000 101113.000 101136.000
   450: 101156.000 101167.000 101182.000 101207.000 101993.000
   455: 102029.000 102045.000 102060.000 102072.000 102090.000
   460: 102101.000 102116.000 102140.000 102160.000 108631.000
   465: 121372.000 121397.000 121424.000 121448.000 121485.000
   470: 121518.000 121537.000 121790.000 121825.000 121840.000
   475: 121861.000 121879.000 121894.000 121904.000 121927.000
   480: 121940.000 121957.000 123890.000 123917.000 123957.000
   485: 124000.000 127519.000 127540.000 127558.000 127573.000
   490: 127591.000 127600.000 127615.000 127632.000 128422.000
   495: 128439.000 128452.000 128465.000 128478.000 128489.000
   500: 128502.000 128522.000 128540.000 128552.000 136723.000
   505: 137391.000 137417.000 137441.000 137458.000 137482.000
   510: 137761.000 137778.000 137790.000 137810.000 137829.000
   515: 137854.000 137872.000 137896.000 138620.000 138635.000
   520: 138663.000 138681.000 138701.000 138714.000 138778.000
   525: 139161.000 139184.000 139194.000 139216.000 139239.000
   530: 139258.000 139283.000 139625.000 139648.000 139663.000
   535: 139678.000 139690.000 139716.000 139728.000 139745.000
   540: 139759.000 139774.000 140441.000 140453.000 140465.000
   545: 140475.000 140491.000 140517.000 140539.000 140549.000
   550: 140558.000 140575.000 140588.000 141325.000 141364.000
   555: 141373.000 141393.000 141410.000 141430.000 141443.000
   560: 141465.000 141476.000 141487.000 142296.000 142337.000
   565: 142363.000 142384.000 142400.000 142412.000 142431.000
   570: 142464.000 143261.000 143291.000 143312.000 143333.000
   575: 143353.000 143368.000 143385.000 143398.000 143448.000
   580: 144492.000 144529.000 144546.000 144560.000 144571.000
   585: 144587.000 144609.000 144630.000 144645.000 159753.000
   590: 159778.000 159804.000 159817.000 159834.000 159854.000
   595: 159881.000 159909.000 159971.000 160729.000 160775.000
   600: 160792.000 160817.000 160829.000 160845.000 160876.000
   605: 161228.000 161258.000 161282.000 161298.000 161314.000
   610: 161340.000 161372.000 161385.000 162125.000 162151.000
   615: 162173.000 162177.000 162202.000 162220.000 162263.000
   620: 162643.000 162660.000 162684.000 162695.000 162705.000
   625: 162722.000 162734.000 162756.000 162777.000 162790.000
   630: 178863.000 178895.000 178908.000 178926.000 178939.000
   635: 179507.000 179527.000 179539.000 179550.000 179565.000
   640: 179591.000 179605.000 179620.000 179639.000 180447.000
   645: 180475.000 180487.000 180513.000 180539.000 180557.000
   650: 180582.000 184176.000 184202.000 184215.000 184236.000
   655: 184250.000 184281.000 184290.000 184304.000 184326.000
   660: 185840.000 185857.000 185881.000 185893.000 185906.000
   665: 185930.000 185951.000 185980.000 185995.000 186637.000
   670: 186742.000 186774.000 187204.000 187247.000 187263.000
   675: 187276.000 187289.000 187312.000 187359.000 187397.000
   680: 213514.000 213529.000 213553.000 213568.000 213581.000
   685: 213592.000 213635.000 214160.000 214195.000 214221.000
   690: 214243.000 214271.000 214537.000 214576.000 214589.000
   695: 214618.000 214635.000 214653.000 214663.000 214683.000
   700: 215513.000 215534.000 215546.000 215560.000 215572.000
   705: 215593.000 215611.000 215622.000 217022.000 217060.000
   710: 217075.000 217101.000 217121.000 217149.000 217180.000
   715: 222262.000 222288.000 222317.000 222337.000 222360.000
   720: 222376.000 222387.000 222400.000 223257.000 223279.000
   725: 223290.000 223308.000 223335.000 223345.000 223358.000
   730: 223388.000 224159.000 224202.000 224219.000 224235.000
   735: 224248.000 224259.000 224274.000 224290.000 224302.000
   740: 225089.000 225115.000 225143.000 225154.000 225171.000
   745: 225196.000 225216.000 225225.000 225240.000 226147.000
   750: 226176.000 226184.000 226199.000 226209.000 226216.000
   755: 226228.000 226250.000 226275.000 226300.000 226323.000
   760: 229785.000 229831.000 229847.000 229856.000 229866.000
   765: 229879.000 229909.000 229922.000 229964.000 230775.000
   770: 230806.000 230830.000 230843.000 230868.000 230879.000
   775: 231198.000 231218.000 231233.000 231248.000 231260.000
   780: 231272.000 231303.000 231325.000 231348.000 232103.000
   785: 232136.000 232153.000 232165.000 232184.000 232200.000
   790: 232214.000 232239.000 232327.000 233121.000 233164.000
   795: 233179.000 233205.000 233230.000 233248.000 233258.000
   800: 233569.000 233591.000 233615.000 233639.000 233660.000
   805: 233695.000 234072.000 234109.000 234121.000 234150.000
   810: 234168.000 234182.000 234203.000 234217.000 248248.000
   815: 248282.000 248300.000 248317.000 248349.000 248386.000
   820: 248411.000 248912.000 248941.000 248960.000 248975.000
   825: 248998.000 249024.000 249343.000 249364.000 249399.000
   830: 249436.000 249449.000 249480.000 249496.000 249774.000
   835: 249797.000 249807.000 249832.000 249856.000 249879.000
   840: 249909.000 249922.000 250815.000 250848.000 250876.000
   845: 250893.000 250903.000 250913.000 250934.000 250948.000
   850: 250962.000 266798.000 266824.000 266885.000 272174.000
   855: 275387.000 275414.000 275433.000 275444.000 275461.000
   860: 275471.000 275483.000 275825.000 275858.000 275887.000
   865: 275902.000 275939.000 275956.000 276326.000 276349.000
   870: 276371.000 276390.000 276405.000 276416.000 276437.000
   875: 276447.000 276465.000 276481.000 277216.000 277247.000
   880: 277272.000 277291.000 277308.000 277336.000 277754.000
   885: 277784.000 277807.000 277836.000 277850.000 277866.000
   890: 277893.000 278373.000 278410.000 278425.000 278439.000
   895: 278451.000 278468.000 278476.000 278505.000 278546.000
   900: 278564.000 288390.000 288424.000 288443.000 288479.000
   905: 288496.000 288511.000 288872.000 288907.000 288927.000
   910: 288948.000 288966.000 288982.000 288998.000 289262.000
   915: 289308.000 289328.000 289346.000 289355.000 289381.000
   920: 289765.000 289805.000 289824.000 289835.000 289862.000
   925: 289890.000 289911.000 289926.000 289942.000 290792.000
   930: 290815.000 290831.000 290856.000 290891.000 290912.000
   935: 290940.000 291290.000 291330.000 291358.000 291379.000
   940: 291387.000 291401.000 291414.000 291882.000 291926.000
   945: 291940.000 291960.000 291968.000 291975.000 291989.000
   950: 292014.000 292028.000 292069.000 292083.000 292105.000
   955: 293070.000 293101.000 293118.000 293139.000 293154.000
   960: 293166.000 293188.000 293211.000 293234.000 293258.000
   965: 293287.000 294339.000 294362.000 294385.000 294403.000
   970: 294423.000 294446.000 294461.000 294476.000 295224.000
   975: 295267.000 295288.000 295315.000 295339.000 295354.000
   980: 295387.000 295416.000 296392.000 296411.000 296440.000
   985: 296455.000 296470.000 296488.000 296510.000 296529.000
   990: 296538.000 296587.000 296601.000 297336.000 297382.000
   995: 297434.000 297505.000 297525.000 297537.000 297559.000
  1000: 297576.000 297592.000 297609.000 302726.000 302752.000
  1005: 302768.000 302791.000 302814.000 302829.000 302878.000
  1010: 302889.000 303397.000 303436.000 303457.000 303475.000
  1015: 303491.000 303502.000 303535.000 303572.000 304474.000
  1020: 304521.000 304543.000 304558.000 304583.000 304601.000
  1025: 304627.000 304988.000 305012.000 305034.000 305046.000
  1030: 305055.000 305077.000 305089.000 305099.000 305125.000
  1035: 319441.000 319465.000 319491.000 319513.000 319532.000
  1040: 319559.000 319570.000 320038.000 320073.000 320091.000
  1045: 320116.000 320130.000 320134.000 320158.000 320196.000
  1050: 340204.000 340242.000 340268.000 340298.000 340343.000
  1055: 340358.000 340719.000 340747.000 340770.000 340780.000
  1060: 341158.000 341191.000 341210.000 341223.000 341241.000
  1065: 341273.000 341290.000 341312.000 341324.000 342247.000
  1070: 342275.000 342303.000 342335.000 342392.000 342413.000
  1075: 342509.000 342533.000 342561.000 342671.000 343815.000
  1080: 343848.000 343866.000 343888.000 343910.000 343927.000
  1085: 343949.000 343971.000 343984.000 351410.000 352161.000
  1090: 352195.000 352212.000 352231.000 352243.000 352259.000
  1095: 352273.000 352286.000 352304.000 352320.000 353199.000
  1100: 353248.000 353263.000 353282.000 353299.000 353311.000
  1105: 353337.000 353663.000 353703.000 353729.000 353751.000
  1110: 353770.000 353779.000 353811.000 354199.000 354215.000
  1115: 354266.000 354282.000 354301.000 354317.000 354607.000
  1120: 354624.000 354745.000 354810.000 354819.000 354841.000
  1125: 354856.000
D:
     0: 37177.000 37658.000 40029.000 42231.000 43550.000
     5: 44690.000 46257.000 47441.000 48385.000 49391.000
    10: 50638.000 51598.000 52571.000 56031.000 57494.000
    15: 58536.000 59449.000 60366.000 61220.000 62120.000
    20: 63052.000 64506.000 65373.000 66058.000 66824.000
    25: 68010.000 68754.000 69560.000 70705.000 76696.000
    30: 77560.000 79359.000 80236.000 87614.000 88540.000
    35: 89519.000 90831.000 91588.000 92408.000 98649.000
    40: 99489.000 101182.000 102116.000 121927.000 127632.000
    45: 128522.000 137896.000 139745.000 140549.000 141465.000
    50: 142464.000 143398.000 144630.000 159909.000 161385.000
    55: 162756.000 179620.000 184304.000 185980.000 187397.000
    60: 214683.000 215622.000 222400.000 223388.000 224290.000
    65: 225225.000 226250.000 229922.000 231325.000 232239.000
    70: 234217.000 249922.000 250948.000 276447.000 278505.000
    75: 289926.000 292014.000 293211.000 294476.000 295416.000
    80: 296529.000 297576.000 302889.000 303572.000 305099.000
    85: 320196.000 341312.000 342533.000 343971.000 352286.000
E:
     0:  405.000  511.000  540.000  549.000  657.000
     5:  664.000  808.000  873.000 1096.000 1131.000
    10: 1882.000 4614.000 5389.000 5799.000 7439.000
    15: 7891.000 11888.000 12807.000 12851.000 15293.000
    20: 16073.000 16157.000 18447.000 19790.000 23665.000
    25: 24890.000 26368.000 31398.000 33704.000 34158.000
    30: 34508.000 36825.000 37321.000 37847.000 37855.000
    35: 37860.000 39618.000 40207.000 41269.000 41812.000
    40: 42373.000 43788.000 44862.000 45845.000 46366.000
    45: 47641.000 48528.000 49567.000 50229.000 50749.000
    50: 51302.000 51749.000 52741.000 53662.000 55050.000
    55: 55628.000 56231.000 57706.000 58716.000 59635.000
    60: 60538.000 61371.000 62270.000 63277.000 64187.000
    65: 64667.000 65573.000 66192.000 67012.000 68156.000
    70: 68891.000 69777.000 70857.000 72472.000 73044.000
    75: 75804.000 76349.000 76908.000 77812.000 78956.000
    80: 79436.000 80394.000 84915.000 87252.000 87719.000
    85: 88654.000 89719.000 90508.000 90924.000 91683.000
    90: 92552.000 93320.000 97013.000 97016.000 98259.000
    95: 98883.000 99651.000 100811.000 101306.000 102313.000
   100: 107617.000 107620.000 107652.000 107666.000 107828.000
   105: 110688.000 113698.000 120722.000 120725.000 121192.000
   110: 121644.000 122062.000 122069.000 123251.000 124275.000
   115: 127211.000 127742.000 128651.000 130082.000 133801.000
   120: 136200.000 136876.000 137583.000 137990.000 138966.000
   125: 139418.000 139428.000 139898.000 140682.000 141572.000
   130: 142543.000 143544.000 144734.000 145701.000 150154.000
   135: 156743.000 159533.000 160167.000 160964.000 160972.000
   140: 160981.000 161481.000 162375.000 162877.000 166243.000
   145: 169238.000 178702.000 179054.000 179067.000 179765.000
   150: 180739.000 183817.000 184459.000 185588.000 186137.000
   155: 186938.000 187524.000 188878.000 189859.000 194174.000
   160: 203485.000 209822.000 213219.000 213790.000 214381.000
   165: 214795.000 215735.000 217303.000 220063.000 221990.000
   170: 222490.000 223528.000 224429.000 225428.000 226420.000
   175: 229534.000 230116.000 231005.000 231510.000 232514.000
   180: 233368.000 233877.000 234389.000 243995.000 248053.000
   185: 248543.000 249228.000 249592.000 250009.000 250604.000
   190: 251142.000 263922.000 263931.000 266505.000 270189.000
   195: 271964.000 275107.000 275114.000 275652.000 276171.000
   200: 276621.000 277480.000 278085.000 278692.000 280426.000
   205: 282170.000 284802.000 288079.000 288095.000 288100.000
   210: 288656.000 289150.000 289546.000 290072.000 291100.000
   215: 291610.000 292229.000 292805.000 293428.000 294602.000
   220: 295559.000 296727.000 297789.000 301486.000 301538.000
   225: 302234.000 303037.000 303211.000 303699.000 304756.000
   230: 305272.000 307931.000 311700.000 319007.000 319017.000
   235: 319760.000 320521.000 325196.000 325203.000 327972.000
   240: 333167.000 335326.000 339913.000 340486.000 340980.000
   245: 341477.000 342037.000 343011.000 344161.000 348372.000
   250: 348389.000 348409.000 348411.000 348412.000 348416.000
   255: 348435.000 348454.000 350612.000 351203.000 351975.000
   260: 352477.000 353465.000 353986.000 354470.000 359522.000
Q:
     0: 26746.000 37030.000 39381.000 41548.000 43386.000
     5: 45636.000 46067.000 49247.000 50480.000 52463.000
    10: 55367.000 55849.000 59307.000 60205.000 62940.000
    15: 64386.000 65899.000 68617.000 70571.000 76088.000
    20: 77448.000 80064.000 87470.000 90697.000 92299.000
    25: 98533.000 100481.000 101039.000 108631.000 121790.000
    30: 128422.000 136723.000 138620.000 139161.000 140441.000
    35: 143261.000 144492.000 160729.000 162125.000 179507.000
    40: 180447.000 186637.000 187204.000 214160.000 215513.000
    45: 223257.000 224159.000 226147.000 230775.000 232103.000
    50: 233569.000 248248.000 249774.000 250815.000 272174.000
    55: 276326.000 277754.000 278373.000 288872.000 290792.000
    60: 291290.000 293070.000 296392.000 297336.000 304474.000
    65: 319441.000 320038.000 341158.000 342247.000 352161.000
    70: 353663.000 354607.000
