File: C:\MED-PC\Data\2019-07-25_12h14m_Subject 19014.txt


Start Date: 07/25/19
End Date: 07/25/19
Subject: 19014
Experiment: fr8
Group: 0
Box: 1
Start Time: 12:14:54
End Time: 13:18:12
MSN: FR8 8p First Lever Laser 50
B:   8.000
F:   2.000
H: 133.000
L: 231.000
R:  16.000
U:  16.000
V:  54.000
A:
     0:    0.000    1.000
C:
     0: 27862.000 27886.000 27899.000 27985.000 28003.000
     5: 29637.000 29671.000 29711.000 29718.000 29749.000
    10: 29794.000 29827.000 29844.000 33764.000 33789.000
    15: 33935.000 34045.000 34074.000 34085.000 34188.000
    20: 35012.000 35032.000 35062.000 35109.000 35120.000
    25: 35147.000 35186.000 35198.000 35242.000 35329.000
    30: 38154.000 38167.000 38187.000 38284.000 38304.000
    35: 38351.000 42216.000 42250.000 42268.000 42287.000
    40: 42343.000 42364.000 42394.000 42999.000 43074.000
    45: 43105.000 43138.000 58787.000 58803.000 58823.000
    50: 58921.000 58928.000 58949.000 59001.000 59029.000
    55: 62666.000 62693.000 62736.000 62762.000 64545.000
    60: 64585.000 64599.000 64624.000 64647.000 64671.000
    65: 64694.000 64722.000 64759.000 72359.000 72396.000
    70: 72550.000 72589.000 72622.000 72668.000 72689.000
    75: 72727.000 77149.000 77177.000 77246.000 79886.000
    80: 79918.000 79968.000 79988.000 80016.000 80478.000
    85: 80517.000 80529.000 80569.000 80578.000 80614.000
    90: 87469.000 87488.000 87608.000 87621.000 87643.000
    95: 87674.000 87697.000 87765.000 94530.000 94572.000
   100: 94616.000 94658.000 94671.000 94715.000 95364.000
   105: 95387.000 95430.000 95451.000 95476.000 95493.000
   110: 95518.000 95533.000 95562.000 95573.000 95593.000
   115: 95645.000 107362.000 111625.000 111636.000 111714.000
   120: 111768.000 111820.000 111847.000 111861.000 112198.000
   125: 112217.000 112236.000 112388.000 112409.000 112444.000
   130: 112475.000 112499.000 120965.000 121048.000 121065.000
   135: 121135.000 121178.000 121185.000 121203.000 121214.000
   140: 130502.000 130538.000 132501.000 132513.000 132537.000
   145: 132627.000 132680.000 132738.000 132754.000 133785.000
   150: 133825.000 133872.000 133918.000 133941.000 133992.000
   155: 134006.000 134058.000 134195.000 134208.000 141902.000
   160: 141941.000 141964.000 142012.000 142064.000 142100.000
   165: 142140.000 142159.000 144833.000 144858.000 145250.000
   170: 151536.000 160995.000 182041.000 182092.000 188855.000
   175: 204454.000 204473.000 204550.000 204564.000 204588.000
   180: 204618.000 204664.000 204691.000 204730.000 204746.000
   185: 204761.000 239361.000 239377.000 239601.000 241018.000
   190: 241037.000 241057.000 241109.000 241154.000 241171.000
   195: 241548.000 241574.000 241706.000 241714.000 241739.000
   200: 241761.000 241777.000 241789.000 241806.000 241886.000
   205: 248960.000 249030.000 249078.000 249106.000 263124.000
   210: 271960.000 272001.000 272070.000 272205.000 272233.000
   215: 273402.000 273510.000 278990.000 279004.000 279022.000
   220: 279100.000 279114.000 279135.000 279165.000 279208.000
   225: 279235.000 279282.000 315872.000 315898.000 339470.000
   230: 344200.000
D:
     0: 29711.000 35198.000 42999.000 59029.000 64722.000
     5: 72727.000 80529.000 87765.000 95387.000 112198.000
    10: 121214.000 133785.000 142159.000 204691.000 241789.000
    15: 278990.000
E:
     0: 5319.000 20844.000 20848.000 26432.000 26436.000
     5: 30109.000 32103.000 33382.000 34598.000 34612.000
    10: 36127.000 36957.000 39037.000 39071.000 39207.000
    15: 40924.000 41870.000 43782.000 45166.000 48780.000
    20: 53135.000 53190.000 53701.000 54018.000 55132.000
    25: 58547.000 59478.000 59505.000 60504.000 60522.000
    30: 60959.000 64280.000 66910.000 68485.000 70083.000
    35: 70167.000 72904.000 73285.000 74135.000 74142.000
    40: 76162.000 76177.000 76794.000 78949.000 79478.000
    45: 79770.000 81221.000 82162.000 83382.000 88325.000
    50: 88332.000 88457.000 90149.000 92384.000 92848.000
    55: 94307.000 98415.000 99536.000 102587.000 106968.000
    60: 111288.000 113013.000 114765.000 120388.000 123018.000
    65: 127891.000 129620.000 130022.000 130074.000 132099.000
    70: 134476.000 135801.000 141418.000 143638.000 144507.000
    75: 156714.000 160658.000 163352.000 165889.000 169264.000
    80: 179079.000 183579.000 199034.000 204091.000 210037.000
    85: 210054.000 211892.000 214216.000 216072.000 216084.000
    90: 219711.000 222906.000 229813.000 230305.000 232752.000
    95: 235298.000 235307.000 236588.000 239146.000 240767.000
   100: 241340.000 241948.000 243078.000 243445.000 246966.000
   105: 248332.000 253383.000 256245.000 256639.000 258621.000
   110: 259234.000 262796.000 269139.000 271009.000 271675.000
   115: 282538.000 283625.000 284485.000 289845.000 289855.000
   120: 294746.000 297010.000 299584.000 300214.000 302664.000
   125: 315556.000 321133.000 321144.000 323226.000 328948.000
   130: 328969.000 334206.000 348936.000
Q:
     0: 33764.000 38154.000 58787.000 62666.000 72359.000
     5: 87469.000 107362.000 120965.000 132501.000 144833.000
    10: 182041.000 188855.000 239361.000 241548.000 271960.000
    15: 315872.000
