File: C:\MED-PC\Data\2019-07-29_17h34m_Subject 19008.txt


Start Date: 07/29/19
End Date: 07/29/19
Subject: 19008
Experiment: 
Group: 1
Box: 1
Start Time: 17:34:32
End Time: 18:36:54
MSN: FR8 8p First Lever Laser 50
B:   8.000
F:   2.000
H: 1037.000
L: 1783.000
R:  60.000
U: 145.000
V:  72.000
A:
     0:    0.000    1.000
C:
     0: 7432.000 8403.000 8449.000 8473.000 8486.000
     5: 8524.000 8540.000 8552.000 8565.000 8584.000
    10: 8594.000 11977.000 11995.000 12088.000 12107.000
    15: 12120.000 12823.000 12849.000 12888.000 12901.000
    20: 12917.000 12973.000 12991.000 13582.000 13617.000
    25: 14677.000 14721.000 14818.000 14846.000 14867.000
    30: 14883.000 15347.000 15359.000 15428.000 15440.000
    35: 15454.000 15885.000 15896.000 15940.000 15949.000
    40: 15988.000 16034.000 16059.000 16443.000 16459.000
    45: 16526.000 16550.000 16564.000 16897.000 16955.000
    50: 17012.000 17040.000 17065.000 17089.000 17120.000
    55: 17136.000 17146.000 18353.000 18369.000 18418.000
    60: 18424.000 18438.000 18470.000 18511.000 18547.000
    65: 18571.000 19906.000 19977.000 19988.000 25247.000
    70: 25260.000 25293.000 25303.000 25317.000 25332.000
    75: 25349.000 25370.000 26449.000 26457.000 26472.000
    80: 26490.000 26503.000 26526.000 26539.000 27095.000
    85: 27106.000 27163.000 27179.000 27196.000 27701.000
    90: 27763.000 27777.000 28101.000 28119.000 28158.000
    95: 28189.000 28211.000 28479.000 28501.000 28540.000
   100: 28558.000 28616.000 28636.000 29010.000 29077.000
   105: 29109.000 29470.000 29525.000 29540.000 29566.000
   110: 29586.000 29626.000 29954.000 30028.000 30090.000
   115: 30435.000 30476.000 31852.000 31952.000 32053.000
   120: 32075.000 33488.000 33611.000 33857.000 34339.000
   125: 34385.000 34704.000 34793.000 35230.000 35255.000
   130: 35665.000 35683.000 35700.000 35743.000 35758.000
   135: 35784.000 36037.000 36114.000 36188.000 36658.000
   140: 36677.000 36715.000 36759.000 36778.000 36822.000
   145: 36838.000 36870.000 38000.000 38057.000 38072.000
   150: 38090.000 38643.000 38652.000 38668.000 38702.000
   155: 38723.000 38739.000 39141.000 39186.000 39197.000
   160: 39208.000 39551.000 39617.000 39632.000 39660.000
   165: 39715.000 39727.000 40148.000 40193.000 40203.000
   170: 40254.000 40275.000 40694.000 40756.000 40781.000
   175: 40791.000 40804.000 41138.000 41156.000 41199.000
   180: 41265.000 41279.000 41600.000 41629.000 41644.000
   185: 41696.000 42006.000 42197.000 42486.000 42500.000
   190: 42535.000 42544.000 42598.000 42867.000 42938.000
   195: 42962.000 42975.000 42994.000 43062.000 43480.000
   200: 43545.000 43565.000 43849.000 43863.000 43893.000
   205: 43914.000 43943.000 43970.000 43989.000 44253.000
   210: 44282.000 44298.000 44339.000 44363.000 44439.000
   215: 44462.000 44755.000 44770.000 44822.000 44888.000
   220: 44907.000 47494.000 47507.000 47519.000 47554.000
   225: 47594.000 48301.000 48339.000 48353.000 48372.000
   230: 48392.000 48407.000 48456.000 48648.000 48668.000
   235: 48717.000 48739.000 48753.000 48784.000 48801.000
   240: 48827.000 50499.000 50526.000 50605.000 50651.000
   245: 50683.000 52904.000 52925.000 52937.000 52952.000
   250: 52975.000 52989.000 53023.000 53042.000 54546.000
   255: 54580.000 54596.000 55184.000 55203.000 55215.000
   260: 57116.000 57159.000 57172.000 57186.000 57207.000
   265: 57221.000 57241.000 57267.000 57286.000 58956.000
   270: 58968.000 58981.000 59014.000 59040.000 59061.000
   275: 59071.000 59638.000 59655.000 59671.000 59703.000
   280: 59719.000 60123.000 60143.000 60159.000 60176.000
   285: 60194.000 60227.000 60267.000 60666.000 60681.000
   290: 60696.000 60711.000 60753.000 60780.000 61146.000
   295: 61163.000 61179.000 61210.000 61261.000 61284.000
   300: 61639.000 61653.000 61672.000 61722.000 61736.000
   305: 61760.000 62038.000 62054.000 62071.000 62085.000
   310: 62117.000 62123.000 62148.000 62479.000 62508.000
   315: 62520.000 62535.000 62549.000 62575.000 62592.000
   320: 62946.000 62969.000 62990.000 63048.000 63074.000
   325: 63142.000 64290.000 65446.000 65615.000 65629.000
   330: 65832.000 65853.000 65869.000 65883.000 65900.000
   335: 65927.000 65942.000 65960.000 65979.000 67366.000
   340: 67420.000 69169.000 69201.000 69216.000 69234.000
   345: 69461.000 69477.000 69487.000 69502.000 69519.000
   350: 69554.000 69564.000 69835.000 69862.000 69883.000
   355: 69915.000 69963.000 70555.000 70577.000 70595.000
   360: 70615.000 70630.000 71387.000 71417.000 71433.000
   365: 71465.000 71490.000 71930.000 72161.000 72176.000
   370: 72196.000 72699.000 72721.000 72748.000 72764.000
   375: 72780.000 72828.000 74174.000 74192.000 74205.000
   380: 74250.000 74261.000 74277.000 74518.000 74535.000
   385: 74546.000 74568.000 74584.000 74767.000 74830.000
   390: 74861.000 74885.000 76353.000 77828.000 77875.000
   395: 77890.000 77906.000 77918.000 77933.000 77947.000
   400: 78184.000 78235.000 78247.000 78262.000 78294.000
   405: 78324.000 78352.000 78625.000 78640.000 78699.000
   410: 78741.000 78757.000 78826.000 79034.000 79065.000
   415: 79080.000 79098.000 79118.000 79157.000 79370.000
   420: 79433.000 80102.000 81744.000 81785.000 81795.000
   425: 81834.000 81850.000 81869.000 81879.000 82056.000
   430: 82078.000 82118.000 82136.000 82164.000 82211.000
   435: 82450.000 82471.000 82488.000 82506.000 82521.000
   440: 82539.000 82580.000 82599.000 82630.000 82647.000
   445: 86267.000 86294.000 86327.000 86338.000 86354.000
   450: 86370.000 86402.000 86436.000 91585.000 95686.000
   455: 95717.000 95736.000 95757.000 95770.000 95789.000
   460: 95807.000 95826.000 95841.000 95856.000 95877.000
   465: 98716.000 98749.000 99266.000 99335.000 99353.000
   470: 99361.000 99371.000 99385.000 99423.000 99941.000
   475: 99961.000 99971.000 100000.000 100022.000 100032.000
   480: 100050.000 101853.000 101879.000 101920.000 101947.000
   485: 101959.000 101977.000 102351.000 102403.000 102429.000
   490: 102460.000 102480.000 102499.000 102523.000 102746.000
   495: 102835.000 102992.000 103015.000 103025.000 103043.000
   500: 103062.000 103373.000 103393.000 103407.000 103422.000
   505: 103439.000 103450.000 103469.000 103670.000 103682.000
   510: 103696.000 103732.000 108957.000 109427.000 109435.000
   515: 109475.000 109510.000 110138.000 110153.000 110168.000
   520: 110204.000 110226.000 110266.000 111746.000 111784.000
   525: 111791.000 111968.000 111985.000 112021.000 112347.000
   530: 112364.000 112382.000 112402.000 112461.000 112476.000
   535: 112490.000 112608.000 112651.000 112666.000 115093.000
   540: 115104.000 115116.000 115133.000 115189.000 115204.000
   545: 115254.000 115282.000 115331.000 115349.000 115370.000
   550: 118081.000 118243.000 118286.000 119051.000 119155.000
   555: 119179.000 119488.000 119500.000 119557.000 119574.000
   560: 119591.000 119614.000 119649.000 119701.000 119714.000
   565: 119733.000 121765.000 121791.000 121808.000 121826.000
   570: 121893.000 121909.000 121922.000 122780.000 122828.000
   575: 122847.000 122881.000 122919.000 122935.000 122991.000
   580: 123477.000 123525.000 123565.000 123582.000 123597.000
   585: 123611.000 123660.000 124135.000 124148.000 124173.000
   590: 124185.000 124204.000 124229.000 124245.000 124271.000
   595: 124315.000 124340.000 125965.000 125986.000 126027.000
   600: 126043.000 126063.000 126082.000 126107.000 126149.000
   605: 126165.000 127816.000 127854.000 127866.000 128688.000
   610: 129403.000 129414.000 129430.000 129477.000 129494.000
   615: 129516.000 129532.000 129561.000 132587.000 132605.000
   620: 132621.000 132669.000 132680.000 132716.000 132735.000
   625: 132757.000 134739.000 134778.000 134792.000 134812.000
   630: 134829.000 134898.000 135644.000 135669.000 135710.000
   635: 135724.000 135753.000 136108.000 136219.000 136240.000
   640: 136257.000 136300.000 137162.000 137179.000 137219.000
   645: 137288.000 137733.000 137746.000 137876.000 138186.000
   650: 138199.000 138213.000 138252.000 138267.000 139020.000
   655: 139070.000 139114.000 139201.000 139480.000 139562.000
   660: 139587.000 140106.000 140131.000 140148.000 140180.000
   665: 140188.000 140222.000 140250.000 140271.000 140289.000
   670: 141429.000 141437.000 141452.000 141471.000 141497.000
   675: 141540.000 141558.000 141583.000 141608.000 141623.000
   680: 143342.000 143358.000 143375.000 143386.000 143402.000
   685: 143421.000 144210.000 144220.000 144238.000 144257.000
   690: 144316.000 144353.000 144755.000 145760.000 145780.000
   695: 145795.000 145811.000 145834.000 145859.000 145875.000
   700: 145890.000 145898.000 145915.000 145937.000 145948.000
   705: 147557.000 147623.000 147652.000 147693.000 147732.000
   710: 148139.000 148172.000 148189.000 148227.000 148242.000
   715: 148277.000 148766.000 148784.000 148795.000 148815.000
   720: 148857.000 148873.000 148889.000 149357.000 149371.000
   725: 149412.000 149427.000 149805.000 149841.000 149854.000
   730: 149871.000 149901.000 149920.000 149941.000 149956.000
   735: 150016.000 151462.000 151512.000 151597.000 152164.000
   740: 152196.000 152216.000 152269.000 152287.000 152710.000
   745: 152732.000 152744.000 152761.000 152778.000 152803.000
   750: 153329.000 153345.000 153363.000 153386.000 153398.000
   755: 153416.000 153436.000 153444.000 153489.000 155090.000
   760: 155119.000 155165.000 155829.000 155957.000 156000.000
   765: 156342.000 156392.000 156409.000 156464.000 156503.000
   770: 157054.000 157072.000 157090.000 157110.000 157146.000
   775: 157174.000 157194.000 157638.000 157653.000 157708.000
   780: 157723.000 157745.000 157759.000 158028.000 158077.000
   785: 158109.000 158172.000 158229.000 158795.000 158840.000
   790: 158859.000 158870.000 158887.000 158907.000 158933.000
   795: 158944.000 158961.000 158998.000 159026.000 160197.000
   800: 160264.000 160338.000 160351.000 160978.000 160987.000
   805: 161005.000 161048.000 161065.000 161555.000 161575.000
   810: 161615.000 161638.000 161670.000 161686.000 161718.000
   815: 162043.000 162056.000 162072.000 162097.000 162116.000
   820: 162131.000 162142.000 162153.000 162178.000 162196.000
   825: 163825.000 163851.000 163863.000 163883.000 163940.000
   830: 163958.000 164381.000 164424.000 164439.000 164458.000
   835: 164485.000 164503.000 164524.000 164535.000 164597.000
   840: 166357.000 166412.000 166424.000 166443.000 166456.000
   845: 166472.000 166514.000 166523.000 167558.000 167583.000
   850: 167596.000 167611.000 174726.000 174751.000 174770.000
   855: 174784.000 174800.000 174817.000 174840.000 174858.000
   860: 174873.000 176784.000 176802.000 176828.000 176848.000
   865: 176891.000 177386.000 177430.000 177463.000 177481.000
   870: 177879.000 177915.000 177938.000 177954.000 178022.000
   875: 178033.000 178050.000 178501.000 178523.000 178579.000
   880: 178599.000 178619.000 178640.000 178669.000 178908.000
   885: 179149.000 179247.000 179873.000 179885.000 179902.000
   890: 179930.000 179943.000 179982.000 180016.000 180034.000
   895: 181142.000 181158.000 181184.000 181204.000 181253.000
   900: 181271.000 182040.000 182059.000 182078.000 182093.000
   905: 182189.000 182623.000 182637.000 182665.000 182699.000
   910: 182714.000 182732.000 182753.000 182779.000 184361.000
   915: 184377.000 184396.000 184463.000 184958.000 184974.000
   920: 184993.000 185011.000 185028.000 185047.000 185064.000
   925: 185852.000 185870.000 185887.000 185909.000 185933.000
   930: 185957.000 185974.000 185993.000 187419.000 187454.000
   935: 187468.000 187486.000 187524.000 187590.000 188327.000
   940: 188369.000 188380.000 188399.000 188870.000 188909.000
   945: 188919.000 188960.000 188984.000 188999.000 189046.000
   950: 189537.000 189561.000 189573.000 189601.000 189660.000
   955: 189982.000 190009.000 190024.000 190041.000 191887.000
   960: 191925.000 191938.000 191954.000 191972.000 191988.000
   965: 192010.000 192014.000 192028.000 192072.000 193328.000
   970: 193360.000 193377.000 193875.000 193890.000 193924.000
   975: 193962.000 193979.000 193994.000 194241.000 194257.000
   980: 194343.000 194363.000 195035.000 195048.000 195063.000
   985: 195079.000 195113.000 195373.000 195417.000 195432.000
   990: 195451.000 195466.000 195922.000 195942.000 195962.000
   995: 196042.000 198761.000 199364.000 199406.000 200108.000
  1000: 200145.000 200158.000 200178.000 200204.000 200216.000
  1005: 200233.000 200258.000 202061.000 202075.000 202107.000
  1010: 202930.000 202942.000 202960.000 202980.000 203042.000
  1015: 203058.000 203483.000 203503.000 203517.000 203575.000
  1020: 203998.000 204017.000 204036.000 204069.000 204083.000
  1025: 204105.000 204130.000 204354.000 204375.000 204395.000
  1030: 204415.000 204440.000 204457.000 204482.000 205125.000
  1035: 205142.000 205158.000 205172.000 205190.000 205206.000
  1040: 205233.000 205260.000 206339.000 206423.000 206480.000
  1045: 206540.000 206590.000 207483.000 207910.000 208513.000
  1050: 208528.000 208548.000 208583.000 208600.000 208951.000
  1055: 208965.000 209470.000 209544.000 209607.000 209642.000
  1060: 209983.000 210021.000 210039.000 210062.000 210088.000
  1065: 210133.000 210145.000 210594.000 210615.000 210628.000
  1070: 210644.000 210697.000 210720.000 210778.000 211053.000
  1075: 211087.000 211171.000 213838.000 213853.000 213860.000
  1080: 213876.000 213909.000 213922.000 214142.000 214178.000
  1085: 214201.000 214250.000 214301.000 214359.000 214547.000
  1090: 214586.000 214610.000 214632.000 214685.000 214700.000
  1095: 214939.000 214976.000 214989.000 215010.000 215039.000
  1100: 215054.000 215266.000 215327.000 215386.000 215808.000
  1105: 215848.000 215874.000 215932.000 215956.000 216217.000
  1110: 218441.000 218477.000 218492.000 218507.000 218525.000
  1115: 218545.000 218583.000 218781.000 218794.000 218813.000
  1120: 218828.000 218853.000 218893.000 218931.000 219136.000
  1125: 219154.000 219170.000 219186.000 219194.000 219207.000
  1130: 219228.000 219249.000 219256.000 219288.000 220850.000
  1135: 220871.000 220937.000 220951.000 220971.000 221034.000
  1140: 221568.000 221588.000 221622.000 221641.000 221675.000
  1145: 221914.000 222024.000 222068.000 222074.000 222087.000
  1150: 222105.000 222144.000 222891.000 222910.000 222927.000
  1155: 222990.000 223002.000 223021.000 223261.000 223287.000
  1160: 223302.000 223321.000 223884.000 223945.000 223962.000
  1165: 223980.000 224002.000 224020.000 224086.000 227668.000
  1170: 227687.000 227700.000 227719.000 227738.000 227767.000
  1175: 228037.000 228099.000 230896.000 230923.000 230940.000
  1180: 230966.000 231000.000 231017.000 231277.000 231289.000
  1185: 231658.000 231700.000 231799.000 231891.000 233032.000
  1190: 233064.000 233079.000 233097.000 233264.000 233300.000
  1195: 233315.000 233335.000 236318.000 236419.000 236836.000
  1200: 236873.000 236880.000 237768.000 237795.000 237808.000
  1205: 237828.000 237850.000 237887.000 237905.000 237937.000
  1210: 237959.000 237974.000 241591.000 241687.000 241701.000
  1215: 241721.000 241771.000 241786.000 241803.000 242176.000
  1220: 242210.000 242224.000 242242.000 242262.000 242308.000
  1225: 242325.000 242344.000 242430.000 246211.000 246260.000
  1230: 246271.000 246291.000 246373.000 246695.000 246734.000
  1235: 246750.000 246769.000 246792.000 246827.000 246842.000
  1240: 247396.000 247411.000 247424.000 247440.000 247465.000
  1245: 247482.000 247492.000 247508.000 247534.000 247562.000
  1250: 255262.000 255515.000 255901.000 255911.000 255937.000
  1255: 255948.000 255979.000 256005.000 256016.000 256428.000
  1260: 256446.000 256465.000 256513.000 256543.000 256740.000
  1265: 256766.000 256783.000 256800.000 256875.000 256907.000
  1270: 257149.000 257192.000 257205.000 257224.000 257243.000
  1275: 257272.000 257291.000 257974.000 257989.000 258010.000
  1280: 258045.000 258096.000 258309.000 258330.000 258345.000
  1285: 258363.000 258395.000 258412.000 258425.000 258649.000
  1290: 258958.000 259155.000 259386.000 259409.000 259427.000
  1295: 259446.000 259503.000 259530.000 259543.000 260122.000
  1300: 260171.000 260187.000 260203.000 260223.000 260271.000
  1305: 260453.000 260500.000 260513.000 260530.000 260555.000
  1310: 260581.000 260598.000 260617.000 262513.000 262609.000
  1315: 262634.000 262650.000 263793.000 263811.000 263831.000
  1320: 263960.000 264010.000 264058.000 264072.000 264090.000
  1325: 264119.000 264149.000 266550.000 266583.000 266684.000
  1330: 267183.000 267227.000 267250.000 267321.000 267892.000
  1335: 267905.000 267919.000 267936.000 267957.000 267990.000
  1340: 268358.000 268375.000 268406.000 268483.000 268499.000
  1345: 268528.000 269122.000 269166.000 269182.000 269650.000
  1350: 269782.000 269838.000 269887.000 271446.000 271487.000
  1355: 271504.000 271523.000 271550.000 271614.000 271654.000
  1360: 271903.000 271917.000 271980.000 272050.000 272281.000
  1365: 272323.000 272366.000 272376.000 272421.000 272458.000
  1370: 272520.000 272795.000 272829.000 272845.000 272867.000
  1375: 272911.000 272928.000 272997.000 273227.000 273252.000
  1380: 273266.000 273291.000 273329.000 273347.000 273366.000
  1385: 273385.000 273413.000 275273.000 275286.000 275300.000
  1390: 275320.000 275341.000 275849.000 275857.000 275875.000
  1395: 275893.000 275912.000 276196.000 276214.000 276234.000
  1400: 276262.000 276278.000 276299.000 276919.000 276941.000
  1405: 276959.000 276976.000 277076.000 277304.000 277314.000
  1410: 277331.000 277419.000 278184.000 278331.000 279075.000
  1415: 279089.000 279108.000 279143.000 279159.000 279176.000
  1420: 279204.000 279413.000 279460.000 279480.000 279564.000
  1425: 279580.000 279585.000 284553.000 284568.000 284583.000
  1430: 284602.000 284638.000 284653.000 284686.000 285248.000
  1435: 285264.000 285301.000 285312.000 285345.000 285444.000
  1440: 285458.000 285721.000 285753.000 285770.000 285787.000
  1445: 285807.000 285815.000 285830.000 285946.000 287639.000
  1450: 287658.000 287671.000 288354.000 288409.000 288431.000
  1455: 288448.000 289285.000 289300.000 289314.000 289333.000
  1460: 289355.000 289379.000 289393.000 289420.000 289487.000
  1465: 289503.000 289524.000 289560.000 291508.000 291524.000
  1470: 291538.000 291559.000 291580.000 291606.000 291622.000
  1475: 291680.000 294026.000 294040.000 294153.000 294683.000
  1480: 294699.000 294719.000 294740.000 294758.000 294773.000
  1485: 294793.000 294808.000 294838.000 297760.000 297822.000
  1490: 297837.000 299285.000 299319.000 299335.000 299369.000
  1495: 299386.000 299457.000 299901.000 299966.000 299980.000
  1500: 300002.000 300036.000 300487.000 300504.000 300525.000
  1505: 300546.000 300558.000 300586.000 300604.000 300631.000
  1510: 302774.000 302830.000 303031.000 304213.000 304273.000
  1515: 304296.000 304309.000 306431.000 306456.000 306473.000
  1520: 306543.000 307670.000 307960.000 308007.000 308022.000
  1525: 308053.000 308554.000 308575.000 308592.000 308607.000
  1530: 308625.000 308670.000 308873.000 308890.000 308907.000
  1535: 308923.000 308943.000 308961.000 309388.000 309403.000
  1540: 309421.000 309441.000 309462.000 309501.000 309907.000
  1545: 309920.000 309947.000 309987.000 310005.000 310322.000
  1550: 310337.000 310354.000 310373.000 310388.000 310405.000
  1555: 310429.000 310455.000 310472.000 312118.000 312803.000
  1560: 312820.000 312835.000 312854.000 312878.000 312911.000
  1565: 312936.000 313418.000 313461.000 313477.000 313499.000
  1570: 313514.000 313542.000 313553.000 313581.000 315152.000
  1575: 315196.000 315213.000 315241.000 315289.000 315305.000
  1580: 315321.000 315346.000 317093.000 317109.000 317128.000
  1585: 317148.000 317168.000 317192.000 317989.000 318002.000
  1590: 318018.000 318038.000 318062.000 318100.000 318126.000
  1595: 318569.000 318584.000 318657.000 318678.000 319297.000
  1600: 319316.000 319337.000 319361.000 319368.000 319385.000
  1605: 319397.000 319413.000 319455.000 319462.000 319477.000
  1610: 321170.000 321183.000 321782.000 321798.000 321819.000
  1615: 321839.000 321865.000 321883.000 321897.000 321917.000
  1620: 321940.000 321971.000 324360.000 324377.000 324395.000
  1625: 324419.000 325500.000 325555.000 325573.000 325595.000
  1630: 325724.000 326168.000 326185.000 326203.000 326226.000
  1635: 326242.000 326286.000 326676.000 326712.000 326728.000
  1640: 326771.000 326790.000 326808.000 326837.000 326873.000
  1645: 330522.000 330535.000 330554.000 330574.000 330603.000
  1650: 330619.000 330638.000 330656.000 333590.000 333605.000
  1655: 333620.000 333639.000 333658.000 333676.000 333695.000
  1660: 333706.000 333725.000 333752.000 333770.000 337334.000
  1665: 337356.000 339879.000 339920.000 339944.000 339964.000
  1670: 340604.000 340630.000 340647.000 340667.000 340701.000
  1675: 341145.000 341215.000 341250.000 341265.000 341283.000
  1680: 341696.000 341746.000 341835.000 341942.000 342294.000
  1685: 342347.000 342448.000 342461.000 342482.000 342887.000
  1690: 342900.000 342920.000 342984.000 343005.000 343400.000
  1695: 343454.000 343577.000 345263.000 345300.000 345313.000
  1700: 345872.000 345924.000 345946.000 345959.000 346018.000
  1705: 346215.000 346252.000 346264.000 346308.000 346351.000
  1710: 346741.000 346759.000 346807.000 346843.000 346857.000
  1715: 346877.000 347126.000 347160.000 347409.000 347467.000
  1720: 347488.000 347724.000 347792.000 347809.000 347838.000
  1725: 347854.000 349589.000 349611.000 349621.000 349643.000
  1730: 349662.000 349779.000 350208.000 350221.000 350238.000
  1735: 350257.000 350280.000 350328.000 350659.000 350700.000
  1740: 350758.000 350773.000 350791.000 350803.000 350816.000
  1745: 350856.000 350859.000 353329.000 353344.000 353363.000
  1750: 353381.000 353400.000 353415.000 353428.000 353489.000
  1755: 355758.000 357079.000 357094.000 357179.000 357193.000
  1760: 357212.000 357233.000 357264.000 357778.000 357817.000
  1765: 357830.000 357849.000 357938.000 358316.000 358331.000
  1770: 358369.000 358422.000 358488.000 358510.000 358963.000
  1775: 358974.000 358996.000 359018.000 359036.000 359061.000
  1780: 359079.000 359099.000 359129.000
D:
     0: 8552.000 17136.000 18547.000 25370.000 36870.000
     5: 48827.000 53042.000 57267.000 65900.000 82599.000
    10: 86436.000 95826.000 103670.000 112608.000 115282.000
    15: 119701.000 124271.000 126149.000 129561.000 132757.000
    20: 140271.000 141583.000 145890.000 149956.000 153444.000
    25: 158944.000 162153.000 164535.000 166523.000 174858.000
    30: 180034.000 182779.000 185993.000 192014.000 200258.000
    35: 205260.000 219249.000 233335.000 237937.000 242344.000
    40: 247508.000 260617.000 264090.000 273385.000 285946.000
    45: 289420.000 291680.000 294808.000 300631.000 310455.000
    50: 313581.000 315346.000 319413.000 321917.000 326873.000
    55: 330656.000 333706.000 350856.000 353489.000 359099.000
E:
     0:  433.000 8732.000 9034.000 9663.000 9678.000
     5: 9877.000 10111.000 10120.000 11620.000 11773.000
    10: 12183.000 12198.000 12661.000 13082.000 13327.000
    15: 13738.000 14967.000 15563.000 16150.000 16311.000
    20: 16695.000 17236.000 18213.000 18847.000 18853.000
    25: 18860.000 18867.000 18880.000 20252.000 20269.000
    30: 20279.000 20289.000 21263.000 21567.000 24673.000
    35: 24692.000 24698.000 24711.000 25102.000 25425.000
    40: 26314.000 26598.000 26599.000 26615.000 26639.000
    45: 26644.000 26649.000 26658.000 26675.000 26681.000
    50: 27255.000 27274.000 27286.000 27295.000 27307.000
    55: 27313.000 27329.000 27338.000 27840.000 27865.000
    60: 28261.000 28283.000 28291.000 28297.000 28312.000
    65: 28385.000 28715.000 28758.000 28762.000 28778.000
    70: 28794.000 28812.000 29252.000 29256.000 29290.000
    75: 29331.000 29345.000 29702.000 29738.000 29748.000
    80: 30173.000 30216.000 30222.000 30699.000 30728.000
    85: 30744.000 30760.000 30774.000 30790.000 31073.000
    90: 32120.000 32135.000 32144.000 32892.000 33662.000
    95: 33683.000 34434.000 34840.000 35466.000 35892.000
   100: 35920.000 36261.000 36283.000 36930.000 36946.000
   105: 38184.000 38231.000 38243.000 38492.000 38804.000
   110: 38822.000 38826.000 38836.000 38857.000 38866.000
   115: 38871.000 38878.000 38896.000 38912.000 39290.000
   120: 39309.000 39327.000 39329.000 39793.000 39834.000
   125: 39848.000 39867.000 40032.000 40395.000 40435.000
   130: 40867.000 40912.000 40921.000 41024.000 41346.000
   135: 41368.000 41379.000 41383.000 41396.000 41413.000
   140: 41430.000 41440.000 41446.000 41778.000 41823.000
   145: 41884.000 42263.000 42278.000 42326.000 42670.000
   150: 42710.000 42723.000 43254.000 43282.000 43294.000
   155: 43626.000 43643.000 44071.000 44073.000 44094.000
   160: 44101.000 44111.000 44125.000 44527.000 44545.000
   165: 44553.000 44994.000 45038.000 45056.000 45072.000
   170: 45116.000 45661.000 47056.000 47666.000 47722.000
   175: 47725.000 47939.000 48504.000 48862.000 48929.000
   180: 49019.000 49031.000 49086.000 49104.000 49173.000
   185: 50175.000 50250.000 50331.000 50759.000 50792.000
   190: 50808.000 50816.000 50823.000 51100.000 52118.000
   195: 52668.000 53204.000 53246.000 53310.000 53326.000
   200: 54310.000 54695.000 54734.000 54742.000 54775.000
   205: 55310.000 55313.000 55316.000 55357.000 56141.000
   210: 56846.000 56924.000 57334.000 57352.000 57377.000
   215: 57387.000 57401.000 58692.000 58739.000 58749.000
   220: 59130.000 59152.000 59214.000 59280.000 59775.000
   225: 59840.000 59848.000 59881.000 60004.000 60009.000
   230: 60316.000 60412.000 60414.000 60445.000 60844.000
   235: 60917.000 60921.000 61390.000 61399.000 61408.000
   240: 61432.000 61814.000 61840.000 61846.000 61859.000
   245: 61871.000 62223.000 62243.000 62261.000 62340.000
   250: 62712.000 62749.000 62826.000 63231.000 63248.000
   255: 63675.000 64132.000 64712.000 66098.000 66104.000
   260: 66118.000 66183.000 66188.000 66200.000 66213.000
   265: 66228.000 66242.000 66251.000 66255.000 66282.000
   270: 66297.000 66309.000 66323.000 66379.000 66392.000
   275: 66437.000 67482.000 67494.000 67533.000 68134.000
   280: 68936.000 69301.000 69308.000 69350.000 69675.000
   285: 69707.000 70049.000 70090.000 70305.000 70744.000
   290: 70760.000 70801.000 71568.000 71718.000 72269.000
   295: 72290.000 72348.000 72904.000 73347.000 73798.000
   300: 73807.000 74380.000 74421.000 74679.000 75049.000
   305: 75348.000 77395.000 78054.000 78477.000 78876.000
   310: 78901.000 79269.000 80168.000 80584.000 81562.000
   315: 81606.000 81965.000 81969.000 81986.000 82287.000
   320: 82301.000 82321.000 82695.000 82718.000 82839.000
   325: 82949.000 82986.000 83061.000 83085.000 83304.000
   330: 83314.000 83492.000 84282.000 84555.000 84657.000
   335: 85942.000 86511.000 86527.000 86546.000 88040.000
   340: 88088.000 88953.000 89324.000 90338.000 90462.000
   345: 91198.000 91697.000 91735.000 93188.000 93234.000
   350: 93411.000 93685.000 94182.000 95367.000 95933.000
   355: 96287.000 96301.000 96405.000 96511.000 97031.000
   360: 97161.000 97333.000 97572.000 98854.000 98881.000
   365: 99479.000 99521.000 100134.000 100404.000 100807.000
   370: 100940.000 100949.000 101090.000 102063.000 102100.000
   375: 102559.000 102602.000 103156.000 103160.000 103282.000
   380: 103804.000 103828.000 103992.000 104033.000 105214.000
   385: 105218.000 105228.000 105382.000 105530.000 105532.000
   390: 105852.000 106291.000 106399.000 106551.000 106820.000
   395: 109127.000 109148.000 109156.000 109293.000 109596.000
   400: 109629.000 110361.000 110560.000 111500.000 112174.000
   405: 112206.000 112733.000 112762.000 113863.000 113889.000
   410: 114348.000 115434.000 115448.000 115467.000 117308.000
   415: 117343.000 117572.000 117605.000 118354.000 118372.000
   420: 119264.000 119794.000 119815.000 121477.000 121609.000
   425: 121988.000 122004.000 122558.000 122657.000 122694.000
   430: 123107.000 123756.000 123764.000 123787.000 124399.000
   435: 124406.000 124426.000 125545.000 125785.000 126212.000
   440: 126223.000 126232.000 128037.000 128906.000 128921.000
   445: 128946.000 128963.000 129635.000 129659.000 129667.000
   450: 130859.000 131280.000 131526.000 132011.000 132047.000
   455: 132404.000 132827.000 134280.000 134985.000 135008.000
   460: 135015.000 135850.000 135876.000 136372.000 136389.000
   465: 136660.000 137400.000 137443.000 137974.000 137992.000
   470: 138076.000 138438.000 138474.000 138901.000 139283.000
   475: 139304.000 139323.000 139722.000 139751.000 139758.000
   480: 140368.000 141669.000 141695.000 143595.000 143610.000
   485: 144082.000 144419.000 144434.000 144575.000 145015.000
   490: 145037.000 146016.000 146030.000 146038.000 147798.000
   495: 148355.000 148371.000 149008.000 149026.000 149050.000
   500: 149564.000 149597.000 149612.000 150080.000 150093.000
   505: 150102.000 151223.000 151683.000 151707.000 152365.000
   510: 152377.000 152395.000 152404.000 152906.000 152909.000
   515: 152913.000 152947.000 152958.000 153546.000 153581.000
   520: 154567.000 155312.000 155336.000 156053.000 156104.000
   525: 156112.000 156119.000 156638.000 157263.000 157297.000
   530: 157858.000 158308.000 158349.000 158371.000 158377.000
   535: 158396.000 159115.000 160426.000 160450.000 160472.000
   540: 161147.000 161162.000 161832.000 162250.000 162265.000
   545: 162267.000 164051.000 164077.000 164271.000 164673.000
   550: 164693.000 164708.000 166068.000 166589.000 166599.000
   555: 167886.000 168506.000 168517.000 168548.000 168556.000
   560: 169756.000 169779.000 169946.000 171033.000 173986.000
   565: 174045.000 174953.000 174989.000 176216.000 176246.000
   570: 176957.000 176974.000 176984.000 177602.000 177627.000
   575: 177646.000 178126.000 178179.000 178724.000 178758.000
   580: 179321.000 179330.000 179350.000 180078.000 180103.000
   585: 180153.000 181006.000 181405.000 181433.000 181877.000
   590: 182237.000 182267.000 182277.000 182841.000 182865.000
   595: 182883.000 184520.000 184548.000 185171.000 185193.000
   600: 185209.000 185590.000 185608.000 186075.000 186102.000
   605: 187050.000 187285.000 187673.000 188551.000 189113.000
   610: 189135.000 189202.000 189219.000 189767.000 190190.000
   615: 190217.000 190913.000 191660.000 192161.000 192196.000
   620: 193508.000 193531.000 193566.000 194055.000 194099.000
   625: 194422.000 194448.000 195209.000 195254.000 195546.000
   630: 195575.000 195578.000 195604.000 196184.000 196478.000
   635: 197163.000 197743.000 199592.000 199623.000 200334.000
   640: 200353.000 200384.000 201544.000 202235.000 202238.000
   645: 202254.000 202265.000 202274.000 202665.000 203152.000
   650: 203184.000 203187.000 203699.000 203743.000 204173.000
   655: 204184.000 204191.000 204217.000 204569.000 204599.000
   660: 204604.000 205363.000 206168.000 206182.000 206199.000
   665: 206668.000 206707.000 207258.000 207979.000 208013.000
   670: 208729.000 208757.000 208785.000 209161.000 209701.000
   675: 209749.000 210214.000 210233.000 210251.000 210897.000
   680: 211269.000 211291.000 212198.000 212203.000 212884.000
   685: 213674.000 214025.000 214430.000 214799.000 215134.000
   690: 215665.000 215680.000 216310.000 218175.000 218192.000
   695: 218223.000 218634.000 218985.000 219020.000 219358.000
   700: 219384.000 220409.000 220708.000 221124.000 221148.000
   705: 221175.000 221779.000 222204.000 222219.000 223107.000
   710: 223144.000 223163.000 223557.000 223580.000 223590.000
   715: 224142.000 224164.000 225510.000 225526.000 225550.000
   720: 225570.000 226876.000 226896.000 227826.000 228414.000
   725: 229899.000 230688.000 231100.000 231127.000 231481.000
   730: 231504.000 231967.000 232190.000 232204.000 233479.000
   735: 234057.000 234070.000 234189.000 234223.000 234233.000
   740: 234820.000 235030.000 235206.000 236959.000 237011.000
   745: 237194.000 237251.000 237479.000 237504.000 238037.000
   750: 238065.000 238087.000 239112.000 239355.000 239590.000
   755: 239643.000 239917.000 240489.000 240500.000 240787.000
   760: 241329.000 241882.000 241930.000 241944.000 242513.000
   765: 243603.000 243893.000 244146.000 244197.000 244203.000
   770: 244262.000 244472.000 245910.000 245921.000 246472.000
   775: 246560.000 246939.000 246948.000 246962.000 246985.000
   780: 247607.000 247613.000 247632.000 247640.000 248662.000
   785: 248764.000 249013.000 249036.000 249048.000 249053.000
   790: 249408.000 249977.000 250299.000 251378.000 253924.000
   795: 253964.000 254767.000 254785.000 255620.000 255669.000
   800: 256096.000 256593.000 256612.000 256991.000 257020.000
   805: 257394.000 258155.000 258515.000 259217.000 259234.000
   810: 259271.000 259629.000 260026.000 260338.000 260676.000
   815: 261809.000 261912.000 261940.000 262150.000 262824.000
   820: 263200.000 263419.000 263443.000 263474.000 263505.000
   825: 264214.000 265497.000 265970.000 266753.000 266772.000
   830: 267393.000 267407.000 268136.000 268169.000 268615.000
   835: 268644.000 268647.000 269322.000 269349.000 269961.000
   840: 270317.000 271216.000 271732.000 271763.000 272130.000
   845: 272162.000 272621.000 273090.000 273478.000 274965.000
   850: 274985.000 275532.000 276053.000 276393.000 276407.000
   855: 276416.000 276426.000 277153.000 277511.000 277534.000
   860: 277559.000 277913.000 278541.000 278581.000 278588.000
   865: 278601.000 279262.000 279702.000 279735.000 279947.000
   870: 280574.000 281091.000 284324.000 284341.000 284371.000
   875: 284757.000 284906.000 284941.000 284949.000 285543.000
   880: 285575.000 285578.000 286016.000 286045.000 287822.000
   885: 287851.000 288119.000 288590.000 289157.000 289614.000
   890: 289630.000 291118.000 291745.000 291766.000 293491.000
   895: 294246.000 294885.000 294913.000 296211.000 296242.000
   900: 296736.000 297972.000 299030.000 299044.000 299596.000
   905: 299617.000 299627.000 299636.000 300139.000 300169.000
   910: 300187.000 300701.000 302094.000 302435.000 302439.000
   915: 303133.000 303147.000 303157.000 304410.000 305501.000
   920: 305519.000 305944.000 306221.000 306606.000 307068.000
   925: 307798.000 308188.000 308210.000 308425.000 308729.000
   930: 309069.000 309109.000 309128.000 309583.000 309617.000
   935: 309645.000 310110.000 310152.000 310197.000 310590.000
   940: 311851.000 311894.000 312214.000 312661.000 312677.000
   945: 313013.000 313637.000 315405.000 315443.000 316774.000
   950: 316780.000 316794.000 316813.000 317364.000 318185.000
   955: 318236.000 318843.000 319574.000 320554.000 320571.000
   960: 321339.000 322053.000 323769.000 324561.000 324871.000
   965: 325167.000 325776.000 325815.000 326376.000 326930.000
   970: 329178.000 329979.000 330729.000 332024.000 332052.000
   975: 332336.000 332907.000 333053.000 333213.000 333846.000
   980: 334927.000 335983.000 335987.000 336081.000 339159.000
   985: 340127.000 340156.000 340838.000 341442.000 341989.000
   990: 342017.000 342627.000 342634.000 342653.000 343112.000
   995: 343138.000 343626.000 343979.000 345418.000 345442.000
  1000: 345474.000 346088.000 346124.000 346440.000 346589.000
  1005: 346930.000 347012.000 347560.000 347948.000 348921.000
  1010: 348940.000 348947.000 348968.000 349453.000 349896.000
  1015: 349958.000 350423.000 350541.000 350574.000 350904.000
  1020: 352876.000 352895.000 353536.000 354995.000 355354.000
  1025: 355369.000 355975.000 355992.000 356732.000 356803.000
  1030: 357364.000 358017.000 358584.000 358618.000 359200.000
  1035: 359216.000 359225.000
Q:
     0: 7432.000 12823.000 14677.000 16443.000 18353.000
     5: 19906.000 27095.000 27701.000 28479.000 29470.000
    10: 31852.000 33488.000 35230.000 35665.000 38000.000
    15: 38643.000 39551.000 40694.000 42006.000 42867.000
    20: 43480.000 44755.000 48301.000 48648.000 52904.000
    25: 57116.000 58956.000 60666.000 61146.000 62479.000
    30: 62946.000 65446.000 69169.000 69835.000 71930.000
    35: 74174.000 74767.000 77828.000 78184.000 79034.000
    40: 81744.000 82450.000 95686.000 99266.000 99941.000
    45: 102746.000 108957.000 109427.000 111746.000 118081.000
    50: 119488.000 122780.000 123477.000 127816.000 128688.000
    55: 132587.000 135644.000 137162.000 138186.000 139480.000
    60: 143342.000 144210.000 145760.000 148766.000 149805.000
    65: 152164.000 153329.000 155090.000 157054.000 157638.000
    70: 158795.000 161555.000 163825.000 164381.000 167558.000
    75: 177386.000 178501.000 178908.000 182040.000 182623.000
    80: 184958.000 188327.000 188870.000 191887.000 193875.000
    85: 195035.000 195373.000 200108.000 202061.000 203483.000
    90: 204354.000 207483.000 208513.000 209983.000 210594.000
    95: 213838.000 214547.000 215808.000 218781.000 219136.000
   100: 221568.000 222891.000 223884.000 230896.000 231658.000
   105: 236318.000 237768.000 242176.000 246695.000 255262.000
   110: 256428.000 257149.000 258649.000 259386.000 260453.000
   115: 263793.000 267183.000 268358.000 269650.000 272281.000
   120: 272795.000 275849.000 276919.000 278184.000 279413.000
   125: 285248.000 285721.000 288354.000 291508.000 297760.000
   130: 299901.000 302774.000 304213.000 307960.000 308554.000
   135: 309907.000 310322.000 313418.000 315152.000 318569.000
   140: 319297.000 321782.000 325500.000 326676.000 337334.000
   145: 339879.000 341145.000 342294.000 345263.000 346215.000
   150: 347126.000 349589.000 350208.000 355758.000 357778.000
   155: 358316.000
\300
