File: C:\MED-PC\Data\2019-07-29_11h59m_Subject 19013.txt


Start Date: 07/29/19
End Date: 07/29/19
Subject: 19013
Experiment: 
Group: 0
Box: 2
Start Time: 11:59:17
End Time: 13:01:54
MSN: FR8 8p First Lever Laser 50
B:   8.000
F:   2.000
H:  76.000
L: 346.000
R:  22.000
U:  22.000
V:  65.000
A:
     0:    0.000    1.000
C:
     0: 15540.000 18629.000 18681.000 18725.000 18796.000
     5: 18845.000 21266.000 21306.000 21362.000 21379.000
    10: 21458.000 21980.000 21997.000 22010.000 22057.000
    15: 22102.000 22167.000 22203.000 22270.000 24668.000
    20: 24693.000 24783.000 24827.000 24870.000 24884.000
    25: 24942.000 25674.000 25694.000 25736.000 25766.000
    30: 25776.000 25826.000 25838.000 25899.000 25965.000
    35: 27848.000 27873.000 27935.000 27971.000 27989.000
    40: 27998.000 28066.000 28127.000 28143.000 29869.000
    45: 29931.000 29971.000 29986.000 30011.000 30060.000
    50: 30175.000 30196.000 31494.000 31538.000 31548.000
    55: 31602.000 31633.000 31679.000 32395.000 32432.000
    60: 32458.000 32497.000 32757.000 35209.000 35271.000
    65: 35280.000 35318.000 35390.000 35441.000 35479.000
    70: 36010.000 36042.000 36054.000 36109.000 36222.000
    75: 36234.000 36272.000 36314.000 38131.000 38153.000
    80: 38214.000 38224.000 38255.000 38267.000 38285.000
    85: 38338.000 38349.000 38358.000 38399.000 38421.000
    90: 38526.000 38588.000 38632.000 39805.000 39975.000
    95: 39986.000 40070.000 40122.000 40652.000 40695.000
   100: 40735.000 40752.000 40783.000 40798.000 40846.000
   105: 40898.000 40910.000 40935.000 41016.000 41073.000
   110: 41193.000 42223.000 42258.000 42299.000 42378.000
   115: 42390.000 42426.000 42447.000 42459.000 42494.000
   120: 42536.000 42547.000 42567.000 42643.000 42668.000
   125: 43661.000 43687.000 46493.000 46524.000 46541.000
   130: 46577.000 46589.000 46619.000 46637.000 46679.000
   135: 46690.000 46740.000 46753.000 46816.000 46843.000
   140: 46907.000 47730.000 47754.000 47768.000 47806.000
   145: 47817.000 47827.000 47871.000 47882.000 47955.000
   150: 48003.000 48023.000 48910.000 48940.000 48991.000
   155: 49012.000 49039.000 49054.000 49113.000 49174.000
   160: 49209.000 49223.000 49251.000 50552.000 50599.000
   165: 50605.000 50662.000 50687.000 50725.000 50739.000
   170: 50767.000 50780.000 50831.000 50842.000 50943.000
   175: 51020.000 51054.000 51937.000 52015.000 52040.000
   180: 52075.000 52100.000 52155.000 52177.000 52546.000
   185: 52571.000 52595.000 52640.000 52664.000 52685.000
   190: 52736.000 53238.000 53261.000 53289.000 53319.000
   195: 53429.000 53451.000 53489.000 53503.000 53633.000
   200: 53657.000 55082.000 55112.000 55139.000 55154.000
   205: 55191.000 55207.000 55276.000 55281.000 55315.000
   210: 55331.000 55408.000 55472.000 55484.000 55518.000
   215: 55531.000 56460.000 56490.000 56554.000 58765.000
   220: 58826.000 58847.000 58886.000 58896.000 58944.000
   225: 58957.000 59016.000 59107.000 59118.000 59949.000
   230: 59982.000 60035.000 60121.000 60136.000 60184.000
   235: 60206.000 60265.000 60319.000 61214.000 61269.000
   240: 61288.000 61386.000 61407.000 61455.000 61467.000
   245: 61487.000 61577.000 62615.000 62658.000 62754.000
   250: 62773.000 62840.000 62888.000 62904.000 63270.000
   255: 63298.000 63330.000 63382.000 63414.000 63484.000
   260: 63505.000 63860.000 63896.000 63933.000 63960.000
   265: 64019.000 64049.000 64092.000 64104.000 64168.000
   270: 64190.000 64291.000 65146.000 65171.000 65193.000
   275: 65266.000 65277.000 65307.000 65350.000 65363.000
   280: 65537.000 65551.000 65605.000 66302.000 66322.000
   285: 66343.000 66378.000 66392.000 66448.000 66504.000
   290: 66517.000 66536.000 66632.000 66648.000 67801.000
   295: 67848.000 67886.000 67908.000 67956.000 67966.000
   300: 68015.000 68033.000 68073.000 68095.000 68182.000
   305: 68257.000 68310.000 69908.000 69936.000 70114.000
   310: 70129.000 70171.000 70182.000 70203.000 70266.000
   315: 78955.000 87096.000 87129.000 87160.000 87218.000
   320: 133367.000 133398.000 133672.000 133731.000 150151.000
   325: 181846.000 181897.000 200532.000 236083.000 236152.000
   330: 236176.000 246558.000 246582.000 246639.000 246649.000
   335: 246675.000 275985.000 280516.000 293395.000 308881.000
   340: 308954.000 309013.000 309028.000 309040.000 322297.000
   345: 324023.000
D:
     0: 22270.000 25899.000 28127.000 30196.000 36314.000
     5: 38338.000 40898.000 42459.000 46679.000 47882.000
    10: 49174.000 50767.000 53503.000 55281.000 59016.000
    15: 60265.000 61487.000 64104.000 65363.000 66517.000
    20: 68033.000 70266.000
E:
     0: 6817.000 9634.000 19428.000 20129.000 20140.000
     5: 21629.000 21638.000 21652.000 22550.000 22586.000
    10: 24158.000 24415.000 25278.000 26243.000 28243.000
    15: 29494.000 30426.000 31161.000 31981.000 32927.000
    20: 34668.000 35644.000 35647.000 36483.000 37598.000
    25: 38742.000 40312.000 41323.000 42860.000 45845.000
    30: 45853.000 47074.000 48133.000 49641.000 51158.000
    35: 52329.000 53010.000 53800.000 55677.000 58344.000
    40: 59256.000 60463.000 61647.000 63057.000 63670.000
    45: 64372.000 65747.000 66713.000 66726.000 68515.000
    50: 70341.000 71941.000 73306.000 78422.000 79096.000
    55: 86395.000 87727.000 96170.000 106310.000 116966.000
    60: 132859.000 133909.000 133932.000 150462.000 150487.000
    65: 162127.000 195673.000 200680.000 200703.000 245945.000
    70: 257567.000 269912.000 308103.000 308119.000 308141.000
    75: 358807.000
Q:
     0: 15540.000 21980.000 25674.000 29869.000 35209.000
     5: 38131.000 39805.000 43661.000 47730.000 50552.000
    10: 52546.000 53238.000 58765.000 59949.000 63270.000
    15: 63860.000 66302.000 69908.000 133367.000 150151.000
    20: 236083.000 275985.000
