File: C:\MED-PC\Data\2019-08-03_16h16m_Subject 19014.txt



Start Date: 08/03/19
End Date: 08/03/19
Subject: 19014
Experiment: 
Group: 0
Box: 4
Start Time: 16:16:14
End Time: 17:21:57
MSN: FR8 8p First Lever Laser 50
B:   8.000
F:   2.000
H: 159.000
L: 593.000
R:  43.000
U:  39.000
V:  70.000
A:
     0:    0.000    1.000
C:
     0: 7521.000 7547.000 9328.000 9349.000 9394.000
     5: 9414.000 9455.000 9475.000 9515.000 10121.000
    10: 10147.000 10198.000 10217.000 10276.000 10814.000
    15: 10857.000 10931.000 10945.000 11025.000 11064.000
    20: 11086.000 11382.000 11410.000 11434.000 11475.000
    25: 11488.000 11506.000 11573.000 11591.000 11632.000
    30: 11662.000 11689.000 13716.000 13736.000 13759.000
    35: 13782.000 15665.000 15691.000 15708.000 15723.000
    40: 15768.000 15777.000 15787.000 15817.000 15853.000
    45: 15878.000 15901.000 15985.000 18284.000 18319.000
    50: 18339.000 18362.000 18394.000 18415.000 18430.000
    55: 18455.000 18475.000 18503.000 18540.000 18582.000
    60: 18623.000 21117.000 21156.000 21185.000 21215.000
    65: 21245.000 21272.000 21319.000 22318.000 22334.000
    70: 22368.000 22406.000 22424.000 22440.000 22489.000
    75: 22529.000 22580.000 22627.000 25456.000 25485.000
    80: 25507.000 25518.000 25585.000 25649.000 25686.000
    85: 30680.000 30699.000 30711.000 30759.000 30770.000
    90: 30800.000 30838.000 30872.000 30893.000 34461.000
    95: 34479.000 34527.000 34580.000 34654.000 35492.000
   100: 35509.000 35566.000 35581.000 35605.000 35616.000
   105: 35641.000 35730.000 35766.000 37480.000 37505.000
   110: 37527.000 37543.000 37568.000 37581.000 37591.000
   115: 37619.000 37630.000 37679.000 39551.000 39578.000
   120: 39588.000 39612.000 39637.000 39696.000 39737.000
   125: 39772.000 39828.000 41654.000 41713.000 41729.000
   130: 41757.000 42596.000 42632.000 42668.000 42702.000
   135: 42716.000 42735.000 42774.000 42797.000 42813.000
   140: 42841.000 44847.000 44910.000 45037.000 45059.000
   145: 45110.000 45899.000 45942.000 45969.000 45982.000
   150: 45994.000 46022.000 46065.000 46075.000 49917.000
   155: 49937.000 49953.000 49988.000 50007.000 50046.000
   160: 50158.000 50218.000 51607.000 51639.000 51682.000
   165: 51693.000 51715.000 51764.000 51825.000 51849.000
   170: 51865.000 53468.000 53488.000 53547.000 53562.000
   175: 53602.000 53624.000 53661.000 54289.000 54333.000
   180: 54341.000 54373.000 54426.000 54473.000 54487.000
   185: 55148.000 55170.000 55184.000 55264.000 55295.000
   190: 55310.000 55355.000 55396.000 55423.000 56494.000
   195: 56502.000 56519.000 56561.000 56653.000 56667.000
   200: 56680.000 56694.000 56714.000 56738.000 56769.000
   205: 56800.000 56830.000 58314.000 58391.000 58417.000
   210: 58429.000 58438.000 58455.000 58481.000 58511.000
   215: 58559.000 58577.000 60921.000 60940.000 60958.000
   220: 61011.000 61048.000 61079.000 61117.000 61867.000
   225: 61884.000 61926.000 61949.000 61963.000 61970.000
   230: 61991.000 62003.000 62027.000 71252.000 71263.000
   235: 71288.000 71312.000 71333.000 71373.000 71394.000
   240: 71449.000 72566.000 72603.000 72625.000 72638.000
   245: 72671.000 72683.000 72738.000 72763.000 72805.000
   250: 74322.000 74364.000 74422.000 74439.000 74483.000
   255: 74498.000 74543.000 74581.000 77486.000 77498.000
   260: 77531.000 77549.000 77587.000 77597.000 77627.000
   265: 77658.000 77676.000 79143.000 79171.000 79206.000
   270: 79228.000 79270.000 79312.000 79385.000 79409.000
   275: 89437.000 89454.000 89497.000 89527.000 89547.000
   280: 89584.000 89658.000 89690.000 93346.000 93375.000
   285: 93436.000 96068.000 96092.000 96118.000 96142.000
   290: 96155.000 96183.000 96201.000 96229.000 96265.000
   295: 96287.000 96308.000 96335.000 99490.000 99529.000
   300: 99571.000 99613.000 99657.000 99672.000 100111.000
   305: 100150.000 100178.000 100220.000 100256.000 100294.000
   310: 100318.000 100878.000 100925.000 100948.000 100976.000
   315: 100992.000 101009.000 101027.000 101038.000 101059.000
   320: 101103.000 101137.000 106319.000 106365.000 106387.000
   325: 106433.000 106448.000 106490.000 106511.000 106680.000
   330: 108610.000 108625.000 108660.000 108694.000 108718.000
   335: 108769.000 109232.000 109249.000 109302.000 109312.000
   340: 109343.000 109367.000 109400.000 109423.000 110814.000
   345: 110830.000 110898.000 110956.000 110974.000 110982.000
   350: 111771.000 111792.000 111798.000 111815.000 111932.000
   355: 111957.000 111996.000 112019.000 112044.000 114722.000
   360: 116988.000 117002.000 117014.000 117114.000 117129.000
   365: 117160.000 117175.000 117223.000 117256.000 118619.000
   370: 118755.000 118790.000 119311.000 119324.000 119338.000
   375: 119346.000 119357.000 119366.000 119380.000 119397.000
   380: 119493.000 119551.000 122744.000 122816.000 122840.000
   385: 122864.000 122883.000 122933.000 122964.000 122978.000
   390: 125764.000 125790.000 125838.000 125876.000 125900.000
   395: 125922.000 125957.000 126276.000 126313.000 126348.000
   400: 126364.000 126372.000 126395.000 126420.000 126437.000
   405: 126468.000 126482.000 126538.000 126560.000 127754.000
   410: 127784.000 129608.000 140115.000 143410.000 143424.000
   415: 155745.000 155764.000 155778.000 155865.000 155885.000
   420: 155929.000 155971.000 156488.000 156505.000 156521.000
   425: 156530.000 156540.000 156559.000 156593.000 156605.000
   430: 156620.000 156633.000 156663.000 156685.000 156713.000
   435: 158866.000 158904.000 158934.000 158950.000 158973.000
   440: 158994.000 159538.000 159558.000 159578.000 159593.000
   445: 159630.000 159652.000 159685.000 160170.000 160231.000
   450: 160261.000 160296.000 160307.000 160345.000 160383.000
   455: 160460.000 160493.000 160507.000 161717.000 161744.000
   460: 161755.000 161776.000 161828.000 161895.000 161917.000
   465: 161932.000 161949.000 178517.000 178536.000 178573.000
   470: 178594.000 178619.000 178654.000 178679.000 178705.000
   475: 178732.000 178755.000 178782.000 180907.000 180926.000
   480: 181002.000 181045.000 181072.000 181428.000 181458.000
   485: 181497.000 181508.000 181531.000 181550.000 181604.000
   490: 181620.000 190217.000 190233.000 190265.000 190290.000
   495: 190313.000 190715.000 190726.000 190734.000 190746.000
   500: 190792.000 190834.000 190861.000 190885.000 190908.000
   505: 192622.000 192641.000 193813.000 193845.000 193857.000
   510: 193883.000 193948.000 193994.000 194006.000 194024.000
   515: 194038.000 195905.000 195927.000 195977.000 196026.000
   520: 196062.000 219001.000 219011.000 219026.000 219053.000
   525: 219131.000 219553.000 219570.000 219634.000 224744.000
   530: 224756.000 224774.000 224791.000 224816.000 224829.000
   535: 224843.000 224871.000 224886.000 233315.000 233520.000
   540: 233559.000 233609.000 233631.000 234021.000 234041.000
   545: 234065.000 234091.000 234119.000 234198.000 274141.000
   550: 274176.000 274192.000 274247.000 274271.000 274624.000
   555: 274643.000 274657.000 274698.000 274745.000 274766.000
   560: 274783.000 274802.000 274820.000 274873.000 282406.000
   565: 282427.000 290130.000 290438.000 290481.000 290525.000
   570: 309033.000 314783.000 314806.000 314824.000 314855.000
   575: 314875.000 315202.000 315219.000 315263.000 315300.000
   580: 315352.000 315370.000 316762.000 316825.000 317177.000
   585: 317205.000 354886.000 354929.000 354953.000 354983.000
   590: 355012.000 355052.000 355103.000
D:
     0: 11591.000 15817.000 18455.000 22529.000 30872.000
     5: 35730.000 37619.000 39772.000 42797.000 46075.000
    10: 50218.000 51849.000 55396.000 56694.000 58511.000
    15: 62003.000 71449.000 72763.000 74581.000 77658.000
    20: 79409.000 89690.000 96229.000 101038.000 106680.000
    25: 109423.000 112019.000 117223.000 119397.000 122978.000
    30: 126437.000 156605.000 160460.000 161932.000 178705.000
    35: 181620.000 190885.000 194024.000 219634.000 224871.000
    40: 234065.000 274802.000 315263.000
E:
     0: 1785.000 3898.000 7368.000 7840.000 8879.000
     5: 9874.000 10622.000 11256.000 12005.000 14047.000
    10: 15083.000 16094.000 17886.000 18832.000 21676.000
    15: 22965.000 24380.000 24387.000 29640.000 31197.000
    20: 33907.000 35034.000 36067.000 37253.000 37943.000
    25: 40176.000 42170.000 43074.000 44591.000 45540.000
    30: 46336.000 49357.000 50352.000 52260.000 53927.000
    35: 54794.000 55581.000 57136.000 58790.000 61498.000
    40: 62452.000 68320.000 70981.000 71519.000 71530.000
    45: 73130.000 74867.000 76970.000 77881.000 78962.000
    50: 79771.000 86965.000 87002.000 87055.000 89036.000
    55: 90049.000 92908.000 95782.000 96608.000 99105.000
    60: 99882.000 100609.000 101415.000 102417.000 106020.000
    65: 107030.000 107700.000 108357.000 108900.000 109728.000
    70: 111271.000 112332.000 113168.000 114889.000 115059.000
    75: 116753.000 117539.000 119000.000 119777.000 122383.000
    80: 123071.000 125480.000 126047.000 126832.000 129849.000
    85: 135755.000 136945.000 138310.000 142165.000 151739.000
    90: 153343.000 153507.000 155512.000 156274.000 157062.000
    95: 158536.000 159262.000 159961.000 160701.000 162355.000
   100: 165408.000 171737.000 171771.000 171777.000 172013.000
   105: 178220.000 178874.000 180519.000 181178.000 181853.000
   110: 184236.000 185756.000 188460.000 189981.000 190535.000
   115: 191060.000 192988.000 194425.000 196338.000 204742.000
   120: 214338.000 219816.000 221793.000 223229.000 225125.000
   125: 227074.000 230813.000 234296.000 236964.000 239518.000
   130: 245676.000 249186.000 252875.000 254972.000 256287.000
   135: 269131.000 273876.000 274450.000 276502.000 281953.000
   140: 289325.000 290255.000 290732.000 290738.000 290805.000
   145: 290866.000 291262.000 291470.000 291498.000 291528.000
   150: 291960.000 295336.000 304606.000 313573.000 315611.000
   155: 344940.000 354450.000 355296.000 358396.000
Q:
     0: 7521.000 10814.000 11382.000 18284.000 22318.000
     5: 30680.000 35492.000 39551.000 41654.000 44847.000
    10: 49917.000 53468.000 55148.000 58314.000 71252.000
    15: 74322.000 79143.000 93346.000 99490.000 100878.000
    20: 108610.000 109232.000 111771.000 116988.000 119311.000
    25: 125764.000 127754.000 155745.000 158866.000 160170.000
    30: 178517.000 181428.000 190715.000 192622.000 195905.000
    35: 224744.000 274141.000 290130.000 290438.000 316762.000
\300