File: C:\MED-PC\Data\2019-07-25_11h12m_Subject 19007.txt


Start Date: 07/25/19
End Date: 07/25/19
Subject: 19007
Experiment: fr8
Group: 1
Box: 1
Start Time: 11:12:13
End Time: 12:13:55
MSN: FR8 8p First Lever Laser 50
B:   8.000
F:   2.000
H: 115.000
L: 147.000
R:   8.000
U:  11.000
V:  25.000
A:
     0:    0.000    1.000
C:
     0: 17072.000 17328.000 17669.000 17790.000 17938.000
     5: 17969.000 17991.000 23789.000 23823.000 23835.000
    10: 23844.000 23898.000 23912.000 27435.000 27605.000
    15: 28027.000 28096.000 28122.000 28159.000 28220.000
    20: 28315.000 28334.000 33988.000 34028.000 34045.000
    25: 34056.000 34072.000 34096.000 34137.000 34157.000
    30: 34189.000 40940.000 40954.000 40981.000 41004.000
    35: 41019.000 41031.000 41053.000 41107.000 41154.000
    40: 53264.000 53340.000 54322.000 58891.000 58976.000
    45: 59315.000 59348.000 59503.000 59517.000 59535.000
    50: 59554.000 59561.000 59596.000 59611.000 59666.000
    55: 59687.000 59797.000 59815.000 61593.000 61611.000
    60: 61627.000 61645.000 61666.000 61684.000 61698.000
    65: 61726.000 61761.000 61778.000 61790.000 61809.000
    70: 61834.000 61887.000 66682.000 66702.000 66722.000
    75: 66742.000 66788.000 66804.000 66819.000 68907.000
    80: 68953.000 69128.000 69469.000 69484.000 69534.000
    85: 69603.000 69628.000 69669.000 69720.000 77743.000
    90: 77821.000 78479.000 89597.000 89713.000 95553.000
    95: 95606.000 95813.000 103408.000 106848.000 106872.000
   100: 106886.000 106895.000 106937.000 106967.000 106992.000
   105: 107034.000 107119.000 107145.000 107169.000 110914.000
   110: 110930.000 111694.000 114207.000 114232.000 114253.000
   115: 114274.000 114309.000 114336.000 114363.000 114388.000
   120: 114407.000 114419.000 114442.000 129353.000 129856.000
   125: 130006.000 130187.000 142118.000 142145.000 158433.000
   130: 158485.000 158499.000 158727.000 173419.000 190782.000
   135: 190799.000 190823.000 190841.000 190859.000 190875.000
   140: 271523.000 272175.000 297165.000 308714.000 308780.000
   145: 308902.000 308966.000
D:
     0: 28315.000 34157.000 41107.000 59554.000 61726.000
     5: 69628.000 106992.000 114388.000
E:
     0: 1462.000 6981.000 11585.000 11594.000 12100.000
     5: 12118.000 12145.000 12161.000 12168.000 12178.000
    10: 12182.000 13921.000 16512.000 16617.000 18151.000
    15: 18215.000 18278.000 22331.000 24040.000 27219.000
    20: 28532.000 28540.000 28547.000 28611.000 30038.000
    25: 31222.000 33216.000 33760.000 33777.000 33792.000
    30: 34344.000 34362.000 34467.000 34495.000 36102.000
    35: 39291.000 40324.000 40523.000 41263.000 41277.000
    40: 42515.000 43083.000 43277.000 43310.000 46399.000
    45: 48666.000 48847.000 50923.000 51309.000 55460.000
    50: 58254.000 59986.000 60110.000 60883.000 61997.000
    55: 62050.000 62065.000 62089.000 62222.000 63343.000
    60: 65746.000 67170.000 67287.000 67551.000 69873.000
    65: 74925.000 76987.000 77385.000 84818.000 87712.000
    70: 88308.000 88375.000 88427.000 88435.000 88445.000
    75: 91186.000 95396.000 97443.000 101174.000 103097.000
    80: 107535.000 109982.000 110501.000 112749.000 113477.000
    85: 113934.000 114575.000 121575.000 125580.000 126402.000
    90: 128831.000 129118.000 130875.000 134290.000 137450.000
    95: 139532.000 141817.000 149948.000 150031.000 156668.000
   100: 158256.000 169800.000 174277.000 190529.000 196724.000
   105: 196795.000 223875.000 235344.000 249063.000 298994.000
   110: 299045.000 299048.000 306795.000 306884.000 319509.000
Q:
     0: 17072.000 27435.000 53264.000 58891.000 68907.000
     5: 77743.000 95553.000 110914.000 129353.000 158433.000
    10: 271523.000
