File: C:\MED-PC\Data\2019-08-01_13h47m_Subject 19007.txt


Start Date: 08/01/19
End Date: 08/01/19
Subject: 19007
Experiment: 
Group: 1
Box: 4
Start Time: 13:47:07
End Time: 14:50:27
MSN: FR8 8p First Lever Laser 50
B:   8.000
F:   2.000
H: 234.000
L: 798.000
R:  63.000
U:  54.000
V:  82.000
A:
     0:    0.000    1.000
C:
     0: 7097.000 7134.000 7148.000 7211.000 7290.000
     5: 7309.000 8270.000 8292.000 8333.000 8471.000
    10: 8542.000 8604.000 8640.000 8869.000 10204.000
    15: 10280.000 10494.000 10911.000 10975.000 11813.000
    20: 11828.000 11854.000 11870.000 11881.000 11959.000
    25: 11974.000 12958.000 12972.000 12992.000 13020.000
    30: 13109.000 13155.000 13497.000 13580.000 15416.000
    35: 15427.000 15436.000 15472.000 15492.000 15512.000
    40: 15540.000 15560.000 15574.000 15626.000 15675.000
    45: 17301.000 17453.000 18015.000 18050.000 18154.000
    50: 18185.000 19315.000 19347.000 19382.000 19404.000
    55: 19436.000 19477.000 19506.000 19596.000 19624.000
    60: 23244.000 23279.000 23953.000 24013.000 24035.000
    65: 24089.000 24151.000 24208.000 30185.000 30208.000
    70: 30243.000 30259.000 30274.000 30292.000 30826.000
    75: 30848.000 30907.000 31095.000 31400.000 31456.000
    80: 31507.000 31585.000 31703.000 32879.000 32914.000
    85: 33134.000 33527.000 33538.000 33586.000 33639.000
    90: 34235.000 34272.000 34286.000 34300.000 34319.000
    95: 34384.000 34408.000 34458.000 34591.000 36081.000
   100: 36142.000 36346.000 38208.000 38248.000 38263.000
   105: 38285.000 38308.000 38346.000 38365.000 38386.000
   110: 38413.000 39247.000 39279.000 39288.000 39308.000
   115: 39327.000 39345.000 39401.000 39429.000 39448.000
   120: 39500.000 40790.000 40814.000 40937.000 41097.000
   125: 41662.000 41754.000 41780.000 41829.000 43849.000
   130: 43861.000 43871.000 43889.000 43916.000 43939.000
   135: 43979.000 44929.000 45001.000 45142.000 45541.000
   140: 45581.000 45638.000 45661.000 45755.000 45771.000
   145: 46872.000 46907.000 46926.000 46952.000 46976.000
   150: 47006.000 47027.000 47050.000 47077.000 47100.000
   155: 48215.000 48281.000 48338.000 48620.000 48809.000
   160: 48823.000 48849.000 48875.000 48945.000 48974.000
   165: 50417.000 50439.000 50467.000 50511.000 50548.000
   170: 51359.000 51504.000 51581.000 51614.000 51861.000
   175: 52058.000 52212.000 52253.000 52870.000 52885.000
   180: 52910.000 52930.000 52969.000 53037.000 53074.000
   185: 53520.000 53604.000 56278.000 56522.000 56644.000
   190: 56714.000 56869.000 57191.000 57254.000 57375.000
   195: 60557.000 60577.000 60589.000 60626.000 60644.000
   200: 60673.000 60724.000 60743.000 60857.000 61815.000
   205: 61848.000 61927.000 61941.000 61965.000 61984.000
   210: 62047.000 62123.000 63488.000 63508.000 63520.000
   215: 66927.000 67529.000 67548.000 67565.000 67586.000
   220: 67608.000 67643.000 67658.000 67673.000 67744.000
   225: 68981.000 69003.000 69032.000 69056.000 69082.000
   230: 69102.000 69121.000 69146.000 69191.000 70176.000
   235: 70267.000 70948.000 70962.000 70995.000 71999.000
   240: 72041.000 72078.000 72094.000 72129.000 72154.000
   245: 72170.000 72236.000 73048.000 73102.000 73746.000
   250: 73771.000 73789.000 73822.000 73866.000 73887.000
   255: 76450.000 76460.000 76497.000 76515.000 76551.000
   260: 76605.000 76643.000 76688.000 77673.000 77909.000
   265: 77924.000 78288.000 78305.000 78338.000 78363.000
   270: 78407.000 80310.000 80328.000 80359.000 80376.000
   275: 80405.000 80426.000 80453.000 80472.000 81563.000
   280: 81592.000 81856.000 82089.000 82224.000 82262.000
   285: 82391.000 83223.000 83246.000 83266.000 83286.000
   290: 83304.000 83350.000 83378.000 83396.000 83432.000
   295: 83474.000 83488.000 84275.000 84319.000 84466.000
   300: 84907.000 84923.000 84955.000 84973.000 85019.000
   305: 85058.000 85071.000 85095.000 85133.000 85158.000
   310: 85171.000 86006.000 86030.000 86070.000 86089.000
   315: 86100.000 86120.000 86151.000 86162.000 86215.000
   320: 86245.000 86285.000 87160.000 87562.000 87837.000
   325: 87856.000 87871.000 87891.000 87928.000 87973.000
   330: 87988.000 88010.000 88977.000 89001.000 89021.000
   335: 89050.000 89074.000 89131.000 89178.000 89223.000
   340: 89242.000 90192.000 90269.000 90647.000 90767.000
   345: 90808.000 90873.000 90889.000 90911.000 92272.000
   350: 92345.000 92399.000 92865.000 93046.000 93097.000
   355: 93117.000 93132.000 93150.000 93995.000 94074.000
   360: 94152.000 94167.000 94183.000 94205.000 94229.000
   365: 98165.000 98183.000 98200.000 98222.000 98244.000
   370: 98270.000 98323.000 98343.000 98363.000 98395.000
   375: 99317.000 99383.000 99451.000 99604.000 99988.000
   380: 100084.000 100099.000 100149.000 101234.000 101354.000
   385: 101420.000 101446.000 101462.000 101489.000 102058.000
   390: 102122.000 102672.000 102684.000 102702.000 102715.000
   395: 102731.000 102856.000 104270.000 104428.000 104471.000
   400: 104960.000 105078.000 105089.000 105112.000 105123.000
   405: 105970.000 106000.000 106016.000 106037.000 106073.000
   410: 106089.000 106111.000 106138.000 106156.000 106175.000
   415: 106214.000 106245.000 107100.000 107382.000 107757.000
   420: 107793.000 107813.000 107844.000 107863.000 107894.000
   425: 107932.000 111114.000 111157.000 111191.000 111209.000
   430: 111225.000 111270.000 111298.000 111320.000 111344.000
   435: 111397.000 111440.000 112136.000 114446.000 114467.000
   440: 114532.000 114553.000 114570.000 114632.000 114645.000
   445: 114665.000 114684.000 114743.000 114765.000 115593.000
   450: 115888.000 116276.000 116353.000 116375.000 116423.000
   455: 117320.000 117359.000 117387.000 117405.000 117423.000
   460: 117440.000 117472.000 117512.000 117578.000 117642.000
   465: 117655.000 119455.000 121693.000 121753.000 121945.000
   470: 122464.000 122490.000 122508.000 122520.000 122548.000
   475: 122611.000 124024.000 124053.000 124107.000 124119.000
   480: 124150.000 124177.000 124204.000 124215.000 124233.000
   485: 124267.000 125831.000 126122.000 126516.000 128140.000
   490: 128162.000 128194.000 128221.000 128243.000 128266.000
   495: 128285.000 128308.000 128334.000 128349.000 128391.000
   500: 129070.000 129194.000 134974.000 135106.000 135894.000
   505: 135981.000 135997.000 136018.000 137570.000 137594.000
   510: 137616.000 137646.000 137663.000 137676.000 137700.000
   515: 137739.000 137770.000 137803.000 137829.000 141688.000
   520: 141736.000 141756.000 141780.000 141800.000 141847.000
   525: 141863.000 141901.000 144334.000 144385.000 144543.000
   530: 144715.000 145022.000 145080.000 145175.000 145225.000
   535: 145260.000 151821.000 151841.000 151861.000 151903.000
   540: 151913.000 151953.000 151993.000 152007.000 152048.000
   545: 152094.000 153885.000 154071.000 154578.000 154658.000
   550: 154819.000 155424.000 156241.000 156343.000 156375.000
   555: 156387.000 158292.000 158363.000 158377.000 158397.000
   560: 158411.000 158432.000 158456.000 158532.000 158771.000
   565: 158825.000 158844.000 158861.000 158891.000 158960.000
   570: 158996.000 159595.000 159881.000 160286.000 160330.000
   575: 160348.000 160367.000 160394.000 160398.000 160424.000
   580: 160469.000 160504.000 163074.000 163695.000 169100.000
   585: 170888.000 172926.000 172946.000 172968.000 172997.000
   590: 173050.000 173075.000 173102.000 173128.000 173149.000
   595: 174292.000 174321.000 174345.000 174382.000 174401.000
   600: 174416.000 174438.000 174518.000 175482.000 176285.000
   605: 176381.000 176427.000 176484.000 176519.000 176530.000
   610: 177199.000 177256.000 177276.000 177293.000 177314.000
   615: 177357.000 177374.000 177393.000 181606.000 182310.000
   620: 182391.000 182437.000 182475.000 182494.000 182535.000
   625: 182943.000 182979.000 183029.000 183050.000 183068.000
   630: 183097.000 183216.000 183238.000 190880.000 191605.000
   635: 191627.000 191711.000 191730.000 191757.000 191774.000
   640: 191818.000 194139.000 194168.000 194189.000 194215.000
   645: 194249.000 194288.000 194310.000 194329.000 194349.000
   650: 195731.000 195806.000 196759.000 203900.000 204497.000
   655: 207147.000 207163.000 207202.000 207211.000 207226.000
   660: 207268.000 207279.000 207303.000 207327.000 211892.000
   665: 217091.000 217331.000 217479.000 218817.000 218843.000
   670: 218884.000 218903.000 218946.000 219013.000 229607.000
   675: 235987.000 236018.000 236036.000 236071.000 236107.000
   680: 236150.000 236160.000 273821.000 274617.000 274637.000
   685: 274656.000 274781.000 274801.000 274821.000 275253.000
   690: 275264.000 275934.000 275947.000 275984.000 276026.000
   695: 276048.000 276411.000 276426.000 276478.000 276496.000
   700: 276522.000 276543.000 276572.000 276661.000 278106.000
   705: 278120.000 278133.000 278167.000 278178.000 278209.000
   710: 278257.000 278277.000 278322.000 278349.000 280202.000
   715: 280230.000 280301.000 280439.000 281042.000 281078.000
   720: 281096.000 281123.000 281145.000 281177.000 281195.000
   725: 281229.000 281281.000 281316.000 284024.000 284129.000
   730: 284847.000 284853.000 284887.000 284935.000 284961.000
   735: 289709.000 289811.000 302823.000 321815.000 322496.000
   740: 322559.000 322714.000 322907.000 326670.000 326687.000
   745: 326705.000 326735.000 326748.000 326773.000 326821.000
   750: 326866.000 326883.000 328157.000 328199.000 328632.000
   755: 328872.000 328987.000 332908.000 332966.000 332981.000
   760: 333006.000 333062.000 333086.000 333138.000 335468.000
   765: 335502.000 336219.000 336275.000 336404.000 336424.000
   770: 336450.000 336495.000 336520.000 337921.000 337928.000
   775: 337954.000 337983.000 338010.000 338026.000 338064.000
   780: 338083.000 339084.000 339128.000 339739.000 339852.000
   785: 339896.000 339936.000 339948.000 339995.000 340959.000
   790: 341047.000 341062.000 341109.000 341146.000 341207.000
   795: 341309.000 341327.000 341346.000
D:
     0: 8869.000 15560.000 19596.000 24208.000 31585.000
     5: 34458.000 38386.000 39429.000 41829.000 45755.000
    10: 47050.000 48875.000 52253.000 57375.000 60743.000
    15: 62123.000 67658.000 69146.000 72236.000 73887.000
    20: 76688.000 78407.000 80472.000 83396.000 85019.000
    25: 86162.000 87973.000 89223.000 90911.000 93132.000
    30: 98343.000 100149.000 102856.000 105123.000 106138.000
    35: 107894.000 111320.000 114665.000 117512.000 122548.000
    40: 124215.000 128308.000 137739.000 141901.000 145225.000
    45: 152007.000 158532.000 160398.000 173128.000 174518.000
    50: 177393.000 183238.000 191818.000 194329.000 207303.000
    55: 276661.000 278277.000 281123.000 326866.000 336495.000
    60: 338083.000 339995.000 341327.000
E:
     0:  265.000 1388.000 4063.000 7670.000 9030.000
     5: 9066.000 11077.000 11302.000 11352.000 12119.000
    10: 12180.000 12348.000 13287.000 14383.000 14981.000
    15: 15766.000 16094.000 18276.000 18635.000 19699.000
    20: 20661.000 22467.000 22476.000 23053.000 24540.000
    25: 25714.000 29644.000 30610.000 31828.000 32556.000
    30: 33817.000 33819.000 34662.000 35671.000 37453.000
    35: 37463.000 37693.000 38484.000 39591.000 40527.000
    40: 41982.000 43278.000 44399.000 45898.000 47191.000
    45: 49158.000 49942.000 50947.000 52347.000 53171.000
    50: 53332.000 55603.000 56145.000 57560.000 58516.000
    55: 60236.000 60978.000 61070.000 61153.000 63793.000
    60: 63810.000 63841.000 64525.000 65209.000 66626.000
    65: 67846.000 68755.000 69306.000 71131.000 72349.000
    70: 72364.000 72380.000 72512.000 72527.000 74005.000
    75: 76067.000 76808.000 78562.000 79846.000 80558.000
    80: 80656.000 82665.000 83571.000 83601.000 83612.000
    85: 85261.000 86372.000 88104.000 88769.000 89346.000
    90: 91070.000 92079.000 93265.000 94342.000 97577.000
    95: 98539.000 100328.000 101614.000 101887.000 102970.000
   100: 103301.000 105276.000 105328.000 106322.000 108026.000
   105: 109285.000 109479.000 110742.000 111525.000 113754.000
   110: 113939.000 114862.000 116521.000 116669.000 116685.000
   115: 117753.000 120374.000 121460.000 122725.000 122835.000
   120: 123790.000 124332.000 125554.000 126950.000 127908.000
   125: 128512.000 130921.000 134706.000 136163.000 137411.000
   130: 137907.000 141346.000 142025.000 143998.000 144002.000
   135: 145474.000 151131.000 151139.000 152231.000 153485.000
   140: 154957.000 155063.000 156492.000 157946.000 158617.000
   145: 159090.000 159262.000 160609.000 162747.000 167342.000
   150: 167603.000 168915.000 170662.000 172701.000 173231.000
   155: 174590.000 176616.000 176727.000 177487.000 181169.000
   160: 182653.000 183301.000 183392.000 185593.000 187892.000
   165: 189668.000 191904.000 191907.000 193270.000 193904.000
   170: 194420.000 195504.000 198996.000 202421.000 204840.000
   175: 206760.000 207463.000 208890.000 212873.000 216848.000
   180: 218630.000 219096.000 219139.000 229107.000 235607.000
   185: 236230.000 250065.000 253318.000 272004.000 274933.000
   190: 276178.000 276735.000 276748.000 277699.000 277891.000
   195: 277898.000 278422.000 279781.000 281402.000 283630.000
   200: 285112.000 289365.000 289529.000 300661.000 302564.000
   205: 306760.000 306780.000 306800.000 306837.000 306852.000
   210: 306890.000 306975.000 306991.000 306995.000 307004.000
   215: 307023.000 319111.000 326331.000 326945.000 326947.000
   220: 332355.000 333195.000 335318.000 336611.000 336628.000
   225: 336725.000 337710.000 338165.000 340078.000 340134.000
   230: 341421.000 351063.000 351767.000 357988.000
Q:
     0: 8270.000 10204.000 13497.000 17301.000 23244.000
     5: 30826.000 32879.000 36081.000 40790.000 44929.000
    10: 48215.000 51359.000 53520.000 56278.000 66927.000
    15: 70176.000 73048.000 77673.000 81563.000 84275.000
    20: 87160.000 90192.000 92272.000 99317.000 102058.000
    25: 104270.000 107100.000 112136.000 115593.000 121693.000
    30: 125831.000 129070.000 134974.000 144334.000 153885.000
    35: 155424.000 159595.000 163074.000 170888.000 175482.000
    40: 181606.000 190880.000 195731.000 203900.000 217091.000
    45: 229607.000 273821.000 275253.000 280202.000 284024.000
    50: 321815.000 328157.000 335468.000 339084.000
