File: C:\MED-PC\Data\2019-07-29_12h05m_Subject 19002.txt


Start Date: 07/29/19
End Date: 07/29/19
Subject: 19002
Experiment: 
Group: 1
Box: 1
Start Time: 12:05:28
End Time: 13:07:04
MSN: FR8 8p First Lever Laser 50
B:   8.000
F:   2.000
H: 217.000
L: 439.000
R:  26.000
U:  38.000
V:  38.000
A:
     0:    0.000    1.000
C:
     0: 8045.000 16843.000 16886.000 16965.000 18433.000
     5: 18453.000 18468.000 22956.000 23370.000 23402.000
    10: 23511.000 23528.000 23549.000 23564.000 23583.000
    15: 23601.000 29598.000 29672.000 29728.000 29755.000
    20: 33659.000 33685.000 33740.000 33749.000 33779.000
    25: 33799.000 33818.000 33861.000 38475.000 42726.000
    30: 42762.000 42790.000 42858.000 42876.000 43132.000
    35: 43150.000 43179.000 43189.000 43217.000 43240.000
    40: 43270.000 43297.000 43344.000 43383.000 43403.000
    45: 50461.000 52093.000 65947.000 65976.000 78640.000
    50: 90324.000 90380.000 90394.000 90412.000 90431.000
    55: 90467.000 90482.000 90500.000 90513.000 90553.000
    60: 107902.000 107922.000 107946.000 108108.000 108225.000
    65: 108233.000 108691.000 108712.000 108758.000 108771.000
    70: 108783.000 108800.000 108817.000 108832.000 108850.000
    75: 114951.000 115178.000 115199.000 115228.000 115242.000
    80: 115267.000 115284.000 115317.000 115332.000 115367.000
    85: 115381.000 115397.000 126952.000 127009.000 127055.000
    90: 127742.000 127790.000 127815.000 127893.000 127923.000
    95: 127938.000 127977.000 128292.000 128402.000 128444.000
   100: 128504.000 128960.000 129064.000 129102.000 129132.000
   105: 129149.000 129158.000 129178.000 129405.000 129494.000
   110: 129508.000 129524.000 129545.000 129565.000 129581.000
   115: 129596.000 129624.000 129647.000 131935.000 131961.000
   120: 132039.000 132066.000 132812.000 132826.000 132842.000
   125: 132866.000 132878.000 132928.000 132940.000 132958.000
   130: 135821.000 135933.000 135994.000 136018.000 136043.000
   135: 136067.000 136089.000 136099.000 136110.000 138055.000
   140: 138094.000 138149.000 138175.000 138225.000 138240.000
   145: 138296.000 138311.000 140490.000 140520.000 140529.000
   150: 140551.000 140570.000 140607.000 140625.000 140637.000
   155: 142882.000 142938.000 142977.000 143003.000 143503.000
   160: 143637.000 143651.000 143680.000 143891.000 143920.000
   165: 143952.000 144214.000 144351.000 144454.000 144510.000
   170: 144545.000 144620.000 146333.000 146366.000 146384.000
   175: 146403.000 146424.000 146440.000 146469.000 146982.000
   180: 147053.000 147074.000 147129.000 147146.000 147162.000
   185: 147178.000 147222.000 148942.000 148955.000 148976.000
   190: 149000.000 149056.000 149108.000 149128.000 149159.000
   195: 151333.000 151346.000 151368.000 151413.000 151453.000
   200: 151469.000 151518.000 151543.000 151566.000 153374.000
   205: 153414.000 153457.000 153468.000 153490.000 153514.000
   210: 153547.000 153565.000 153592.000 154545.000 154598.000
   215: 154619.000 154636.000 154716.000 154759.000 154775.000
   220: 154792.000 156356.000 156475.000 156487.000 156510.000
   225: 156553.000 156572.000 156663.000 157250.000 157409.000
   230: 157443.000 157457.000 157470.000 157487.000 157503.000
   235: 157539.000 157565.000 159017.000 159059.000 159072.000
   240: 159103.000 159116.000 159127.000 159142.000 159154.000
   245: 159181.000 160841.000 160874.000 160877.000 160894.000
   250: 160937.000 160956.000 160968.000 161008.000 161253.000
   255: 161260.000 161269.000 161293.000 161313.000 161326.000
   260: 163614.000 163667.000 163727.000 163741.000 163753.000
   265: 164051.000 164161.000 164508.000 164517.000 164532.000
   270: 164551.000 166002.000 166019.000 166040.000 166064.000
   275: 166081.000 166112.000 166125.000 166143.000 166181.000
   280: 167333.000 167390.000 167411.000 167427.000 168506.000
   285: 168535.000 168552.000 168572.000 168579.000 168650.000
   290: 168925.000 168959.000 168994.000 169015.000 169046.000
   295: 169084.000 169120.000 169147.000 173201.000 173232.000
   300: 173568.000 173712.000 173909.000 173976.000 174028.000
   305: 174041.000 174653.000 174937.000 174968.000 174983.000
   310: 174994.000 176349.000 176399.000 176443.000 176461.000
   315: 176473.000 176931.000 176978.000 176988.000 177033.000
   320: 177048.000 177161.000 177192.000 177571.000 177663.000
   325: 178042.000 182136.000 191169.000 191543.000 191576.000
   330: 191595.000 191637.000 191653.000 191670.000 191824.000
   335: 198149.000 198288.000 198298.000 198323.000 198339.000
   340: 198360.000 198682.000 206821.000 207545.000 207952.000
   345: 207997.000 212876.000 213247.000 213272.000 213466.000
   350: 213521.000 213545.000 213563.000 213584.000 213618.000
   355: 213626.000 213646.000 213665.000 215412.000 241216.000
   360: 252584.000 252592.000 253182.000 256363.000 256432.000
   365: 272219.000 272281.000 272372.000 286280.000 286388.000
   370: 296797.000 296848.000 300554.000 300575.000 300606.000
   375: 300661.000 309140.000 322356.000 322382.000 322454.000
   380: 322863.000 322879.000 322915.000 322947.000 322989.000
   385: 323220.000 323244.000 323265.000 323291.000 323342.000
   390: 323359.000 323375.000 323388.000 325865.000 325989.000
   395: 326002.000 326052.000 326126.000 326214.000 326245.000
   400: 327323.000 327439.000 327449.000 327493.000 327513.000
   405: 327539.000 327627.000 327666.000 327679.000 330270.000
   410: 330358.000 330430.000 330450.000 330467.000 331422.000
   415: 331556.000 331620.000 331659.000 331688.000 331720.000
   420: 331759.000 332503.000 332959.000 333448.000 333883.000
   425: 334280.000 334871.000 335106.000 335128.000 335143.000
   430: 335168.000 335189.000 339326.000 339477.000 342167.000
   435: 342602.000 342858.000 349824.000 349986.000
D:
     0: 23528.000 33861.000 43297.000 90500.000 108832.000
     5: 115332.000 129596.000 132958.000 136099.000 138311.000
    10: 140637.000 147222.000 149159.000 151543.000 153565.000
    15: 154792.000 157539.000 159154.000 161008.000 166143.000
    20: 169147.000 174983.000 213646.000 323265.000 327666.000
    25: 335128.000
E:
     0: 7690.000 10756.000 17212.000 23753.000 23785.000
     5: 25694.000 25718.000 26233.000 26635.000 27058.000
    10: 29210.000 29369.000 31352.000 34601.000 35286.000
    15: 36727.000 36968.000 37525.000 38640.000 39325.000
    20: 40659.000 41224.000 41281.000 42618.000 42997.000
    25: 43033.000 43532.000 43555.000 45950.000 46541.000
    30: 49502.000 49870.000 49884.000 49930.000 49940.000
    35: 49949.000 52268.000 57615.000 58464.000 58856.000
    40: 65107.000 67047.000 68991.000 75279.000 75745.000
    45: 78319.000 78325.000 80936.000 80948.000 88213.000
    50: 90644.000 90668.000 90695.000 102573.000 103625.000
    55: 104842.000 106414.000 106424.000 106486.000 107218.000
    60: 108319.000 108331.000 108898.000 108956.000 111169.000
    65: 111185.000 113625.000 115084.000 115449.000 115470.000
    70: 115500.000 118107.000 125970.000 126003.000 126719.000
    75: 127154.000 127173.000 128080.000 128106.000 128586.000
    80: 128610.000 128850.000 129277.000 129302.000 129723.000
    85: 131619.000 131804.000 132167.000 133085.000 134761.000
    90: 135391.000 135410.000 136183.000 136202.000 138413.000
    95: 139716.000 140191.000 140198.000 140207.000 140747.000
   100: 142491.000 143125.000 143335.000 143345.000 143348.000
   105: 143351.000 143354.000 144027.000 144050.000 144706.000
   110: 145528.000 146565.000 146583.000 146610.000 146871.000
   115: 147327.000 147338.000 148665.000 149217.000 149237.000
   120: 149259.000 150905.000 151693.000 151712.000 152974.000
   125: 153000.000 153008.000 153660.000 154849.000 156759.000
   130: 157631.000 157647.000 158643.000 159249.000 160573.000
   135: 160588.000 161415.000 162836.000 163459.000 163847.000
   140: 163859.000 165798.000 165831.000 166262.000 167665.000
   145: 168390.000 168776.000 168792.000 169264.000 169272.000
   150: 170927.000 173097.000 173798.000 175061.000 176565.000
   155: 177285.000 177316.000 178861.000 182326.000 182357.000
   160: 185160.000 189737.000 191352.000 191725.000 198053.000
   165: 201961.000 208095.000 212711.000 213363.000 213749.000
   170: 213763.000 213778.000 213820.000 233895.000 233958.000
   175: 240979.000 249962.000 249975.000 255569.000 271971.000
   180: 271984.000 271992.000 281755.000 286576.000 290756.000
   185: 296569.000 300337.000 300387.000 309027.000 310319.000
   190: 310345.000 315809.000 320755.000 320760.000 322646.000
   195: 322670.000 323518.000 323533.000 323558.000 325590.000
   200: 326319.000 327797.000 329380.000 329818.000 330570.000
   205: 331867.000 331891.000 332126.000 335366.000 335389.000
   210: 338641.000 345250.000 349749.000 353706.000 353711.000
   215: 353745.000 359483.000
Q:
     0: 16843.000 29598.000 33659.000 43132.000 65947.000
     5: 90324.000 107902.000 115178.000 127742.000 128292.000
    10: 129405.000 135821.000 138055.000 143503.000 144214.000
    15: 146982.000 151333.000 156356.000 157250.000 160841.000
    20: 164051.000 167333.000 173201.000 173909.000 177571.000
    25: 182136.000 191824.000 206821.000 212876.000 215412.000
    30: 252584.000 286280.000 300554.000 322356.000 325865.000
    35: 327323.000 332503.000 339326.000
\300
