File: C:\MED-PC\Data\2019-07-30_13h19m_Subject 19008.txt


Start Date: 07/30/19
End Date: 07/30/19
Subject: 19008
Experiment: 
Group: 1
Box: 2
Start Time: 13:19:39
End Time: 14:25:02
MSN: FR8 8p First Lever Laser 50
B:   8.000
F:   1.000
H: 284.000
L: 839.000
R:  72.000
U:  50.000
V: 125.000
A:
     0:    0.000    1.000
C:
     0: 19801.000 19886.000 19900.000 20226.000 20250.000
     5: 20269.000 20310.000 20326.000 20343.000 20349.000
    10: 20407.000 25128.000 25171.000 25194.000 25211.000
    15: 25230.000 25253.000 25816.000 25840.000 25857.000
    20: 25876.000 25924.000 25940.000 25960.000 25985.000
    25: 31565.000 31591.000 31609.000 31661.000 31693.000
    30: 31710.000 31726.000 33980.000 33990.000 34007.000
    35: 34030.000 34059.000 34121.000 34134.000 34151.000
    40: 34168.000 34187.000 34236.000 37548.000 37566.000
    45: 37581.000 37663.000 37698.000 37753.000 38064.000
    50: 38076.000 38092.000 38109.000 38127.000 38149.000
    55: 38181.000 38197.000 38221.000 42912.000 42948.000
    60: 42983.000 43006.000 43039.000 43073.000 43092.000
    65: 43574.000 43592.000 43616.000 43633.000 43652.000
    70: 43671.000 43686.000 43724.000 43747.000 46310.000
    75: 46325.000 46344.000 46365.000 46383.000 46414.000
    80: 46431.000 46457.000 46471.000 46495.000 51188.000
    85: 51223.000 51245.000 51267.000 51286.000 51328.000
    90: 51350.000 51378.000 51392.000 51427.000 52952.000
    95: 52967.000 52988.000 53034.000 53040.000 53065.000
   100: 53549.000 53560.000 53576.000 53595.000 53613.000
   105: 53637.000 53646.000 53665.000 53693.000 55968.000
   110: 55998.000 56014.000 56035.000 56057.000 56080.000
   115: 56101.000 56129.000 57125.000 57137.000 57153.000
   120: 57173.000 57191.000 57212.000 57232.000 57267.000
   125: 57285.000 57331.000 58703.000 58715.000 58735.000
   130: 58754.000 58775.000 58807.000 58868.000 61740.000
   135: 61757.000 61775.000 61796.000 61831.000 61849.000
   140: 61889.000 61930.000 61963.000 63598.000 63684.000
   145: 63702.000 63718.000 63738.000 63766.000 63782.000
   150: 63810.000 63831.000 65614.000 65632.000 65648.000
   155: 65668.000 65689.000 65709.000 65732.000 65743.000
   160: 65795.000 67135.000 67161.000 67181.000 67199.000
   165: 67226.000 67261.000 67281.000 67287.000 68462.000
   170: 68480.000 68495.000 68511.000 68534.000 68568.000
   175: 68595.000 68611.000 68635.000 70063.000 70073.000
   180: 70089.000 70108.000 70132.000 70151.000 70180.000
   185: 70198.000 70225.000 71284.000 71298.000 71330.000
   190: 71346.000 71380.000 71393.000 71842.000 71859.000
   195: 71876.000 71897.000 71921.000 71939.000 71965.000
   200: 71993.000 72006.000 73288.000 73301.000 73397.000
   205: 73409.000 73430.000 73485.000 77305.000 77336.000
   210: 77360.000 77379.000 77399.000 77421.000 77462.000
   215: 77833.000 77846.000 77863.000 77880.000 77907.000
   220: 77922.000 77943.000 77962.000 80238.000 80249.000
   225: 80268.000 80302.000 80316.000 80337.000 80357.000
   230: 80377.000 80427.000 82216.000 82242.000 82254.000
   235: 82273.000 82293.000 82315.000 82334.000 82364.000
   240: 82388.000 82402.000 82427.000 84004.000 84029.000
   245: 84052.000 84069.000 84091.000 84127.000 84180.000
   250: 84203.000 86059.000 86078.000 86095.000 86116.000
   255: 86149.000 86172.000 86187.000 86217.000 86234.000
   260: 87993.000 88007.000 88025.000 88061.000 88079.000
   265: 88128.000 88148.000 88597.000 88611.000 88625.000
   270: 91374.000 91388.000 91404.000 91427.000 91450.000
   275: 91464.000 91489.000 91523.000 91539.000 91561.000
   280: 93757.000 93779.000 93794.000 93813.000 93840.000
   285: 93868.000 93889.000 93924.000 93966.000 95703.000
   290: 95728.000 95741.000 95760.000 95782.000 95802.000
   295: 95819.000 95850.000 95881.000 97546.000 97560.000
   300: 97577.000 97599.000 97637.000 97647.000 97674.000
   305: 97692.000 97704.000 97719.000 98761.000 98783.000
   310: 98790.000 98802.000 98820.000 98837.000 98857.000
   315: 98885.000 98895.000 98920.000 100440.000 100461.000
   320: 100480.000 100498.000 100527.000 100549.000 100567.000
   325: 100590.000 100605.000 102344.000 102359.000 102375.000
   330: 102397.000 102442.000 102467.000 102484.000 102523.000
   335: 103849.000 103869.000 103891.000 103944.000 103956.000
   340: 103977.000 104728.000 104746.000 104761.000 104779.000
   345: 104799.000 104821.000 104837.000 104853.000 104867.000
   350: 104887.000 104913.000 109150.000 109169.000 109189.000
   355: 109208.000 109234.000 109261.000 109282.000 109316.000
   360: 109327.000 109342.000 109360.000 110970.000 110999.000
   365: 111018.000 111039.000 111056.000 111076.000 111115.000
   370: 111126.000 111146.000 112893.000 112928.000 112949.000
   375: 112993.000 113012.000 113211.000 113229.000 113257.000
   380: 118737.000 122361.000 129718.000 129737.000 129783.000
   385: 135848.000 135872.000 135890.000 135911.000 135937.000
   390: 135955.000 136001.000 136058.000 139089.000 139110.000
   395: 139120.000 139136.000 139154.000 139217.000 139246.000
   400: 139267.000 141058.000 141127.000 141143.000 141164.000
   405: 141183.000 141250.000 142229.000 142239.000 142259.000
   410: 142280.000 142305.000 142325.000 142336.000 142349.000
   415: 142367.000 142391.000 142430.000 142457.000 144214.000
   420: 144243.000 144260.000 144279.000 144301.000 144327.000
   425: 144335.000 144352.000 144421.000 145722.000 145750.000
   430: 145773.000 145789.000 145806.000 145828.000 145914.000
   435: 145954.000 147890.000 147907.000 147926.000 147958.000
   440: 148079.000 148101.000 148134.000 148156.000 157837.000
   445: 161028.000 161284.000 165307.000 176703.000 176726.000
   450: 176739.000 176795.000 176809.000 176826.000 176848.000
   455: 176874.000 176891.000 176910.000 176921.000 179801.000
   460: 179821.000 179851.000 179873.000 179888.000 179906.000
   465: 179951.000 179970.000 181767.000 181805.000 181821.000
   470: 181852.000 181872.000 182100.000 182181.000 182281.000
   475: 182303.000 182314.000 182337.000 182375.000 184284.000
   480: 184298.000 184318.000 184352.000 184372.000 184394.000
   485: 184417.000 184453.000 184461.000 186338.000 186352.000
   490: 186369.000 186391.000 186414.000 186421.000 186442.000
   495: 186466.000 186478.000 186494.000 188923.000 188960.000
   500: 188981.000 189001.000 189025.000 189049.000 189063.000
   505: 189084.000 189122.000 190926.000 190986.000 191001.000
   510: 191023.000 191047.000 191082.000 191105.000 191115.000
   515: 191158.000 193450.000 193463.000 193485.000 193503.000
   520: 193523.000 193578.000 193596.000 194106.000 194115.000
   525: 194131.000 194156.000 194180.000 194207.000 194223.000
   530: 194242.000 195894.000 195917.000 195929.000 195945.000
   535: 195968.000 195994.000 196018.000 196032.000 196055.000
   540: 197922.000 197958.000 197977.000 198009.000 198035.000
   545: 198050.000 198070.000 198127.000 198148.000 198166.000
   550: 198246.000 216564.000 216581.000 216601.000 216617.000
   555: 216644.000 216659.000 216676.000 216711.000 216887.000
   560: 216900.000 216922.000 216956.000 219698.000 220335.000
   565: 233087.000 247127.000 247173.000 247865.000 263053.000
   570: 263083.000 263095.000 263137.000 263150.000 263165.000
   575: 263189.000 263316.000 263332.000 263352.000 273540.000
   580: 273552.000 273572.000 273587.000 273604.000 273629.000
   585: 273644.000 274404.000 274432.000 274442.000 275491.000
   590: 275525.000 279693.000 290809.000 291207.000 291220.000
   595: 291239.000 291259.000 291291.000 291351.000 291612.000
   600: 291623.000 291642.000 291658.000 291692.000 291711.000
   605: 291734.000 294362.000 294375.000 294394.000 294416.000
   610: 294495.000 294787.000 294801.000 294816.000 294834.000
   615: 294852.000 294905.000 294928.000 297164.000 297178.000
   620: 297196.000 297200.000 297216.000 297238.000 297254.000
   625: 297279.000 297301.000 297313.000 297330.000 297372.000
   630: 299494.000 299514.000 299531.000 299557.000 299579.000
   635: 299596.000 299629.000 299648.000 299679.000 301687.000
   640: 301717.000 301735.000 301753.000 301779.000 301812.000
   645: 301891.000 301939.000 301953.000 301984.000 304312.000
   650: 304325.000 304340.000 304364.000 304387.000 304409.000
   655: 304436.000 304446.000 304476.000 304499.000 306648.000
   660: 306660.000 306679.000 306703.000 306732.000 306768.000
   665: 306780.000 306799.000 306813.000 306854.000 308280.000
   670: 308311.000 308324.000 308344.000 308388.000 308398.000
   675: 308459.000 310053.000 310086.000 310094.000 310128.000
   680: 310244.000 310426.000 310783.000 310801.000 310815.000
   685: 310836.000 310854.000 310873.000 310908.000 310930.000
   690: 310944.000 310965.000 310988.000 313028.000 313069.000
   695: 313090.000 313110.000 313129.000 313151.000 313183.000
   700: 313196.000 313217.000 313228.000 313256.000 314948.000
   705: 314962.000 314981.000 314993.000 315005.000 315027.000
   710: 315063.000 315095.000 315122.000 315154.000 316708.000
   715: 316733.000 316745.000 316764.000 316789.000 316816.000
   720: 316837.000 316885.000 316907.000 318682.000 318708.000
   725: 318720.000 318737.000 318786.000 318799.000 319679.000
   730: 319700.000 319719.000 319745.000 319770.000 319803.000
   735: 319822.000 319846.000 319881.000 319919.000 321886.000
   740: 321900.000 321919.000 321941.000 321959.000 321988.000
   745: 321998.000 322048.000 322064.000 323741.000 323758.000
   750: 323775.000 323799.000 323948.000 323964.000 324008.000
   755: 324130.000 324139.000 334772.000 334787.000 334824.000
   760: 334843.000 334949.000 334977.000 334993.000 335015.000
   765: 338232.000 338244.000 338255.000 338272.000 338292.000
   770: 338346.000 338359.000 338377.000 340152.000 340171.000
   775: 340188.000 340207.000 340230.000 340270.000 340291.000
   780: 340314.000 340387.000 340404.000 340424.000 342347.000
   785: 342358.000 342378.000 342397.000 342492.000 343035.000
   790: 343053.000 343070.000 343091.000 343117.000 343140.000
   795: 343193.000 343210.000 343263.000 345570.000 345595.000
   800: 345610.000 345633.000 345657.000 345677.000 345715.000
   805: 345727.000 345745.000 345777.000 345804.000 345817.000
   810: 345840.000 345857.000 348020.000 348049.000 348073.000
   815: 348090.000 348109.000 348130.000 348151.000 348171.000
   820: 348198.000 348215.000 348224.000 348245.000 350064.000
   825: 350078.000 350096.000 350116.000 350142.000 350168.000
   830: 350192.000 350209.000 350229.000 350315.000 354391.000
   835: 354400.000 354410.000 354432.000 354450.000
D:
     0: 20326.000 25985.000 34151.000 38197.000 43724.000
     5: 46457.000 51378.000 53665.000 56129.000 57267.000
    10: 61930.000 63810.000 65743.000 67287.000 68611.000
    15: 70198.000 71993.000 77962.000 80377.000 82364.000
    20: 84203.000 86217.000 91523.000 93924.000 95850.000
    25: 97692.000 98885.000 100590.000 102523.000 104853.000
    30: 109316.000 111126.000 113257.000 136058.000 139267.000
    35: 142349.000 144352.000 145954.000 148156.000 176874.000
    40: 179970.000 182281.000 184453.000 186466.000 189084.000
    45: 191115.000 194242.000 196032.000 198127.000 216711.000
    50: 263316.000 291612.000 294816.000 297279.000 299648.000
    55: 301939.000 304446.000 306799.000 310801.000 313196.000
    60: 315095.000 316885.000 319846.000 322048.000 324130.000
    65: 335015.000 338377.000 340314.000 343210.000 345727.000
    70: 348171.000 350209.000
E:
     0: 2618.000 14504.000 14556.000 18894.000 18914.000
     5: 20714.000 20799.000 20804.000 20936.000 20945.000
    10: 23307.000 23321.000 25600.000 26170.000 26176.000
    15: 26286.000 27428.000 27448.000 28607.000 28618.000
    20: 29974.000 30037.000 31868.000 31877.000 32983.000
    25: 33762.000 34355.000 36059.000 36788.000 37039.000
    30: 37860.000 37885.000 38324.000 40210.000 40971.000
    35: 42478.000 42499.000 43216.000 43848.000 45666.000
    40: 46596.000 47912.000 48802.000 49804.000 49826.000
    45: 51538.000 53192.000 53834.000 54598.000 54606.000
    50: 54612.000 54785.000 54876.000 54918.000 54927.000
    55: 56284.000 57413.000 57432.000 58941.000 58970.000
    60: 61547.000 62059.000 62063.000 63943.000 65916.000
    65: 65932.000 67437.000 68730.000 70294.000 70323.000
    70: 71486.000 71500.000 72129.000 73568.000 73572.000
    75: 75736.000 77639.000 77644.000 78115.000 78178.000
    80: 80484.000 80532.000 80541.000 80549.000 82535.000
    85: 83828.000 84304.000 86354.000 87630.000 88244.000
    90: 88267.000 90845.000 91621.000 91709.000 93350.000
    95: 93406.000 94066.000 95415.000 95444.000 95982.000
   100: 96011.000 97806.000 97813.000 98996.000 99020.000
   105: 100720.000 100730.000 102602.000 102628.000 104097.000
   110: 105158.000 106799.000 106982.000 107002.000 108639.000
   115: 108646.000 109427.000 109445.000 111215.000 111232.000
   120: 111251.000 113364.000 114755.000 114782.000 117668.000
   125: 121297.000 130312.000 136145.000 136151.000 136172.000
   130: 139423.000 141400.000 142524.000 144515.000 146042.000
   135: 146060.000 148246.000 148264.000 158123.000 170794.000
   140: 173531.000 173537.000 173542.000 177056.000 180068.000
   145: 182441.000 182450.000 182465.000 184562.000 186589.000
   150: 188075.000 188085.000 188183.000 188203.000 188241.000
   155: 189229.000 190670.000 191221.000 191245.000 191521.000
   160: 191540.000 192840.000 193077.000 193811.000 193857.000
   165: 194336.000 194373.000 196157.000 196176.000 196201.000
   170: 196209.000 198361.000 198713.000 198797.000 207624.000
   175: 217026.000 217050.000 233543.000 233557.000 233574.000
   180: 233602.000 233890.000 240050.000 240061.000 240082.000
   185: 253694.000 253698.000 253742.000 263476.000 265221.000
   190: 265286.000 272648.000 273818.000 273821.000 278870.000
   195: 279409.000 285675.000 285722.000 285733.000 289247.000
   200: 291892.000 292111.000 292154.000 293596.000 293990.000
   205: 295042.000 296311.000 296623.000 296638.000 297002.000
   210: 297434.000 297443.000 297472.000 297842.000 299805.000
   215: 299970.000 301411.000 302047.000 302085.000 302108.000
   220: 302128.000 303739.000 304556.000 304580.000 304602.000
   225: 304611.000 306935.000 306947.000 306952.000 306963.000
   230: 308528.000 308639.000 308644.000 308647.000 308663.000
   235: 308765.000 308791.000 309553.000 311087.000 313375.000
   240: 315222.000 315269.000 316973.000 316998.000 317003.000
   245: 317024.000 319005.000 320014.000 320024.000 320251.000
   250: 320378.000 322171.000 322203.000 322404.000 322572.000
   255: 322608.000 324214.000 324261.000 324280.000 324287.000
   260: 334542.000 334577.000 334582.000 335197.000 335477.000
   265: 338511.000 338525.000 340491.000 340513.000 342625.000
   270: 342672.000 343327.000 343367.000 343375.000 345934.000
   275: 346659.000 347689.000 347705.000 347714.000 348416.000
   280: 348766.000 348784.000 350420.000 353278.000
Q:
     0: 19801.000 31565.000 33980.000 42912.000 43574.000
     5: 51188.000 55968.000 57125.000 63598.000 65614.000
    10: 68462.000 71842.000 73288.000 77833.000 82216.000
    15: 86059.000 88597.000 93757.000 98761.000 102344.000
    20: 103849.000 109150.000 112893.000 135848.000 141058.000
    25: 144214.000 145722.000 161028.000 179801.000 181767.000
    30: 186338.000 193450.000 194106.000 197922.000 219698.000
    35: 263053.000 279693.000 294362.000 297164.000 304312.000
    40: 308280.000 313028.000 314948.000 319679.000 321886.000
    45: 338232.000 340152.000 345570.000 348020.000 354391.000
