File: C:\MED-PC\Data\2019-07-26_11h33m_Subject 19008.txt


Start Date: 07/26/19
End Date: 07/26/19
Subject: 19008
Experiment: 
Group: 1
Box: 1
Start Time: 11:33:05
End Time: 12:35:45
MSN: FR8 8p First Lever Laser 50
B:   8.000
F:   2.000
H: 580.000
L: 1022.000
R:  63.000
U:  50.000
V: 336.000
A:
     0:    0.000    1.000
C:
     0: 44616.000 44722.000 44732.000 44745.000 44767.000
     5: 45848.000 45886.000 45990.000 46166.000 46183.000
    10: 46382.000 46411.000 46425.000 46499.000 46625.000
    15: 47377.000 47394.000 47410.000 47427.000 47504.000
    20: 47523.000 47542.000 47558.000 47765.000 47786.000
    25: 47801.000 47820.000 47837.000 47857.000 47923.000
    30: 47951.000 47971.000 48013.000 48029.000 48105.000
    35: 50761.000 50914.000 50935.000 50967.000 55293.000
    40: 55363.000 58779.000 59376.000 59391.000 59409.000
    45: 59422.000 59458.000 60032.000 60111.000 60143.000
    50: 60154.000 60198.000 60208.000 60222.000 60687.000
    55: 60702.000 60721.000 60740.000 60762.000 60783.000
    60: 60803.000 60826.000 61240.000 61254.000 61270.000
    65: 61304.000 61325.000 61339.000 61434.000 63273.000
    70: 63336.000 63350.000 63366.000 63410.000 63426.000
    75: 63444.000 63460.000 63916.000 63929.000 63943.000
    80: 63956.000 63986.000 63998.000 64012.000 64032.000
    85: 65364.000 65400.000 65413.000 65427.000 65447.000
    90: 65466.000 65494.000 65550.000 65564.000 67191.000
    95: 67205.000 67221.000 67244.000 67262.000 67325.000
   100: 67780.000 67800.000 67810.000 67855.000 67906.000
   105: 69405.000 69424.000 69466.000 69522.000 69534.000
   110: 69549.000 70271.000 70310.000 70321.000 70425.000
   115: 70438.000 70448.000 70469.000 70474.000 71928.000
   120: 72147.000 72159.000 72174.000 72192.000 72224.000
   125: 72514.000 72527.000 72544.000 72560.000 72591.000
   130: 74351.000 74417.000 74443.000 74466.000 74477.000
   135: 74666.000 74682.000 74699.000 74954.000 74969.000
   140: 74984.000 75016.000 75042.000 76468.000 76478.000
   145: 76494.000 76520.000 76535.000 76553.000 76583.000
   150: 77497.000 77581.000 77640.000 84741.000 84784.000
   155: 84794.000 84812.000 84832.000 84853.000 84871.000
   160: 84892.000 84908.000 85076.000 85087.000 85101.000
   165: 85119.000 85154.000 85311.000 85328.000 86637.000
   170: 86712.000 86810.000 86825.000 86840.000 86857.000
   175: 86874.000 87224.000 87239.000 87293.000 88699.000
   180: 88764.000 88787.000 88825.000 89550.000 89571.000
   185: 89581.000 89597.000 89625.000 89636.000 89669.000
   190: 89691.000 89708.000 89731.000 91337.000 91348.000
   195: 91368.000 91389.000 91425.000 91480.000 91497.000
   200: 91514.000 91531.000 91550.000 91775.000 91788.000
   205: 91803.000 91820.000 91838.000 91873.000 91886.000
   210: 91903.000 91930.000 93170.000 93226.000 93256.000
   215: 93314.000 93328.000 93345.000 93365.000 93536.000
   220: 93554.000 93572.000 93617.000 93627.000 93677.000
   225: 93697.000 93738.000 93765.000 94914.000 94962.000
   230: 95048.000 95067.000 95827.000 95849.000 95863.000
   235: 95882.000 95903.000 95924.000 95944.000 95995.000
   240: 96011.000 96030.000 96049.000 96093.000 96111.000
   245: 97335.000 97353.000 97364.000 97379.000 97409.000
   250: 97423.000 97440.000 97475.000 97485.000 99301.000
   255: 99351.000 99363.000 99374.000 99387.000 99414.000
   260: 99432.000 99496.000 100693.000 100747.000 100763.000
   265: 100782.000 100847.000 100866.000 100880.000 100897.000
   270: 100924.000 100933.000 101360.000 101372.000 101396.000
   275: 101409.000 101444.000 102783.000 102818.000 102834.000
   280: 102848.000 102866.000 102884.000 102944.000 102958.000
   285: 102977.000 102997.000 103022.000 103242.000 103252.000
   290: 104252.000 104281.000 104379.000 104392.000 104416.000
   295: 104460.000 104475.000 105107.000 105153.000 105246.000
   300: 105262.000 105715.000 105761.000 105776.000 105791.000
   305: 105806.000 105842.000 105860.000 105879.000 106031.000
   310: 106060.000 106071.000 106088.000 106107.000 106159.000
   315: 106271.000 106284.000 106299.000 107176.000 107247.000
   320: 107262.000 107279.000 107307.000 107317.000 107331.000
   325: 107368.000 107383.000 107400.000 107443.000 109022.000
   330: 109132.000 109191.000 109210.000 109299.000 109305.000
   335: 109597.000 109612.000 109629.000 109715.000 109793.000
   340: 117622.000 119532.000 119564.000 119614.000 119709.000
   345: 119812.000 119850.000 120199.000 120211.000 120228.000
   350: 120251.000 120264.000 120298.000 120322.000 120347.000
   355: 121726.000 121763.000 121777.000 121798.000 121835.000
   360: 121841.000 122073.000 122087.000 122325.000 122364.000
   365: 122376.000 122390.000 122419.000 123751.000 123792.000
   370: 123952.000 124045.000 124337.000 125515.000 125588.000
   375: 125653.000 125684.000 125698.000 125722.000 125733.000
   380: 126159.000 126175.000 126258.000 126334.000 126723.000
   385: 126754.000 126782.000 126795.000 126847.000 126866.000
   390: 126876.000 126904.000 127156.000 127177.000 127199.000
   395: 127213.000 127245.000 127291.000 127305.000 127333.000
   400: 127348.000 127368.000 128463.000 128526.000 128546.000
   405: 128560.000 128575.000 128610.000 128641.000 129217.000
   410: 129233.000 129247.000 129256.000 129282.000 129300.000
   415: 129332.000 129460.000 129560.000 129573.000 129591.000
   420: 129609.000 129629.000 129814.000 129829.000 129860.000
   425: 130753.000 131024.000 131388.000 131396.000 131476.000
   430: 150572.000 155718.000 155759.000 155773.000 155787.000
   435: 155803.000 155827.000 155840.000 156137.000 156179.000
   440: 156196.000 156215.000 156233.000 156288.000 156304.000
   445: 156325.000 156347.000 156490.000 156741.000 156753.000
   450: 156768.000 156814.000 158273.000 158332.000 158344.000
   455: 158360.000 158378.000 158398.000 158428.000 158576.000
   460: 158595.000 158608.000 158627.000 158646.000 158726.000
   465: 158741.000 158759.000 158777.000 158854.000 158878.000
   470: 161689.000 161702.000 161717.000 161735.000 161760.000
   475: 161772.000 161787.000 161818.000 164086.000 164138.000
   480: 164183.000 164199.000 164216.000 164255.000 164278.000
   485: 164303.000 164333.000 164368.000 164414.000 164696.000
   490: 164716.000 164733.000 167628.000 168167.000 168182.000
   495: 168195.000 168211.000 168232.000 168253.000 168274.000
   500: 168280.000 168400.000 168423.000 168437.000 168453.000
   505: 168469.000 168486.000 168508.000 168528.000 168551.000
   510: 168600.000 168737.000 168753.000 170139.000 170153.000
   515: 170170.000 170193.000 170201.000 170217.000 170237.000
   520: 170257.000 172121.000 172133.000 172150.000 172170.000
   525: 172195.000 172215.000 172238.000 172300.000 172685.000
   530: 172701.000 172752.000 174136.000 174164.000 174178.000
   535: 174194.000 174261.000 174304.000 175007.000 175034.000
   540: 175050.000 175068.000 175079.000 175114.000 175544.000
   545: 175569.000 175583.000 175597.000 175634.000 175646.000
   550: 175666.000 178285.000 178295.000 178309.000 178328.000
   555: 178398.000 178413.000 180275.000 180309.000 180323.000
   560: 180337.000 180355.000 180374.000 180396.000 180406.000
   565: 180424.000 180446.000 180458.000 180474.000 180506.000
   570: 181859.000 182116.000 182539.000 182573.000 182606.000
   575: 182617.000 183497.000 183546.000 183770.000 183979.000
   580: 198581.000 198594.000 198610.000 198627.000 198648.000
   585: 198671.000 198733.000 198978.000 198992.000 199015.000
   590: 199029.000 199156.000 199177.000 199192.000 199228.000
   595: 200742.000 200800.000 200816.000 200830.000 200852.000
   600: 200873.000 200911.000 200956.000 201104.000 201118.000
   605: 201138.000 201154.000 201338.000 201351.000 201398.000
   610: 201414.000 202922.000 202957.000 202972.000 202995.000
   615: 203008.000 203028.000 203044.000 203700.000 203734.000
   620: 203745.000 203761.000 203779.000 203808.000 203829.000
   625: 204059.000 204075.000 204092.000 204112.000 204135.000
   630: 204163.000 204183.000 204283.000 204301.000 204334.000
   635: 205454.000 205464.000 205485.000 205498.000 205580.000
   640: 205593.000 205619.000 206592.000 206610.000 206626.000
   645: 206644.000 206664.000 206690.000 206716.000 206736.000
   650: 207220.000 207234.000 207250.000 207268.000 207292.000
   655: 208770.000 208805.000 208841.000 208856.000 208882.000
   660: 209449.000 209486.000 209498.000 209515.000 209535.000
   665: 209556.000 209573.000 209593.000 209621.000 209643.000
   670: 211083.000 211098.000 211109.000 211129.000 211150.000
   675: 211179.000 211204.000 211268.000 211302.000 211527.000
   680: 211672.000 211684.000 211717.000 211745.000 212795.000
   685: 212830.000 212840.000 212853.000 212868.000 212887.000
   690: 212906.000 212929.000 212946.000 213071.000 213359.000
   695: 213371.000 213434.000 213450.000 213458.000 214749.000
   700: 214788.000 214800.000 214880.000 214892.000 214908.000
   705: 214944.000 214954.000 216538.000 216609.000 216625.000
   710: 216641.000 216659.000 216680.000 216696.000 216714.000
   715: 218053.000 218124.000 218196.000 218439.000 218734.000
   720: 218750.000 218786.000 218811.000 218820.000 218834.000
   725: 218874.000 218890.000 218915.000 221078.000 221137.000
   730: 221280.000 221420.000 221494.000 221703.000 221717.000
   735: 221743.000 221751.000 221789.000 222820.000 222891.000
   740: 223036.000 240081.000 240736.000 240760.000 240788.000
   745: 241827.000 241870.000 241885.000 241911.000 241949.000
   750: 241966.000 242012.000 242044.000 243992.000 244053.000
   755: 244077.000 244093.000 244107.000 244124.000 244141.000
   760: 244159.000 244174.000 244628.000 244653.000 244664.000
   765: 244680.000 244722.000 244751.000 246659.000 246673.000
   770: 246690.000 246733.000 246738.000 246752.000 247328.000
   775: 247336.000 247353.000 247372.000 247388.000 247407.000
   780: 247430.000 247454.000 247474.000 247501.000 247520.000
   785: 247532.000 247549.000 247583.000 247612.000 247652.000
   790: 247973.000 249183.000 249204.000 249219.000 249230.000
   795: 249243.000 249260.000 249317.000 249329.000 249343.000
   800: 249360.000 249378.000 249396.000 249434.000 250703.000
   805: 250792.000 250805.000 250821.000 250838.000 250857.000
   810: 250878.000 250898.000 250938.000 251026.000 251048.000
   815: 251069.000 251093.000 251118.000 251144.000 251282.000
   820: 251295.000 251318.000 252764.000 252777.000 252792.000
   825: 252809.000 252832.000 252842.000 252856.000 252873.000
   830: 253890.000 253912.000 253931.000 253944.000 253969.000
   835: 253989.000 254012.000 254035.000 254058.000 254083.000
   840: 254106.000 254345.000 254359.000 254376.000 254397.000
   845: 254416.000 254436.000 254466.000 254481.000 254489.000
   850: 254509.000 255589.000 255603.000 255621.000 255643.000
   855: 255657.000 255675.000 255696.000 255740.000 256877.000
   860: 257050.000 257099.000 260359.000 260394.000 260408.000
   865: 260615.000 260631.000 260649.000 260665.000 260705.000
   870: 260731.000 260751.000 260775.000 260847.000 260871.000
   875: 260897.000 260940.000 260959.000 260982.000 278553.000
   880: 278597.000 278611.000 278626.000 278647.000 278666.000
   885: 278683.000 278701.000 278716.000 278737.000 278806.000
   890: 278821.000 278841.000 278860.000 278877.000 278903.000
   895: 278925.000 279144.000 279160.000 279176.000 279195.000
   900: 279273.000 280692.000 280708.000 280722.000 280750.000
   905: 280767.000 280788.000 280799.000 280815.000 280839.000
   910: 282341.000 282367.000 282399.000 282412.000 282428.000
   915: 282453.000 282474.000 283248.000 283263.000 283279.000
   920: 283298.000 283318.000 283338.000 283368.000 283400.000
   925: 283420.000 283447.000 283494.000 283725.000 283741.000
   930: 283760.000 283780.000 283800.000 283820.000 283835.000
   935: 283858.000 284924.000 284999.000 285054.000 285070.000
   940: 285091.000 285161.000 285534.000 285548.000 285564.000
   945: 285592.000 287239.000 287270.000 287285.000 287306.000
   950: 287321.000 287352.000 287950.000 287990.000 288004.000
   955: 288019.000 288039.000 288059.000 288078.000 288097.000
   960: 288123.000 288142.000 288165.000 288197.000 288220.000
   965: 288244.000 288266.000 288293.000 288526.000 288540.000
   970: 288558.000 288577.000 289505.000 289590.000 289607.000
   975: 289628.000 289663.000 289706.000 289779.000 307850.000
   980: 307887.000 307900.000 307914.000 307932.000 307962.000
   985: 307983.000 308284.000 308309.000 308322.000 308341.000
   990: 308403.000 308422.000 308697.000 308873.000 308883.000
   995: 308900.000 308928.000 308956.000 308972.000 309006.000
  1000: 309031.000 312845.000 339282.000 339406.000 339536.000
  1005: 339563.000 339574.000 339589.000 339610.000 339615.000
  1010: 339632.000 339642.000 339654.000 339905.000 339921.000
  1015: 339952.000 340013.000 340022.000 340033.000 340062.000
  1020: 340078.000 356306.000
D:
     0: 46425.000 47558.000 60826.000 63460.000 65550.000
     5: 67800.000 70474.000 72527.000 74699.000 84892.000
    10: 87224.000 89691.000 91514.000 93536.000 95995.000
    15: 97475.000 99496.000 100897.000 102958.000 105879.000
    20: 107368.000 109612.000 120347.000 122087.000 126904.000
    25: 129460.000 156325.000 158576.000 161818.000 164303.000
    30: 168280.000 170257.000 172300.000 175569.000 180406.000
    35: 198978.000 200956.000 204059.000 206736.000 209593.000
    40: 211268.000 212929.000 214954.000 216714.000 218811.000
    45: 221743.000 242044.000 244159.000 247454.000 249329.000
    50: 250898.000 252873.000 254035.000 255740.000 260705.000
    55: 278701.000 280815.000 283400.000 285548.000 288097.000
    60: 308284.000 309006.000 339615.000
E:
     0: 6579.000 6604.000 6628.000 7562.000 7843.000
     5: 8376.000 27254.000 29724.000 39116.000 39134.000
    10: 39383.000 41595.000 43304.000 43891.000 44913.000
    15: 46835.000 47195.000 47198.000 48256.000 49220.000
    20: 49295.000 49300.000 49714.000 51119.000 51191.000
    25: 51724.000 51753.000 52089.000 53085.000 54021.000
    30: 54033.000 54050.000 54089.000 54459.000 58873.000
    35: 58895.000 58913.000 59536.000 59561.000 60325.000
    40: 60377.000 61549.000 62671.000 62790.000 64113.000
    45: 64449.000 64455.000 64471.000 64486.000 64502.000
    50: 65128.000 65635.000 65796.000 65811.000 65826.000
    55: 67961.000 67969.000 69220.000 69630.000 70548.000
    60: 72678.000 72830.000 72843.000 72859.000 72873.000
    65: 72887.000 72902.000 72916.000 72925.000 72931.000
    70: 72943.000 72959.000 72966.000 72973.000 72981.000
    75: 72987.000 73002.000 73010.000 73017.000 73048.000
    80: 73061.000 73075.000 73085.000 73090.000 73098.000
    85: 73103.000 73118.000 73134.000 73150.000 73165.000
    90: 73180.000 73195.000 73210.000 73255.000 74053.000
    95: 75115.000 76047.000 76658.000 76664.000 77174.000
   100: 77209.000 77227.000 77720.000 77784.000 77792.000
   105: 77814.000 77853.000 77858.000 77872.000 80012.000
   110: 81939.000 81961.000 84588.000 85426.000 85431.000
   115: 85571.000 85583.000 85626.000 85639.000 85653.000
   120: 85764.000 85779.000 85793.000 85838.000 85853.000
   125: 85864.000 85869.000 87342.000 87364.000 87683.000
   130: 88914.000 89001.000 89010.000 89015.000 89029.000
   135: 89792.000 89847.000 92003.000 92054.000 92067.000
   140: 92079.000 93822.000 93880.000 93893.000 93905.000
   145: 93987.000 93991.000 94001.000 94015.000 94029.000
   150: 94073.000 95114.000 96244.000 97551.000 97606.000
   155: 97617.000 97631.000 97645.000 97660.000 97673.000
   160: 97681.000 97687.000 97702.000 97715.000 97771.000
   165: 98046.000 99048.000 99573.000 99642.000 101520.000
   170: 101667.000 101680.000 101693.000 101707.000 101722.000
   175: 101749.000 101764.000 101792.000 101878.000 101892.000
   180: 101901.000 101906.000 101915.000 101921.000 101936.000
   185: 101950.000 101964.000 101979.000 102009.000 102025.000
   190: 102041.000 102055.000 102069.000 103442.000 104530.000
   195: 104595.000 105328.000 105442.000 106376.000 106421.000
   200: 106432.000 106483.000 106496.000 106594.000 106611.000
   205: 106625.000 107531.000 107570.000 107584.000 107598.000
   210: 107613.000 107625.000 107633.000 107637.000 107706.000
   215: 107995.000 108360.000 109875.000 110330.000 111494.000
   220: 114641.000 116993.000 119381.000 119899.000 119936.000
   225: 120407.000 120427.000 120444.000 122490.000 122499.000
   230: 122610.000 122616.000 122631.000 122644.000 122658.000
   235: 122674.000 122714.000 122729.000 122738.000 122744.000
   240: 122758.000 122772.000 122780.000 122786.000 122800.000
   245: 122814.000 122823.000 122827.000 122842.000 122857.000
   250: 122870.000 122885.000 122900.000 122914.000 122928.000
   255: 122941.000 124460.000 124503.000 124510.000 124515.000
   260: 125333.000 125413.000 125791.000 126393.000 126397.000
   265: 127437.000 127483.000 127495.000 128714.000 129942.000
   270: 129989.000 130001.000 130013.000 130025.000 130094.000
   275: 130108.000 130122.000 130137.000 131527.000 131662.000
   280: 131678.000 131692.000 136086.000 136371.000 142331.000
   285: 154002.000 154968.000 155936.000 155962.000 155989.000
   290: 156915.000 156935.000 157172.000 157224.000 158949.000
   295: 158984.000 159000.000 159008.000 159027.000 159040.000
   300: 159048.000 159056.000 159069.000 159086.000 159092.000
   305: 159097.000 159106.000 159110.000 160959.000 161897.000
   310: 164824.000 164872.000 164884.000 164895.000 164908.000
   315: 164915.000 164921.000 164935.000 164948.000 164961.000
   320: 164976.000 164988.000 165002.000 165018.000 165031.000
   325: 165046.000 165074.000 165089.000 165163.000 165170.000
   330: 165176.000 165191.000 165200.000 165206.000 165215.000
   335: 165220.000 165251.000 165266.000 166702.000 167715.000
   340: 168862.000 168909.000 168919.000 168923.000 168929.000
   345: 168936.000 168942.000 168949.000 168954.000 168967.000
   350: 168981.000 168996.000 169011.000 169025.000 169032.000
   355: 169038.000 169046.000 169053.000 169067.000 169081.000
   360: 169096.000 170337.000 170386.000 170401.000 172831.000
   365: 172861.000 172867.000 172872.000 172896.000 172907.000
   370: 172920.000 172934.000 172947.000 172961.000 172969.000
   375: 172975.000 172983.000 172988.000 173001.000 173045.000
   380: 173058.000 173100.000 173145.000 173159.000 173173.000
   385: 173187.000 173202.000 173217.000 173233.000 173262.000
   390: 173275.000 173292.000 173305.000 173353.000 173368.000
   395: 173590.000 174383.000 174417.000 174435.000 174449.000
   400: 175751.000 175798.000 175813.000 177909.000 178503.000
   405: 178651.000 179816.000 179831.000 180576.000 182699.000
   410: 184067.000 187996.000 188010.000 194200.000 198428.000
   415: 199281.000 199305.000 199384.000 201497.000 203096.000
   420: 204414.000 205686.000 206139.000 207389.000 207439.000
   425: 207445.000 207450.000 207462.000 207611.000 207641.000
   430: 207670.000 207683.000 207698.000 207706.000 207712.000
   435: 207727.000 208270.000 208941.000 209724.000 211816.000
   440: 211884.000 213541.000 214434.000 215022.000 216775.000
   445: 218976.000 220574.000 221886.000 223184.000 225683.000
   450: 225719.000 240893.000 240913.000 241660.000 241693.000
   455: 241706.000 242133.000 242158.000 242271.000 242283.000
   460: 243501.000 244799.000 244848.000 244860.000 244873.000
   465: 244884.000 246035.000 246044.000 246426.000 246829.000
   470: 248036.000 248089.000 248095.000 248100.000 248107.000
   475: 248112.000 248124.000 248137.000 248191.000 248222.000
   480: 248264.000 248323.000 248338.000 249505.000 251377.000
   485: 251417.000 251692.000 252932.000 254604.000 254656.000
   490: 254668.000 254902.000 254933.000 254943.000 254947.000
   495: 255068.000 255799.000 255842.000 255857.000 255885.000
   500: 255898.000 255914.000 255927.000 256101.000 256132.000
   505: 256145.000 259091.000 259296.000 259312.000 259325.000
   510: 259339.000 261048.000 263707.000 268011.000 279356.000
   515: 279371.000 279398.000 279433.000 280898.000 282541.000
   520: 282592.000 282609.000 283926.000 283940.000 283988.000
   525: 283996.000 284000.000 284014.000 284026.000 284066.000
   530: 284080.000 284095.000 284101.000 284107.000 284121.000
   535: 284311.000 284325.000 285679.000 285706.000 285712.000
   540: 285719.000 285744.000 286782.000 286789.000 287436.000
   545: 287465.000 288638.000 288655.000 288725.000 288739.000
   550: 288753.000 288765.000 288773.000 288778.000 288793.000
   555: 288807.000 288821.000 288828.000 288833.000 288849.000
   560: 289857.000 292122.000 306746.000 308487.000 309098.000
   565: 309149.000 309194.000 309208.000 309221.000 309625.000
   570: 311011.000 315377.000 320866.000 321537.000 321559.000
   575: 340174.000 340391.000 340417.000 345611.000 356013.000
Q:
     0: 45848.000 47377.000 55293.000 60687.000 63273.000
     5: 67191.000 71928.000 74351.000 84741.000 86637.000
    10: 91337.000 93170.000 95827.000 100693.000 102783.000
    15: 105715.000 109022.000 117622.000 121726.000 123751.000
    20: 126723.000 129217.000 130753.000 156137.000 158273.000
    25: 164086.000 168167.000 172121.000 175007.000 181859.000
    30: 198581.000 200742.000 203700.000 206592.000 211083.000
    35: 212795.000 218053.000 221078.000 240081.000 243992.000
    40: 247328.000 250703.000 253890.000 260359.000 278553.000
    45: 283248.000 284924.000 287950.000 307850.000 339282.000
