File: C:\MED-PC\Data\2019-08-03_11h25m_Subject 19009.txt


Start Date: 08/03/19
End Date: 08/03/19
Subject: 19009
Experiment: 
Group: 1
Box: 2
Start Time: 11:25:00
End Time: 12:27:09
MSN: FR8 8p First Lever Laser 50
B:   8.000
F:   1.000
H: 168.000
L: 795.000
R:  63.000
U:  52.000
V: 111.000
A:
     0:    0.000    1.000
C:
     0: 7455.000 7519.000 7556.000 7774.000 7782.000
     5: 8979.000 8998.000 9044.000 9068.000 9090.000
    10: 9147.000 9167.000 11227.000 11288.000 12858.000
    15: 12878.000 12915.000 12936.000 12995.000 13013.000
    20: 13075.000 13091.000 13112.000 15159.000 15181.000
    25: 15201.000 15215.000 15228.000 15277.000 15291.000
    30: 15299.000 17255.000 17268.000 17341.000 17355.000
    35: 17397.000 17413.000 26460.000 26497.000 26526.000
    40: 26540.000 26560.000 26583.000 26615.000 26631.000
    45: 26656.000 27111.000 27178.000 27201.000 27217.000
    50: 27242.000 27273.000 27290.000 27327.000 27345.000
    55: 27372.000 29179.000 29197.000 29209.000 29264.000
    60: 29281.000 29300.000 29326.000 29341.000 29357.000
    65: 29380.000 31220.000 31235.000 31251.000 31283.000
    70: 31302.000 31366.000 31393.000 31416.000 31428.000
    75: 32952.000 33000.000 33038.000 33077.000 33092.000
    80: 33119.000 33139.000 33155.000 34600.000 34622.000
    85: 34659.000 34675.000 34691.000 34712.000 34731.000
    90: 34792.000 36254.000 36271.000 36276.000 36314.000
    95: 36343.000 36372.000 36386.000 36406.000 36425.000
   100: 36457.000 38334.000 38346.000 38366.000 38395.000
   105: 38413.000 38430.000 38450.000 38492.000 39491.000
   110: 39507.000 39524.000 39595.000 39606.000 39616.000
   115: 39641.000 39652.000 39669.000 39685.000 39781.000
   120: 41092.000 41102.000 41115.000 41122.000 41158.000
   125: 41168.000 41181.000 41200.000 41219.000 41252.000
   130: 42328.000 42339.000 42354.000 42389.000 42406.000
   135: 42426.000 42440.000 42463.000 42493.000 42507.000
   140: 42534.000 42541.000 42563.000 43392.000 43404.000
   145: 43424.000 43490.000 43513.000 43548.000 43557.000
   150: 43574.000 47465.000 47491.000 47524.000 50008.000
   155: 50096.000 50119.000 50143.000 50161.000 50182.000
   160: 50199.000 50257.000 50298.000 50314.000 50340.000
   165: 53074.000 53094.000 53125.000 53142.000 53159.000
   170: 53234.000 53256.000 53272.000 53284.000 53290.000
   175: 53302.000 54515.000 54533.000 54553.000 54584.000
   180: 54607.000 54637.000 54658.000 54674.000 54693.000
   185: 54725.000 55528.000 55551.000 55570.000 55603.000
   190: 55647.000 55661.000 55703.000 56183.000 56200.000
   195: 56215.000 56280.000 56336.000 56361.000 56373.000
   200: 56400.000 56412.000 58609.000 58629.000 58653.000
   205: 58671.000 58676.000 58695.000 58711.000 58732.000
   210: 58795.000 58813.000 58843.000 59603.000 59621.000
   215: 59630.000 59650.000 59674.000 59723.000 59744.000
   220: 59776.000 59797.000 60775.000 60787.000 60804.000
   225: 60823.000 60850.000 60861.000 60882.000 60959.000
   230: 64947.000 67962.000 68042.000 70098.000 70111.000
   235: 70126.000 70174.000 70205.000 70217.000 70233.000
   240: 70280.000 70293.000 70312.000 71296.000 71406.000
   245: 71421.000 71439.000 71464.000 71481.000 71546.000
   250: 71611.000 72659.000 72754.000 72793.000 73927.000
   255: 73963.000 74002.000 74036.000 74050.000 74058.000
   260: 74077.000 74129.000 74275.000 74286.000 78235.000
   265: 78254.000 78268.000 78284.000 78309.000 78363.000
   270: 78427.000 78449.000 78466.000 78480.000 78540.000
   275: 80681.000 80710.000 80951.000 87313.000 88420.000
   280: 90489.000 100008.000 105993.000 106061.000 106120.000
   285: 106176.000 106212.000 106229.000 106590.000 106624.000
   290: 106641.000 106666.000 106693.000 106753.000 106771.000
   295: 106810.000 106829.000 107706.000 107723.000 107775.000
   300: 107797.000 107810.000 107877.000 108430.000 108445.000
   305: 108448.000 108467.000 108476.000 108496.000 108515.000
   310: 108559.000 108598.000 108619.000 109673.000 109697.000
   315: 109708.000 109724.000 109773.000 109785.000 109805.000
   320: 109836.000 109882.000 110983.000 110993.000 111019.000
   325: 111036.000 111061.000 111077.000 111093.000 111442.000
   330: 111470.000 111505.000 111516.000 111542.000 111557.000
   335: 111573.000 111593.000 111609.000 111641.000 111726.000
   340: 112525.000 112535.000 112552.000 112574.000 112610.000
   345: 112617.000 112635.000 112654.000 112690.000 112701.000
   350: 112718.000 113661.000 113679.000 113692.000 113698.000
   355: 113750.000 113765.000 113786.000 113861.000 113877.000
   360: 113892.000 113915.000 113937.000 114882.000 114919.000
   365: 115384.000 115407.000 115450.000 115455.000 115468.000
   370: 115499.000 119882.000 119900.000 119913.000 119938.000
   375: 119953.000 119968.000 119991.000 120026.000 120728.000
   380: 120757.000 120772.000 120790.000 120835.000 120856.000
   385: 120881.000 120890.000 121640.000 121658.000 121664.000
   390: 121709.000 121721.000 121747.000 121766.000 121786.000
   395: 121816.000 121829.000 121836.000 122805.000 122823.000
   400: 122837.000 122877.000 122893.000 122919.000 122952.000
   405: 123016.000 123045.000 123946.000 129544.000 131338.000
   410: 139052.000 140500.000 148295.000 148317.000 148346.000
   415: 148364.000 148408.000 148419.000 148436.000 148467.000
   420: 148482.000 148502.000 148517.000 157610.000 157705.000
   425: 157719.000 157740.000 157767.000 157783.000 157825.000
   430: 158098.000 158117.000 158131.000 158211.000 158230.000
   435: 158253.000 158269.000 158775.000 158818.000 158856.000
   440: 158892.000 158913.000 158932.000 158940.000 158969.000
   445: 158985.000 159006.000 159556.000 159583.000 159588.000
   450: 159599.000 159630.000 159671.000 159694.000 159730.000
   455: 159741.000 159776.000 159785.000 160591.000 160598.000
   460: 160613.000 160632.000 160661.000 160675.000 160696.000
   465: 160721.000 160757.000 160771.000 160833.000 161503.000
   470: 161516.000 161531.000 161631.000 161650.000 161669.000
   475: 162290.000 162650.000 166037.000 166061.000 166073.000
   480: 166083.000 166097.000 166171.000 166182.000 166229.000
   485: 166629.000 166665.000 166695.000 166715.000 166726.000
   490: 166731.000 166772.000 166786.000 166810.000 167410.000
   495: 167424.000 167434.000 167455.000 167474.000 167513.000
   500: 167527.000 167549.000 167565.000 167591.000 167607.000
   505: 168258.000 168272.000 168293.000 168333.000 168346.000
   510: 168395.000 168430.000 169009.000 169028.000 169044.000
   515: 169074.000 169090.000 169105.000 169130.000 169164.000
   520: 169179.000 177905.000 180741.000 180774.000 180806.000
   525: 180828.000 180841.000 180857.000 180897.000 180930.000
   530: 182176.000 190413.000 190573.000 190591.000 200070.000
   535: 204461.000 204538.000 204551.000 219798.000 219814.000
   540: 219895.000 219908.000 219926.000 219946.000 221638.000
   545: 221658.000 221716.000 221732.000 221753.000 221774.000
   550: 221790.000 221815.000 222466.000 222478.000 222509.000
   555: 222524.000 222546.000 222648.000 222662.000 222680.000
   560: 229461.000 229504.000 229523.000 229621.000 229634.000
   565: 229664.000 229680.000 230186.000 230205.000 230218.000
   570: 230238.000 230260.000 230293.000 230312.000 230326.000
   575: 230364.000 230408.000 241698.000 241925.000 243710.000
   580: 243733.000 243764.000 243820.000 243827.000 243854.000
   585: 243873.000 243889.000 243893.000 245554.000 245574.000
   590: 245593.000 245626.000 245639.000 245658.000 245681.000
   595: 245715.000 245732.000 247551.000 247571.000 247612.000
   600: 247646.000 247682.000 247694.000 247745.000 247761.000
   605: 258695.000 258711.000 258731.000 260197.000 260208.000
   610: 260225.000 260262.000 260276.000 260298.000 260332.000
   615: 260339.000 262430.000 262452.000 262515.000 262538.000
   620: 262563.000 262580.000 263041.000 263057.000 263098.000
   625: 263136.000 263164.000 263188.000 264913.000 264973.000
   630: 265000.000 265020.000 265041.000 265068.000 265350.000
   635: 265385.000 265401.000 265418.000 265443.000 265454.000
   640: 265469.000 265488.000 265531.000 265558.000 265571.000
   645: 265591.000 267488.000 267501.000 267515.000 267540.000
   650: 267556.000 267591.000 267603.000 267613.000 267629.000
   655: 268853.000 268874.000 268889.000 268960.000 268974.000
   660: 269023.000 269054.000 269068.000 270118.000 270140.000
   665: 270154.000 270177.000 270201.000 270224.000 270229.000
   670: 270246.000 270259.000 270279.000 270294.000 292434.000
   675: 292627.000 293634.000 293718.000 293747.000 296568.000
   680: 296586.000 296618.000 296669.000 296938.000 296972.000
   685: 296999.000 297019.000 297034.000 297052.000 297069.000
   690: 297096.000 297110.000 297132.000 297153.000 297192.000
   695: 301549.000 301567.000 301590.000 302336.000 302349.000
   700: 302362.000 302401.000 302416.000 302445.000 302474.000
   705: 302735.000 302762.000 302781.000 302801.000 302817.000
   710: 302834.000 302893.000 302904.000 304157.000 304173.000
   715: 304191.000 304213.000 304231.000 304253.000 304273.000
   720: 304302.000 304317.000 304337.000 304398.000 304426.000
   725: 304440.000 307732.000 307751.000 307789.000 307800.000
   730: 307815.000 307838.000 307853.000 313017.000 313034.000
   735: 313056.000 313091.000 313128.000 313551.000 313578.000
   740: 313619.000 313634.000 313719.000 313824.000 313844.000
   745: 314102.000 314121.000 314153.000 314209.000 314274.000
   750: 314295.000 314571.000 314582.000 314596.000 314618.000
   755: 314639.000 314677.000 314694.000 314717.000 314751.000
   760: 314798.000 325269.000 325326.000 325340.000 325355.000
   765: 339002.000 340185.000 340264.000 340282.000 340298.000
   770: 340316.000 341304.000 346617.000 346630.000 352285.000
   775: 352303.000 352360.000 352374.000 353085.000 353102.000
   780: 353153.000 353163.000 353182.000 353204.000 353232.000
   785: 353242.000 353773.000 353804.000 353851.000 353872.000
   790: 353894.000 353905.000 353983.000 357135.000 358011.000
D:
     0: 9044.000 13091.000 15299.000 26631.000 27327.000
     5: 29341.000 31416.000 33155.000 34792.000 36406.000
    10: 38492.000 39652.000 41200.000 42463.000 43574.000
    15: 50257.000 53272.000 54674.000 56400.000 58732.000
    20: 59776.000 60959.000 70280.000 71611.000 74050.000
    25: 78449.000 106810.000 108559.000 109836.000 111593.000
    30: 112654.000 113861.000 115499.000 120026.000 120890.000
    35: 121786.000 123016.000 148436.000 158969.000 159730.000
    40: 160721.000 166229.000 166786.000 167549.000 169164.000
    45: 180897.000 221815.000 222680.000 230326.000 243854.000
    50: 245715.000 247761.000 260276.000 265488.000 267613.000
    55: 269068.000 270246.000 297096.000 302904.000 304302.000
    60: 314717.000 353242.000 357135.000
E:
     0: 5718.000 9377.000 9383.000 9450.000 10780.000
     5: 12680.000 13204.000 13331.000 14656.000 15490.000
    10: 16766.000 17514.000 17595.000 20463.000 23003.000
    15: 23066.000 23105.000 23627.000 26197.000 26245.000
    20: 26819.000 27512.000 28746.000 29532.000 30969.000
    25: 30975.000 31596.000 33299.000 34200.000 34964.000
    30: 35830.000 36575.000 37863.000 38622.000 39962.000
    35: 41613.000 42729.000 43653.000 43794.000 44510.000
    40: 47654.000 47665.000 49675.000 50472.000 52586.000
    45: 53518.000 54877.000 54884.000 55825.000 56564.000
    50: 58209.000 58248.000 58962.000 59945.000 61104.000
    55: 66301.000 68928.000 69867.000 70561.000 71895.000
    60: 74381.000 77817.000 78712.000 87442.000 88075.000
    65: 97436.000 105570.000 106371.000 107104.000 107995.000
    70: 108830.000 110008.000 111212.000 111818.000 112974.000
    75: 114047.000 115627.000 120178.000 121052.000 121986.000
    80: 122153.000 123259.000 129411.000 132361.000 132575.000
    85: 140168.000 148625.000 153819.000 155847.000 157127.000
    90: 157376.000 157922.000 158437.000 159177.000 159899.000
    95: 160928.000 161815.000 164435.000 166336.000 166931.000
   100: 167733.000 167744.000 168755.000 169334.000 175366.000
   105: 181035.000 182358.000 190704.000 190738.000 204632.000
   110: 220050.000 221402.000 221921.000 221932.000 222863.000
   115: 226009.000 229890.000 229897.000 229919.000 230540.000
   120: 231927.000 237686.000 244154.000 245328.000 245839.000
   125: 247306.000 247877.000 252299.000 260461.000 262733.000
   130: 263395.000 265155.000 265717.000 267711.000 268649.000
   135: 269150.000 269828.000 270390.000 271090.000 277740.000
   140: 284685.000 289092.000 293874.000 296774.000 297281.000
   145: 301736.000 302563.000 303106.000 303789.000 304514.000
   150: 304521.000 307940.000 313225.000 313936.000 314421.000
   155: 314944.000 315875.000 325438.000 325444.000 325463.000
   160: 338340.000 340423.000 348903.000 352475.000 352495.000
   165: 353389.000 353401.000 359919.000
Q:
     0: 11227.000 12858.000 17255.000 27111.000 31220.000
     5: 34600.000 38334.000 41092.000 43392.000 53074.000
    10: 55528.000 58609.000 59603.000 64947.000 70098.000
    15: 78235.000 80681.000 100008.000 106590.000 109673.000
    20: 111442.000 112525.000 114882.000 121640.000 122805.000
    25: 139052.000 140500.000 158775.000 160591.000 162290.000
    30: 166037.000 167410.000 169009.000 190413.000 219798.000
    35: 221638.000 230186.000 245554.000 258695.000 263041.000
    40: 264913.000 267488.000 270118.000 296568.000 302336.000
    45: 304157.000 313017.000 313551.000 325269.000 339002.000
    50: 352285.000 353773.000
