File: C:\MED-PC\Data\2019-07-31_10h01m_Subject 19004.txt


Start Date: 07/31/19
End Date: 07/31/19
Subject: 19004
Experiment: 
Group: 1
Box: 4
Start Time: 10:01:00
End Time: 11:02:55
MSN: FR8 8p First Lever Laser 50
B:   8.000
F:   2.000
H: 233.000
L: 1107.000
R:  68.000
U:  77.000
V:  87.000
A:
     0:    0.000    1.000
C:
     0: 23810.000 23879.000 30854.000 30876.000 30921.000
     5: 30945.000 30961.000 30979.000 31041.000 31387.000
    10: 41649.000 41739.000 41793.000 41872.000 42003.000
    15: 42021.000 42641.000 42652.000 42679.000 42702.000
    20: 42771.000 42809.000 42844.000 46023.000 46056.000
    25: 46073.000 46115.000 46131.000 46159.000 46609.000
    30: 46617.000 46654.000 46671.000 46689.000 46706.000
    35: 46728.000 46743.000 46855.000 46864.000 46912.000
    40: 46929.000 47026.000 48257.000 48280.000 48303.000
    45: 48317.000 48343.000 48366.000 48380.000 48400.000
    50: 48423.000 50017.000 50029.000 50054.000 50069.000
    55: 50101.000 50160.000 50221.000 50351.000 53153.000
    60: 53191.000 53204.000 53267.000 53284.000 53309.000
    65: 53326.000 53390.000 53400.000 53446.000 54814.000
    70: 54819.000 54830.000 54851.000 54887.000 54926.000
    75: 55582.000 55661.000 55681.000 55715.000 55778.000
    80: 55795.000 56651.000 56670.000 56703.000 56724.000
    85: 56744.000 56764.000 56774.000 56786.000 59256.000
    90: 59288.000 59321.000 59339.000 59360.000 59381.000
    95: 59401.000 59421.000 60585.000 60613.000 60645.000
   100: 60657.000 60731.000 61704.000 61730.000 61746.000
   105: 61771.000 61790.000 61820.000 61836.000 61864.000
   110: 61889.000 63221.000 63241.000 63267.000 63278.000
   115: 63284.000 63300.000 63341.000 63500.000 63519.000
   120: 63533.000 63575.000 63599.000 63661.000 64746.000
   125: 64795.000 64855.000 64956.000 65090.000 65134.000
   130: 65965.000 65978.000 65996.000 66018.000 66024.000
   135: 66038.000 66059.000 66093.000 66126.000 67222.000
   140: 67244.000 67261.000 67307.000 69240.000 74959.000
   145: 74991.000 75007.000 75026.000 75046.000 75067.000
   150: 75457.000 75478.000 75512.000 75544.000 75560.000
   155: 75592.000 75643.000 75699.000 75753.000 77068.000
   160: 77121.000 77167.000 77197.000 77219.000 77241.000
   165: 78077.000 78110.000 78132.000 78156.000 78184.000
   170: 78207.000 78843.000 78859.000 78877.000 78891.000
   175: 78912.000 78944.000 78969.000 78993.000 79015.000
   180: 80197.000 80221.000 80239.000 80274.000 80292.000
   185: 80330.000 80347.000 80396.000 80444.000 80462.000
   190: 81779.000 81787.000 81802.000 81830.000 81845.000
   195: 81873.000 81890.000 81923.000 82938.000 82944.000
   200: 82962.000 82990.000 83004.000 83018.000 83073.000
   205: 83134.000 83147.000 84292.000 84334.000 84365.000
   210: 84396.000 84406.000 84439.000 84496.000 84530.000
   215: 85629.000 85662.000 85685.000 85710.000 85739.000
   220: 86157.000 86213.000 86235.000 86309.000 86323.000
   225: 86904.000 86919.000 86943.000 86976.000 86992.000
   230: 87024.000 87469.000 87502.000 87550.000 87568.000
   235: 87602.000 88409.000 88422.000 88434.000 88450.000
   240: 88468.000 88485.000 88509.000 88538.000 88564.000
   245: 89422.000 89444.000 89457.000 89522.000 89563.000
   250: 89578.000 89595.000 90221.000 90288.000 90305.000
   255: 90333.000 90360.000 90811.000 90861.000 90926.000
   260: 90981.000 91002.000 91111.000 91126.000 91149.000
   265: 92584.000 92633.000 92659.000 92668.000 92706.000
   270: 92725.000 92741.000 92773.000 97626.000 98251.000
   275: 98275.000 98291.000 98331.000 98356.000 98386.000
   280: 98928.000 98947.000 98997.000 99042.000 99097.000
   285: 99544.000 99572.000 99607.000 99655.000 99662.000
   290: 99676.000 100457.000 100505.000 100536.000 100548.000
   295: 100575.000 100614.000 101100.000 101133.000 101152.000
   300: 101175.000 101201.000 101221.000 101235.000 101262.000
   305: 101275.000 101316.000 102294.000 102344.000 102374.000
   310: 102406.000 103017.000 103072.000 103086.000 103131.000
   315: 103690.000 103802.000 103841.000 103858.000 103886.000
   320: 104307.000 104553.000 104628.000 104644.000 104659.000
   325: 104676.000 105276.000 105327.000 105338.000 105355.000
   330: 105382.000 105406.000 105425.000 105903.000 106026.000
   335: 106045.000 106068.000 111540.000 111594.000 111607.000
   340: 111629.000 111653.000 111703.000 111737.000 112053.000
   345: 112083.000 112102.000 112119.000 112141.000 112163.000
   350: 112187.000 113095.000 113134.000 113156.000 113182.000
   355: 113225.000 113265.000 113302.000 114824.000 114846.000
   360: 114865.000 114870.000 114913.000 114930.000 115273.000
   365: 115290.000 115318.000 115340.000 115367.000 115385.000
   370: 115413.000 115450.000 116436.000 116455.000 116494.000
   375: 116513.000 116543.000 116559.000 116697.000 117344.000
   380: 117356.000 117370.000 117410.000 117432.000 117446.000
   385: 117466.000 117747.000 117784.000 117792.000 117809.000
   390: 117859.000 117904.000 117922.000 117948.000 118883.000
   395: 118920.000 118937.000 118956.000 118967.000 118995.000
   400: 119025.000 119624.000 119654.000 119689.000 119706.000
   405: 119738.000 119781.000 119829.000 120389.000 120404.000
   410: 120430.000 120447.000 120462.000 120482.000 120508.000
   415: 120546.000 122208.000 122258.000 122274.000 122293.000
   420: 122313.000 122335.000 122718.000 122757.000 122775.000
   425: 122792.000 122812.000 122836.000 122899.000 122920.000
   430: 122938.000 122952.000 122995.000 123859.000 123884.000
   435: 123918.000 123937.000 124008.000 124029.000 124777.000
   440: 124817.000 124839.000 124856.000 124878.000 124889.000
   445: 125283.000 125397.000 125407.000 125523.000 125547.000
   450: 125596.000 126312.000 127887.000 127896.000 128051.000
   455: 136932.000 136956.000 136991.000 137039.000 137091.000
   460: 137185.000 137204.000 137244.000 138134.000 138171.000
   465: 138218.000 138231.000 138275.000 138330.000 138369.000
   470: 139181.000 139205.000 139231.000 139248.000 139280.000
   475: 139306.000 139332.000 139817.000 139847.000 139864.000
   480: 139882.000 139897.000 139910.000 139918.000 139942.000
   485: 139975.000 140918.000 140978.000 141003.000 141041.000
   490: 141088.000 141124.000 141174.000 141187.000 141225.000
   495: 142354.000 142391.000 142432.000 142444.000 142476.000
   500: 142508.000 142568.000 142644.000 143751.000 143779.000
   505: 143797.000 143819.000 143830.000 143851.000 143882.000
   510: 143902.000 143930.000 144860.000 144879.000 144899.000
   515: 144914.000 144932.000 144948.000 144964.000 144992.000
   520: 145015.000 145036.000 145899.000 145931.000 145949.000
   525: 145972.000 145994.000 146053.000 146108.000 146152.000
   530: 147270.000 147306.000 147324.000 147347.000 147364.000
   535: 147384.000 147400.000 147440.000 147461.000 148502.000
   540: 148531.000 148556.000 148577.000 148598.000 148632.000
   545: 148711.000 149303.000 149323.000 149344.000 149368.000
   550: 149377.000 149409.000 149437.000 149476.000 149534.000
   555: 149587.000 150593.000 150603.000 150621.000 150640.000
   560: 150657.000 150678.000 150718.000 151208.000 151236.000
   565: 151297.000 151386.000 151430.000 151469.000 151986.000
   570: 152010.000 152033.000 152047.000 152065.000 152093.000
   575: 152122.000 152486.000 152513.000 152558.000 152570.000
   580: 152593.000 152631.000 152666.000 152690.000 152721.000
   585: 152760.000 153603.000 153635.000 153651.000 153673.000
   590: 153683.000 153709.000 153730.000 153761.000 153801.000
   595: 154738.000 154789.000 154806.000 154895.000 154911.000
   600: 154962.000 155010.000 155047.000 155214.000 156104.000
   605: 156118.000 156159.000 156187.000 156215.000 156227.000
   610: 156281.000 156740.000 156843.000 156863.000 156881.000
   615: 156919.000 156958.000 156979.000 156990.000 166164.000
   620: 166179.000 166195.000 166213.000 166235.000 166257.000
   625: 166281.000 166296.000 166315.000 166326.000 178780.000
   630: 178816.000 178847.000 178872.000 178907.000 179042.000
   635: 179062.000 179089.000 179821.000 179839.000 179874.000
   640: 179893.000 179921.000 180326.000 180353.000 180372.000
   645: 180388.000 180409.000 180439.000 180877.000 180918.000
   650: 180935.000 180970.000 180988.000 181019.000 181141.000
   655: 181782.000 181801.000 181883.000 181900.000 181949.000
   660: 182015.000 182178.000 182604.000 182631.000 182652.000
   665: 182664.000 182688.000 182708.000 182739.000 182754.000
   670: 183498.000 183542.000 183556.000 183575.000 183614.000
   675: 183631.000 183649.000 183699.000 183759.000 183880.000
   680: 183979.000 184973.000 184998.000 185031.000 185039.000
   685: 185057.000 185070.000 185096.000 185117.000 185138.000
   690: 185162.000 186087.000 186136.000 186205.000 186236.000
   695: 186314.000 186379.000 187002.000 187037.000 187057.000
   700: 187074.000 187103.000 187118.000 187128.000 187158.000
   705: 187185.000 188082.000 188173.000 188241.000 188294.000
   710: 188333.000 188356.000 188575.000 189615.000 189665.000
   715: 189684.000 189709.000 189723.000 189736.000 189763.000
   720: 190116.000 190194.000 190224.000 190244.000 190261.000
   725: 190291.000 190335.000 190357.000 190377.000 191557.000
   730: 191603.000 191622.000 191645.000 191663.000 191679.000
   735: 192099.000 192141.000 192170.000 192188.000 192204.000
   740: 192214.000 192242.000 192577.000 192646.000 192659.000
   745: 192702.000 192757.000 193165.000 195588.000 195647.000
   750: 195667.000 195682.000 195714.000 195748.000 195777.000
   755: 195805.000 196856.000 196903.000 196918.000 196943.000
   760: 196964.000 196983.000 197431.000 197461.000 197538.000
   765: 197583.000 197595.000 197626.000 197688.000 197729.000
   770: 198047.000 198105.000 199199.000 199250.000 199267.000
   775: 199284.000 199304.000 199323.000 199342.000 199363.000
   780: 199388.000 200318.000 200402.000 200423.000 200461.000
   785: 200480.000 200511.000 200970.000 200996.000 202857.000
   790: 202870.000 202918.000 202931.000 202955.000 202996.000
   795: 203029.000 225149.000 225191.000 225208.000 225225.000
   800: 225246.000 225275.000 225296.000 225318.000 226024.000
   805: 226151.000 226184.000 226198.000 226294.000 226334.000
   810: 226456.000 227102.000 227157.000 227170.000 227190.000
   815: 227223.000 227242.000 227276.000 227328.000 227346.000
   820: 227373.000 227410.000 227555.000 229222.000 229257.000
   825: 229291.000 229309.000 229345.000 229363.000 229387.000
   830: 229904.000 229938.000 229948.000 229976.000 230013.000
   835: 230055.000 230069.000 230080.000 230111.000 231315.000
   840: 231380.000 231471.000 231506.000 231577.000 231619.000
   845: 231715.000 231766.000 233858.000 233982.000 244889.000
   850: 244996.000 245014.000 245051.000 245153.000 245811.000
   855: 245850.000 245874.000 245891.000 245931.000 245941.000
   860: 245975.000 246322.000 246334.000 246358.000 246381.000
   865: 246399.000 246421.000 246434.000 246545.000 246643.000
   870: 246664.000 246678.000 247421.000 247501.000 247549.000
   875: 247571.000 247595.000 248179.000 248204.000 248241.000
   880: 248311.000 248340.000 248373.000 248424.000 248743.000
   885: 248799.000 250154.000 250222.000 250239.000 250272.000
   890: 250318.000 250354.000 250743.000 250770.000 251885.000
   895: 251981.000 251986.000 252009.000 252025.000 252049.000
   900: 252059.000 252087.000 253051.000 253074.000 253284.000
   905: 253332.000 253352.000 253369.000 253910.000 253935.000
   910: 253961.000 254001.000 254014.000 254036.000 254052.000
   915: 254091.000 254124.000 254188.000 254295.000 255345.000
   920: 255422.000 255464.000 255482.000 255501.000 255515.000
   925: 255537.000 255589.000 255847.000 255986.000 257385.000
   930: 271607.000 271664.000 271746.000 271897.000 271961.000
   935: 271985.000 272001.000 272024.000 272042.000 272719.000
   940: 272771.000 272805.000 272826.000 272837.000 272858.000
   945: 273456.000 273505.000 273510.000 273525.000 273579.000
   950: 273630.000 273701.000 273751.000 273786.000 273870.000
   955: 274737.000 274783.000 274821.000 274844.000 274870.000
   960: 274889.000 274914.000 275399.000 275445.000 275467.000
   965: 275533.000 275563.000 275629.000 276276.000 276301.000
   970: 276320.000 276337.000 276357.000 276412.000 276836.000
   975: 276894.000 276928.000 276947.000 276958.000 276969.000
   980: 277004.000 310814.000 310891.000 310979.000 310997.000
   985: 311017.000 311561.000 311594.000 311638.000 311650.000
   990: 312036.000 312042.000 312063.000 312081.000 312114.000
   995: 312153.000 314523.000 314594.000 314610.000 314628.000
  1000: 314663.000 314688.000 314702.000 314752.000 315806.000
  1005: 315824.000 315842.000 315863.000 315883.000 315901.000
  1010: 315912.000 315937.000 315962.000 316745.000 316830.000
  1015: 316859.000 316898.000 316925.000 316979.000 317803.000
  1020: 317839.000 317902.000 317921.000 317951.000 318437.000
  1025: 318473.000 318537.000 318560.000 318578.000 318597.000
  1030: 318624.000 318652.000 318741.000 319005.000 320124.000
  1035: 320212.000 320225.000 320247.000 320264.000 320292.000
  1040: 320948.000 321060.000 321165.000 323663.000 323730.000
  1045: 323792.000 323903.000 323999.000 324484.000 324528.000
  1050: 324555.000 324566.000 324586.000 324604.000 324633.000
  1055: 324671.000 325807.000 325882.000 325976.000 326037.000
  1060: 326071.000 326119.000 326390.000 327133.000 327210.000
  1065: 327317.000 327333.000 327361.000 327381.000 328054.000
  1070: 328211.000 328222.000 328251.000 333372.000 333482.000
  1075: 333574.000 335824.000 335953.000 341108.000 341154.000
  1080: 341173.000 341190.000 341234.000 341259.000 341582.000
  1085: 341713.000 356723.000 356740.000 356826.000 356860.000
  1090: 356902.000 356937.000 357734.000 357751.000 357776.000
  1095: 357792.000 357810.000 357842.000 357914.000 358024.000
  1100: 359121.000 359176.000 359199.000 359227.000 359256.000
  1105: 359636.000 359683.000
D:
     0: 31387.000 46743.000 48400.000 50351.000 53390.000
     5: 56786.000 59421.000 61864.000 63500.000 66093.000
    10: 75699.000 78993.000 80396.000 81923.000 83134.000
    15: 84530.000 88538.000 91149.000 92773.000 99607.000
    20: 101262.000 112053.000 115290.000 117948.000 120546.000
    25: 122920.000 137244.000 139942.000 141187.000 142644.000
    30: 143902.000 144992.000 146152.000 147440.000 149476.000
    35: 152690.000 153761.000 155047.000 156990.000 166296.000
    40: 179089.000 182754.000 183699.000 185117.000 187158.000
    45: 190357.000 195805.000 197729.000 199363.000 200996.000
    50: 225318.000 227328.000 230080.000 231766.000 246545.000
    55: 248743.000 250770.000 252087.000 254091.000 255589.000
    60: 272024.000 273751.000 314752.000 315937.000 318652.000
    65: 324671.000 328211.000 358024.000
E:
     0:  782.000 3611.000 8122.000 13485.000 17814.000
     5: 21174.000 22550.000 24648.000 28012.000 30496.000
    10: 31907.000 31911.000 38819.000 39237.000 41235.000
    15: 42288.000 43022.000 45704.000 46371.000 47339.000
    20: 48647.000 50632.000 52722.000 53861.000 55100.000
    25: 56044.000 56895.000 57611.000 58672.000 58679.000
    30: 59587.000 61137.000 62102.000 63907.000 65395.000
    35: 66276.000 68187.000 69646.000 69767.000 74002.000
    40: 74716.000 75241.000 76020.000 77545.000 78470.000
    45: 78511.000 79179.000 80710.000 82062.000 82770.000
    50: 83335.000 84794.000 85894.000 86547.000 87180.000
    55: 88053.000 88750.000 89875.000 90522.000 91844.000
    60: 92995.000 97021.000 98051.000 98701.000 99837.000
    65: 100774.000 101547.000 102584.000 103347.000 104089.000
    70: 104866.000 105125.000 105502.000 105713.000 106136.000
    75: 106150.000 108187.000 108277.000 111285.000 112328.000
    80: 112835.000 114218.000 115595.000 116873.000 117583.000
    85: 118192.000 119147.000 119415.000 119964.000 119978.000
    90: 120189.000 120613.000 121191.000 121805.000 122499.000
    95: 123238.000 124368.000 125038.000 125862.000 125936.000
   100: 127689.000 129157.000 134365.000 136610.000 137418.000
   105: 138593.000 139509.000 140155.000 141388.000 142876.000
   110: 144063.000 145160.000 145730.000 146478.000 147618.000
   115: 148979.000 149857.000 150927.000 151084.000 151672.000
   120: 152283.000 153072.000 153999.000 155380.000 156473.000
   125: 157294.000 160232.000 164907.000 166398.000 166697.000
   130: 169789.000 169791.000 172572.000 178405.000 179264.000
   135: 180066.000 180616.000 181530.000 182394.000 182827.000
   140: 184241.000 185295.000 186599.000 187318.000 187323.000
   145: 188882.000 189903.000 190749.000 191825.000 192324.000
   150: 193380.000 195318.000 196165.000 197133.000 198279.000
   155: 199552.000 201189.000 202515.000 202521.000 203114.000
   160: 206181.000 209241.000 211660.000 223158.000 224872.000
   165: 225484.000 226702.000 227750.000 228888.000 229587.000
   170: 230276.000 232147.000 233490.000 234081.000 236429.000
   175: 236447.000 241310.000 242667.000 245353.000 246138.000
   180: 246952.000 247742.000 248981.000 251011.000 252261.000
   185: 253534.000 254570.000 256188.000 257741.000 261714.000
   190: 269225.000 272301.000 273064.000 274048.000 275091.000
   195: 275891.000 276528.000 277086.000 279104.000 282221.000
   200: 287191.000 305271.000 305380.000 310531.000 311380.000
   205: 311850.000 314258.000 315088.000 316104.000 317241.000
   210: 318101.000 319245.000 320621.000 321264.000 323152.000
   215: 324219.000 324858.000 326626.000 330628.000 332792.000
   220: 334893.000 335366.000 337013.000 340291.000 341362.000
   225: 344713.000 347263.000 353152.000 356469.000 356472.000
   230: 357458.000 358564.000 359411.000
Q:
     0: 23810.000 41649.000 46609.000 50017.000 53153.000
     5: 55582.000 60585.000 63221.000 64746.000 67222.000
    10: 75457.000 77068.000 80197.000 82938.000 84292.000
    15: 86157.000 87469.000 89422.000 90811.000 98251.000
    20: 98928.000 101100.000 103017.000 104307.000 111540.000
    25: 113095.000 116436.000 117747.000 119624.000 122718.000
    30: 123859.000 125283.000 136932.000 138134.000 140918.000
    35: 142354.000 145899.000 148502.000 149303.000 151208.000
    40: 152486.000 154738.000 156740.000 178780.000 180877.000
    45: 181782.000 183498.000 186087.000 188082.000 190116.000
    50: 192577.000 195588.000 197431.000 200318.000 226024.000
    55: 227102.000 231315.000 244889.000 246322.000 248179.000
    60: 250154.000 253910.000 255345.000 271607.000 273456.000
    65: 275399.000 310814.000 312036.000 314523.000 316745.000
    70: 318437.000 323663.000 325807.000 327133.000 335824.000
    75: 356723.000 357734.000
