File: C:\MED-PC\Data\2019-07-31_12h12m_Subject 19006.txt


Start Date: 07/31/19
End Date: 07/31/19
Subject: 19006
Experiment: 
Group: 1
Box: 4
Start Time: 12:12:57
End Time: 13:16:01
MSN: FR8 8p First Lever Laser 50
B:   8.000
F:   2.000
H: 176.000
L: 655.000
R:  42.000
U:  44.000
V: 103.000
A:
     0:    0.000    1.000
C:
     0: 11968.000 12024.000 13943.000 19084.000 19121.000
     5: 19135.000 19145.000 19152.000 19166.000 19205.000
    10: 19249.000 21772.000 21779.000 21873.000 21962.000
    15: 22010.000 22038.000 30495.000 30547.000 30680.000
    20: 30689.000 31968.000 32038.000 32068.000 32104.000
    25: 32113.000 32134.000 32148.000 32157.000 32226.000
    30: 35086.000 35152.000 35320.000 35395.000 35431.000
    35: 35531.000 35609.000 35613.000 42215.000 42269.000
    40: 42322.000 43501.000 43538.000 43655.000 43710.000
    45: 43785.000 43814.000 44275.000 44396.000 44403.000
    50: 44443.000 44486.000 44520.000 46383.000 46511.000
    55: 46630.000 46791.000 46827.000 47492.000 47616.000
    60: 47640.000 47855.000 47959.000 48034.000 48048.000
    65: 53979.000 54024.000 54044.000 54095.000 54189.000
    70: 54354.000 54405.000 54523.000 56266.000 56341.000
    75: 56367.000 56423.000 56435.000 56466.000 56495.000
    80: 56564.000 58444.000 58565.000 58644.000 58729.000
    85: 58801.000 58836.000 63300.000 63313.000 63327.000
    90: 63343.000 63427.000 63455.000 64541.000 64603.000
    95: 64709.000 64822.000 64878.000 64903.000 65497.000
   100: 65599.000 65638.000 65729.000 65873.000 65941.000
   105: 66017.000 66326.000 66346.000 66370.000 66498.000
   110: 66700.000 66750.000 66842.000 67938.000 67971.000
   115: 68082.000 68101.000 68155.000 68166.000 68170.000
   120: 68194.000 68353.000 68445.000 68521.000 70779.000
   125: 70807.000 70823.000 70867.000 71832.000 71854.000
   130: 71955.000 72019.000 72089.000 72529.000 72583.000
   135: 72601.000 72645.000 72693.000 72703.000 72723.000
   140: 72782.000 72796.000 72807.000 72820.000 72865.000
   145: 72928.000 72973.000 74169.000 74187.000 74198.000
   150: 74225.000 74255.000 74386.000 75159.000 75216.000
   155: 75258.000 75321.000 75374.000 75402.000 75497.000
   160: 75556.000 75565.000 77562.000 77587.000 77623.000
   165: 77654.000 77746.000 77771.000 77818.000 77860.000
   170: 77911.000 79907.000 80015.000 80019.000 80110.000
   175: 80151.000 80195.000 80289.000 80424.000 81694.000
   180: 83450.000 83477.000 84515.000 84835.000 84854.000
   185: 84869.000 84883.000 84923.000 84992.000 85100.000
   190: 85870.000 85893.000 85993.000 86035.000 86052.000
   195: 86110.000 86324.000 88870.000 88888.000 88900.000
   200: 88910.000 89338.000 89409.000 89468.000 89479.000
   205: 89496.000 89528.000 89587.000 89634.000 90673.000
   210: 90722.000 92591.000 92645.000 92782.000 92876.000
   215: 93585.000 93702.000 93778.000 93797.000 93873.000
   220: 93919.000 93938.000 93950.000 93968.000 94034.000
   225: 95630.000 95741.000 95892.000 95905.000 95947.000
   230: 96037.000 96088.000 96182.000 96273.000 96398.000
   235: 101034.000 101117.000 101163.000 101384.000 101402.000
   240: 101669.000 101821.000 101843.000 101857.000 101893.000
   245: 101920.000 103483.000 103595.000 103650.000 103710.000
   250: 103748.000 103844.000 103877.000 103893.000 103965.000
   255: 106148.000 106242.000 115810.000 115844.000 115940.000
   260: 116016.000 116093.000 116148.000 116178.000 117236.000
   265: 117269.000 117301.000 117312.000 117417.000 117487.000
   270: 117897.000 117942.000 118132.000 118293.000 118437.000
   275: 119459.000 119590.000 119605.000 119621.000 119766.000
   280: 119789.000 119870.000 120772.000 120842.000 120877.000
   285: 120945.000 121003.000 121338.000 121423.000 121466.000
   290: 121536.000 121583.000 121620.000 121786.000 121802.000
   295: 122635.000 122715.000 122795.000 122828.000 122890.000
   300: 122914.000 122983.000 124791.000 124872.000 124931.000
   305: 125092.000 125130.000 130989.000 131059.000 131075.000
   310: 131139.000 131185.000 131195.000 131257.000 131301.000
   315: 133797.000 133839.000 133969.000 133994.000 134095.000
   320: 134245.000 134796.000 134813.000 134836.000 134890.000
   325: 134951.000 134994.000 135016.000 135036.000 136222.000
   330: 136264.000 136297.000 136382.000 136402.000 136420.000
   335: 136434.000 136472.000 136644.000 138487.000 138514.000
   340: 138577.000 138595.000 138626.000 138638.000 138698.000
   345: 139561.000 139605.000 139658.000 139724.000 139801.000
   350: 139816.000 139887.000 141325.000 141363.000 141381.000
   355: 141435.000 141508.000 141524.000 141541.000 141562.000
   360: 141585.000 141644.000 143990.000 144017.000 144026.000
   365: 144080.000 144111.000 144149.000 144174.000 144206.000
   370: 146001.000 146046.000 146077.000 146130.000 146177.000
   375: 146198.000 146201.000 146217.000 146247.000 146276.000
   380: 146290.000 146365.000 147459.000 147654.000 147750.000
   385: 147806.000 147919.000 147963.000 148029.000 149259.000
   390: 149283.000 149296.000 149311.000 149338.000 149372.000
   395: 149398.000 149451.000 149517.000 151795.000 151952.000
   400: 151970.000 151976.000 151989.000 152014.000 152107.000
   405: 161540.000 166770.000 166841.000 166896.000 166914.000
   410: 166926.000 166940.000 166952.000 166978.000 167002.000
   415: 167036.000 168739.000 168766.000 168834.000 168916.000
   420: 168999.000 169026.000 169107.000 172073.000 172153.000
   425: 172202.000 172246.000 172250.000 172263.000 172298.000
   430: 172369.000 172445.000 172469.000 175581.000 175694.000
   435: 175880.000 176863.000 176921.000 176943.000 176962.000
   440: 176980.000 177005.000 177045.000 177084.000 177094.000
   445: 177116.000 177183.000 178173.000 178273.000 178624.000
   450: 178643.000 178668.000 178681.000 178713.000 178759.000
   455: 178773.000 178820.000 178867.000 178995.000 180635.000
   460: 180693.000 180715.000 180760.000 180948.000 181012.000
   465: 182353.000 182475.000 182590.000 182619.000 182662.000
   470: 182674.000 182713.000 182817.000 182832.000 182946.000
   475: 182978.000 185368.000 185420.000 185460.000 185639.000
   480: 185682.000 186789.000 186882.000 186948.000 187118.000
   485: 187478.000 187600.000 187647.000 187719.000 187731.000
   490: 187917.000 187950.000 188265.000 188278.000 188295.000
   495: 188308.000 188321.000 188371.000 188433.000 188440.000
   500: 190158.000 190190.000 190238.000 190280.000 190319.000
   505: 190384.000 190454.000 193130.000 193173.000 193212.000
   510: 193363.000 193410.000 193457.000 193476.000 193487.000
   515: 193538.000 193579.000 193592.000 193605.000 193706.000
   520: 193761.000 193885.000 198233.000 198935.000 199095.000
   525: 205126.000 207184.000 207438.000 207460.000 207813.000
   530: 207966.000 208018.000 208040.000 208070.000 211529.000
   535: 211931.000 212343.000 212655.000 212975.000 213090.000
   540: 235633.000 236018.000 236673.000 244960.000 269746.000
   545: 270009.000 273846.000 280117.000 280147.000 280366.000
   550: 280384.000 280502.000 280895.000 280964.000 280978.000
   555: 281035.000 281049.000 281069.000 281105.000 281163.000
   560: 281263.000 281290.000 281304.000 281392.000 281445.000
   565: 283083.000 283331.000 283361.000 283378.000 283403.000
   570: 283488.000 283546.000 283563.000 283587.000 283603.000
   575: 283619.000 283666.000 283686.000 299781.000 300049.000
   580: 300224.000 300242.000 300252.000 303035.000 303059.000
   585: 303072.000 303190.000 303218.000 303315.000 303318.000
   590: 303385.000 303439.000 306799.000 306859.000 306960.000
   595: 307016.000 307028.000 307088.000 307104.000 307127.000
   600: 307179.000 307251.000 307278.000 307324.000 307405.000
   605: 307418.000 310137.000 310208.000 310235.000 310530.000
   610: 321623.000 321722.000 321921.000 321936.000 325718.000
   615: 325751.000 325783.000 326704.000 326944.000 327122.000
   620: 327138.000 336895.000 336932.000 336969.000 337118.000
   625: 337297.000 337331.000 337345.000 337365.000 337382.000
   630: 337403.000 337448.000 337462.000 337531.000 340273.000
   635: 340305.000 340395.000 340419.000 340495.000 340649.000
   640: 340703.000 340746.000 340785.000 340805.000 342481.000
   645: 349650.000 359220.000 359243.000 359267.000 359378.000
   650: 359398.000 359405.000 359429.000 359450.000 359480.000
D:
     0: 19249.000 32157.000 35613.000 44396.000 54523.000
     5: 56564.000 66326.000 68194.000 72782.000 75556.000
    10: 77860.000 80424.000 85100.000 89634.000 93950.000
    15: 96182.000 101843.000 103893.000 117942.000 121802.000
    20: 131301.000 135036.000 136472.000 141562.000 144206.000
    25: 146217.000 149451.000 166978.000 172369.000 177084.000
    30: 178759.000 182817.000 187719.000 193487.000 208070.000
    35: 281163.000 283563.000 303072.000 307127.000 337365.000
    40: 340746.000 359450.000
E:
     0: 5281.000 15604.000 15635.000 16314.000 19783.000
     5: 20911.000 21093.000 22478.000 27719.000 31044.000
    10: 32710.000 36020.000 37741.000 38120.000 38129.000
    15: 38134.000 38147.000 39901.000 42869.000 43182.000
    20: 44712.000 46891.000 48320.000 49054.000 52007.000
    25: 52011.000 53826.000 54611.000 54627.000 55942.000
    30: 56836.000 58127.000 59294.000 63736.000 65150.000
    35: 67025.000 67034.000 67041.000 68608.000 71007.000
    40: 72188.000 72202.000 72324.000 73064.000 73791.000
    45: 74522.000 75839.000 77156.000 78267.000 80509.000
    50: 83609.000 85186.000 86527.000 89008.000 89726.000
    55: 89735.000 91210.000 93260.000 94333.000 94577.000
    60: 96651.000 99786.000 102141.000 102154.000 104263.000
    65: 106487.000 111463.000 112715.000 114636.000 114647.000
    70: 116422.000 118535.000 120066.000 120222.000 121215.000
    75: 121899.000 123049.000 124541.000 124544.000 124549.000
    80: 125530.000 130265.000 130806.000 131421.000 131434.000
    85: 131437.000 133377.000 134326.000 135214.000 136795.000
    90: 137645.000 138994.000 139259.000 140106.000 141747.000
    95: 144260.000 144288.000 144461.000 145520.000 146559.000
   100: 148097.000 149617.000 149826.000 152195.000 156411.000
   105: 156423.000 156864.000 161951.000 164797.000 166270.000
   110: 166277.000 167217.000 167856.000 168252.000 169315.000
   115: 169325.000 169434.000 171659.000 172563.000 173603.000
   120: 174993.000 176271.000 176708.000 177297.000 179064.000
   125: 179231.000 181260.000 183049.000 186039.000 186634.000
   130: 188616.000 188619.000 190709.000 192671.000 194156.000
   135: 194572.000 199318.000 204580.000 206679.000 208218.000
   140: 210897.000 212230.000 213276.000 222105.000 228437.000
   145: 230776.000 231130.000 234738.000 242005.000 256650.000
   150: 261594.000 273115.000 280664.000 281614.000 284031.000
   155: 296520.000 303833.000 306284.000 307669.000 310706.000
   160: 320638.000 320644.000 320651.000 326017.000 326040.000
   165: 326156.000 330183.000 334707.000 337872.000 340130.000
   170: 341088.000 342137.000 348764.000 355804.000 356178.000
   175: 359757.000
Q:
     0: 19084.000 30495.000 35086.000 43501.000 46383.000
     5: 53979.000 58444.000 65497.000 67938.000 71832.000
    10: 75159.000 79907.000 81694.000 85870.000 90673.000
    15: 93585.000 95630.000 103483.000 117236.000 119459.000
    20: 121338.000 124791.000 133797.000 136222.000 139561.000
    25: 146001.000 147459.000 151795.000 168739.000 175581.000
    30: 178173.000 182353.000 185368.000 193130.000 205126.000
    35: 211529.000 235633.000 244960.000 280895.000 299781.000
    40: 310137.000 326704.000 336895.000 349650.000
\300
