File: C:\MED-PC\Data\2019-08-01_15h55m_Subject 19014.txt


Start Date: 08/01/19
End Date: 08/01/19
Subject: 19014
Experiment: 
Group: 0
Box: 4
Start Time: 15:55:38
End Time: 17:03:15
MSN: FR8 8p First Lever Laser 50
B:   8.000
F:   1.000
H: 183.000
L: 757.000
R:  54.000
U:  44.000
V: 149.000
A:
     0:    0.000    1.000
C:
     0: 12237.000 12263.000 12288.000 12387.000 12442.000
     5: 13825.000 13882.000 13940.000 13968.000 13984.000
    10: 14447.000 14470.000 14528.000 14557.000 14577.000
    15: 14653.000 14678.000 14692.000 14716.000 21607.000
    20: 21612.000 21651.000 21664.000 21694.000 21710.000
    25: 21731.000 21740.000 21767.000 21797.000 24873.000
    30: 24926.000 24989.000 25067.000 31375.000 31447.000
    35: 31523.000 32027.000 32052.000 32066.000 32084.000
    40: 32113.000 32135.000 32170.000 32191.000 34344.000
    45: 34356.000 34412.000 34436.000 34460.000 34469.000
    50: 34486.000 34507.000 34538.000 34571.000 37249.000
    55: 37280.000 37371.000 37440.000 37462.000 42040.000
    60: 42059.000 42090.000 42122.000 42160.000 42178.000
    65: 42210.000 42441.000 42466.000 42518.000 42556.000
    70: 42596.000 42647.000 42660.000 45157.000 45180.000
    75: 45203.000 45227.000 45244.000 45272.000 45622.000
    80: 45641.000 45677.000 45693.000 45703.000 45753.000
    85: 45774.000 45797.000 45846.000 45867.000 47252.000
    90: 47294.000 47383.000 47393.000 47405.000 47418.000
    95: 47438.000 47461.000 47475.000 47512.000 50469.000
   100: 50494.000 50528.000 50569.000 50585.000 50619.000
   105: 50633.000 50649.000 54886.000 54909.000 54930.000
   110: 54944.000 54972.000 55017.000 55042.000 55425.000
   115: 55484.000 55539.000 55549.000 55564.000 55624.000
   120: 55642.000 56102.000 58505.000 58554.000 58597.000
   125: 58683.000 58705.000 58738.000 59108.000 59160.000
   130: 59168.000 59187.000 59209.000 59228.000 59235.000
   135: 59255.000 59282.000 59298.000 59341.000 59384.000
   140: 61018.000 61040.000 61055.000 61089.000 61121.000
   145: 61165.000 61211.000 61250.000 61286.000 61376.000
   150: 61406.000 63041.000 63309.000 63350.000 63387.000
   155: 63402.000 63416.000 63448.000 63461.000 65687.000
   160: 65718.000 65754.000 65767.000 65800.000 65874.000
   165: 65908.000 66240.000 66260.000 66266.000 66320.000
   170: 66331.000 66346.000 66358.000 66390.000 68060.000
   175: 68150.000 68199.000 68221.000 68284.000 68296.000
   180: 68307.000 68961.000 68971.000 68992.000 69015.000
   185: 69032.000 69092.000 69107.000 69133.000 69155.000
   190: 69196.000 69222.000 71702.000 71722.000 71772.000
   195: 71785.000 74884.000 74909.000 74925.000 74954.000
   200: 74969.000 74993.000 75033.000 75059.000 75078.000
   205: 75113.000 80101.000 80173.000 80216.000 80256.000
   210: 80271.000 80308.000 80334.000 80351.000 81774.000
   215: 81793.000 81807.000 81818.000 81833.000 81860.000
   220: 81868.000 81890.000 81904.000 81928.000 81982.000
   225: 81989.000 82004.000 82022.000 84658.000 84706.000
   230: 84740.000 84749.000 84759.000 84778.000 84806.000
   235: 84813.000 84840.000 84874.000 87809.000 87839.000
   240: 87861.000 87906.000 87953.000 87978.000 88016.000
   245: 88723.000 88741.000 88756.000 88782.000 88816.000
   250: 88903.000 88919.000 88944.000 91733.000 91752.000
   255: 91796.000 91810.000 91838.000 91845.000 101720.000
   260: 101757.000 101799.000 101871.000 101901.000 101936.000
   265: 102360.000 102386.000 102399.000 102429.000 102453.000
   270: 102481.000 102494.000 102511.000 102525.000 104199.000
   275: 104264.000 104280.000 104475.000 106312.000 106437.000
   280: 106461.000 106515.000 106541.000 106785.000 106809.000
   285: 107402.000 107416.000 107436.000 107553.000 107569.000
   290: 107602.000 107637.000 110485.000 110498.000 110512.000
   295: 110527.000 110556.000 110595.000 111492.000 111543.000
   300: 111607.000 111621.000 111651.000 111684.000 111723.000
   305: 111730.000 111757.000 113207.000 113243.000 113278.000
   310: 113295.000 113336.000 113353.000 113386.000 113450.000
   315: 117536.000 117560.000 117599.000 117662.000 117689.000
   320: 117715.000 117745.000 118278.000 118305.000 118318.000
   325: 118341.000 118374.000 118417.000 118961.000 118989.000
   330: 119028.000 119044.000 119092.000 119135.000 119149.000
   335: 119716.000 119732.000 119856.000 119871.000 119883.000
   340: 119895.000 120197.000 120250.000 120302.000 120342.000
   345: 120402.000 120431.000 120467.000 120488.000 120525.000
   350: 125891.000 125923.000 125948.000 125970.000 126011.000
   355: 126039.000 126058.000 126073.000 126106.000 128099.000
   360: 128119.000 128138.000 128147.000 128161.000 128172.000
   365: 128182.000 128202.000 128212.000 128241.000 128282.000
   370: 128312.000 129736.000 129767.000 129785.000 129822.000
   375: 129840.000 129867.000 129881.000 129905.000 129915.000
   380: 129967.000 134474.000 134522.000 134550.000 134555.000
   385: 134585.000 134619.000 134656.000 134949.000 134985.000
   390: 135027.000 135053.000 137624.000 139886.000 139922.000
   395: 139945.000 139976.000 139987.000 139995.000 140028.000
   400: 140080.000 140103.000 148090.000 148149.000 148157.000
   405: 148196.000 148262.000 148284.000 148657.000 148674.000
   410: 148704.000 148805.000 152195.000 152217.000 152270.000
   415: 152323.000 152343.000 152384.000 152818.000 152836.000
   420: 152843.000 152864.000 152891.000 152940.000 152970.000
   425: 153024.000 153043.000 153081.000 153095.000 153118.000
   430: 153156.000 156686.000 156704.000 156735.000 156760.000
   435: 156784.000 156819.000 156831.000 156845.000 156878.000
   440: 156895.000 158203.000 158242.000 158333.000 158352.000
   445: 158378.000 158418.000 167816.000 167865.000 167942.000
   450: 167953.000 167995.000 168034.000 168253.000 168282.000
   455: 168309.000 168331.000 169936.000 169985.000 170026.000
   460: 170065.000 170111.000 170124.000 170582.000 170601.000
   465: 170632.000 170648.000 170679.000 170695.000 170708.000
   470: 170734.000 170745.000 170758.000 170778.000 170794.000
   475: 176166.000 176258.000 176285.000 178980.000 178999.000
   480: 179033.000 179074.000 179114.000 179148.000 179557.000
   485: 179584.000 179593.000 179678.000 179708.000 179728.000
   490: 179748.000 180270.000 180298.000 180312.000 180328.000
   495: 180338.000 180356.000 180379.000 180449.000 180478.000
   500: 180521.000 180560.000 181602.000 181644.000 181670.000
   505: 181681.000 181702.000 181713.000 181724.000 181749.000
   510: 181786.000 181840.000 181879.000 184895.000 184919.000
   515: 184951.000 184961.000 184973.000 184994.000 185011.000
   520: 185032.000 185051.000 185114.000 185124.000 185159.000
   525: 186407.000 186470.000 186496.000 186533.000 186564.000
   530: 186992.000 187004.000 187025.000 187056.000 187088.000
   535: 187099.000 187115.000 187129.000 187151.000 187173.000
   540: 188889.000 188972.000 189058.000 195971.000 195999.000
   545: 196053.000 196074.000 196101.000 196128.000 196183.000
   550: 196217.000 198359.000 198396.000 198418.000 198425.000
   555: 198457.000 198483.000 198501.000 198529.000 198539.000
   560: 206201.000 206262.000 206284.000 206303.000 206313.000
   565: 206350.000 206378.000 206791.000 206815.000 206835.000
   570: 206858.000 206884.000 206908.000 206922.000 206933.000
   575: 207014.000 208150.000 208157.000 208188.000 208203.000
   580: 208215.000 208230.000 208267.000 208276.000 208289.000
   585: 208324.000 210223.000 213874.000 213918.000 213943.000
   590: 214012.000 214035.000 214053.000 214609.000 214630.000
   595: 214669.000 214900.000 214940.000 214964.000 214983.000
   600: 214998.000 215044.000 215057.000 216298.000 216329.000
   605: 216354.000 216385.000 216408.000 216445.000 216479.000
   610: 217009.000 217031.000 217082.000 217096.000 217104.000
   615: 217129.000 217161.000 217195.000 217235.000 219182.000
   620: 231353.000 231394.000 231419.000 231456.000 231520.000
   625: 231546.000 231830.000 231851.000 231903.000 233154.000
   630: 233199.000 233232.000 233515.000 233567.000 233575.000
   635: 233585.000 233626.000 233663.000 233684.000 233702.000
   640: 233740.000 235093.000 235099.000 235135.000 235147.000
   645: 235156.000 235184.000 235228.000 235257.000 235281.000
   650: 252818.000 253678.000 253697.000 253714.000 253748.000
   655: 253789.000 254257.000 254280.000 254295.000 254320.000
   660: 254341.000 254359.000 254392.000 254436.000 254452.000
   665: 254483.000 254514.000 255642.000 255663.000 255680.000
   670: 255692.000 255701.000 255715.000 255737.000 256003.000
   675: 256023.000 256049.000 256073.000 256126.000 269533.000
   680: 269554.000 269623.000 269650.000 270468.000 270500.000
   685: 270562.000 270596.000 270947.000 270976.000 271037.000
   690: 271065.000 274972.000 275074.000 275114.000 275138.000
   695: 275148.000 275222.000 275494.000 275505.000 275567.000
   700: 275579.000 275590.000 275606.000 275620.000 275668.000
   705: 275691.000 288868.000 288910.000 288928.000 288951.000
   710: 288965.000 288980.000 289004.000 289463.000 289487.000
   715: 289513.000 289543.000 289579.000 289608.000 289638.000
   720: 289677.000 290244.000 290257.000 290361.000 290375.000
   725: 290389.000 290418.000 290429.000 290459.000 290470.000
   730: 290494.000 290547.000 291752.000 291799.000 291838.000
   735: 291860.000 291883.000 291939.000 291955.000 292244.000
   740: 292271.000 292283.000 292333.000 292352.000 292376.000
   745: 292402.000 292455.000 292484.000 292550.000 304441.000
   750: 304455.000 304483.000 304537.000 304568.000 304597.000
   755: 304676.000 305004.000
D:
     0: 14528.000 21740.000 32113.000 34507.000 42441.000
     5: 45797.000 47461.000 50649.000 56102.000 59160.000
    10: 61250.000 63461.000 66240.000 69133.000 75059.000
    15: 80351.000 81890.000 84813.000 88944.000 102511.000
    20: 111730.000 113450.000 120250.000 126073.000 128202.000
    25: 129905.000 134949.000 140080.000 148674.000 153024.000
    30: 156845.000 168282.000 170734.000 180270.000 181749.000
    35: 185032.000 187129.000 196217.000 198529.000 206933.000
    40: 208276.000 214998.000 217195.000 231851.000 233626.000
    45: 235257.000 254436.000 256003.000 271065.000 275505.000
    50: 289677.000 290459.000 292244.000 305004.000
E:
     0: 8422.000 9470.000 11659.000 12919.000 15154.000
     5: 19009.000 19674.000 21264.000 22249.000 24605.000
    10: 29141.000 30709.000 32788.000 34841.000 36827.000
    15: 41188.000 43055.000 45455.000 46176.000 47922.000
    20: 49318.000 49716.000 51121.000 52505.000 54528.000
    25: 55278.000 56309.000 57785.000 58246.000 59694.000
    30: 61717.000 62696.000 64099.000 65330.000 66650.000
    35: 67609.000 68600.000 69641.000 72499.000 73064.000
    40: 74575.000 75410.000 76643.000 79727.000 79732.000
    45: 79741.000 80691.000 82358.000 83537.000 84137.000
    50: 84418.000 85243.000 87488.000 88246.000 89152.000
    55: 90008.000 90157.000 91430.000 92975.000 95949.000
    60: 95957.000 95968.000 95988.000 101274.000 102146.000
    65: 102811.000 103746.000 105688.000 106048.000 107061.000
    70: 108057.000 108235.000 110750.000 111985.000 113720.000
    75: 117247.000 117998.000 118737.000 119443.000 120834.000
    80: 121782.000 122295.000 124269.000 125482.000 126461.000
    85: 127683.000 128578.000 130303.000 133134.000 134213.000
    90: 135382.000 138083.000 140376.000 144338.000 147803.000
    95: 149035.000 151800.000 152589.000 153373.000 154401.000
   100: 156348.000 157096.000 158647.000 163979.000 166010.000
   105: 168781.000 170313.000 171074.000 173562.000 174392.000
   110: 176480.000 178582.000 179330.000 180824.000 182140.000
   115: 184632.000 185301.000 186725.000 187433.000 188582.000
   120: 191667.000 194607.000 196557.000 198056.000 198061.000
   125: 198891.000 201231.000 202960.000 203916.000 203922.000
   130: 205544.000 206569.000 207239.000 208512.000 209699.000
   135: 212618.000 213395.000 213688.000 214222.000 215271.000
   140: 216642.000 217557.000 218895.000 219949.000 224758.000
   145: 226085.000 228552.000 231147.000 232148.000 233983.000
   150: 235499.000 240351.000 243667.000 245630.000 253266.000
   155: 254074.000 254812.000 256473.000 257188.000 258203.000
   160: 266640.000 267651.000 269834.000 271271.000 274491.000
   165: 275970.000 281300.000 288387.000 289232.000 289838.000
   170: 289847.000 290892.000 292855.000 295290.000 296470.000
   175: 299330.000 300207.000 301263.000 305465.000 309170.000
   180: 327838.000 345571.000 348539.000
Q:
     0: 13825.000 24873.000 34344.000 37249.000 45157.000
     5: 50469.000 55425.000 58505.000 63041.000 68961.000
    10: 74884.000 80101.000 84658.000 91733.000 102360.000
    15: 104199.000 110485.000 111492.000 117536.000 118961.000
    20: 128099.000 129736.000 139886.000 148090.000 152818.000
    25: 167816.000 170582.000 176166.000 181602.000 184895.000
    30: 188889.000 195971.000 206791.000 208150.000 213874.000
    35: 217009.000 219182.000 235093.000 252818.000 255642.000
    40: 269533.000 274972.000 289463.000 304441.000
