File: C:\MED-PC\Data\2019-07-30_13h19m_Subject 19002.txt


Start Date: 07/30/19
End Date: 07/30/19
Subject: 19002
Experiment: 
Group: 1
Box: 4
Start Time: 13:19:39
End Time: 14:24:03
MSN: FR8 8p First Lever Laser 50
B:   8.000
F:   1.000
H: 177.000
L: 519.000
R:  17.000
U:  49.000
V:  29.000
A:
     0:    0.000    1.000
C:
     0: 9214.000 11996.000 24615.000 25436.000 26241.000
     5: 26262.000 26275.000 26294.000 26963.000 27029.000
    10: 27118.000 30157.000 30184.000 30208.000 30222.000
    15: 30610.000 30673.000 30784.000 30903.000 30931.000
    20: 30965.000 31515.000 31961.000 31978.000 32022.000
    25: 32081.000 32100.000 32137.000 33201.000 33658.000
    30: 33739.000 33791.000 33865.000 34016.000 34035.000
    35: 34055.000 34076.000 36393.000 36428.000 36809.000
    40: 37108.000 37132.000 38362.000 38410.000 38439.000
    45: 38472.000 38490.000 39013.000 39029.000 39045.000
    50: 39068.000 39110.000 39124.000 39140.000 39427.000
    55: 39448.000 39477.000 39485.000 39618.000 39634.000
    60: 39826.000 39894.000 40192.000 40317.000 41792.000
    65: 41824.000 41885.000 42318.000 42371.000 42677.000
    70: 42970.000 43960.000 43994.000 44029.000 44060.000
    75: 44109.000 44523.000 44550.000 44771.000 45081.000
    80: 45140.000 45476.000 45550.000 45580.000 45637.000
    85: 45822.000 45827.000 45953.000 45995.000 46015.000
    90: 46021.000 46087.000 47762.000 47791.000 47808.000
    95: 47853.000 47866.000 47884.000 48356.000 48380.000
   100: 48395.000 48408.000 48441.000 48459.000 48998.000
   105: 49107.000 49337.000 49711.000 49791.000 50503.000
   110: 50525.000 50553.000 50574.000 50615.000 50633.000
   115: 50651.000 51212.000 51235.000 51266.000 51274.000
   120: 51307.000 51622.000 51793.000 53946.000 56312.000
   125: 56434.000 57069.000 57117.000 58233.000 58250.000
   130: 58266.000 58300.000 58348.000 58379.000 58981.000
   135: 58993.000 59012.000 59154.000 59407.000 59451.000
   140: 59649.000 59667.000 59748.000 59800.000 59816.000
   145: 59840.000 60922.000 60951.000 60991.000 61009.000
   150: 61496.000 61543.000 62057.000 62140.000 62233.000
   155: 62796.000 62831.000 62866.000 62886.000 62897.000
   160: 62909.000 62924.000 62946.000 62964.000 63961.000
   165: 64000.000 64142.000 64264.000 66288.000 66337.000
   170: 66373.000 66405.000 66423.000 66632.000 66656.000
   175: 66670.000 66692.000 66782.000 66803.000 66821.000
   180: 66837.000 66851.000 66912.000 66938.000 66949.000
   185: 67781.000 67819.000 67955.000 68039.000 68241.000
   190: 68460.000 69257.000 69268.000 69278.000 69302.000
   195: 69319.000 69336.000 69741.000 69791.000 69881.000
   200: 69990.000 70057.000 70314.000 70839.000 71094.000
   205: 71198.000 71311.000 71383.000 71474.000 71971.000
   210: 71997.000 72012.000 72043.000 72062.000 72080.000
   215: 72127.000 72476.000 72499.000 72535.000 72554.000
   220: 72616.000 72821.000 72839.000 73012.000 73184.000
   225: 73200.000 73320.000 73945.000 75489.000 75620.000
   230: 76210.000 76243.000 76261.000 76284.000 76321.000
   235: 76548.000 76605.000 76656.000 76671.000 76684.000
   240: 76701.000 76735.000 77443.000 77472.000 77537.000
   245: 77549.000 77573.000 77639.000 78231.000 78271.000
   250: 78520.000 79059.000 79092.000 79111.000 79132.000
   255: 79319.000 80461.000 80489.000 83098.000 83155.000
   260: 83184.000 83248.000 83275.000 83295.000 83795.000
   265: 83875.000 83980.000 84432.000 84517.000 85028.000
   270: 85061.000 85089.000 85099.000 85114.000 85188.000
   275: 85451.000 85490.000 85557.000 85639.000 85934.000
   280: 85949.000 86216.000 86358.000 86404.000 87833.000
   285: 88419.000 89116.000 89722.000 89750.000 89793.000
   290: 89815.000 89828.000 89842.000 90025.000 90128.000
   295: 90173.000 90213.000 90464.000 90556.000 90815.000
   300: 91392.000 91506.000 91640.000 91733.000 92011.000
   305: 92074.000 92688.000 92703.000 92724.000 92747.000
   310: 92782.000 92810.000 92822.000 92857.000 92871.000
   315: 92885.000 93986.000 94015.000 94032.000 94074.000
   320: 94091.000 94106.000 94170.000 94197.000 94228.000
   325: 95706.000 95958.000 96206.000 96444.000 97419.000
   330: 97525.000 97785.000 100571.000 100611.000 102429.000
   335: 102504.000 102548.000 102594.000 102830.000 105380.000
   340: 105398.000 108098.000 108317.000 108960.000 109150.000
   345: 109256.000 111770.000 115245.000 115373.000 117739.000
   350: 117876.000 118532.000 118798.000 118820.000 118847.000
   355: 118878.000 118912.000 119395.000 119484.000 120100.000
   360: 120178.000 120268.000 120434.000 120458.000 120492.000
   365: 120537.000 120547.000 120560.000 120575.000 120662.000
   370: 120685.000 121384.000 126138.000 126209.000 126244.000
   375: 126280.000 126297.000 129149.000 129586.000 131809.000
   380: 131946.000 132751.000 132967.000 133066.000 134717.000
   385: 145831.000 146058.000 146138.000 151543.000 154486.000
   390: 159648.000 161352.000 168278.000 168599.000 168632.000
   395: 168715.000 169216.000 169377.000 169439.000 169686.000
   400: 169704.000 169722.000 169800.000 169908.000 170530.000
   405: 170676.000 170900.000 170921.000 170939.000 170963.000
   410: 171033.000 171048.000 171290.000 171359.000 171396.000
   415: 171409.000 171423.000 171471.000 171511.000 171541.000
   420: 172528.000 173238.000 173323.000 174107.000 174339.000
   425: 174657.000 174867.000 175494.000 176456.000 177228.000
   430: 177257.000 177314.000 177375.000 177716.000 177781.000
   435: 177796.000 177819.000 177837.000 177855.000 178171.000
   440: 178387.000 178470.000 178539.000 179644.000 180023.000
   445: 180052.000 180094.000 180109.000 180139.000 180153.000
   450: 180168.000 180179.000 180209.000 181318.000 181461.000
   455: 181570.000 181672.000 182387.000 182432.000 189942.000
   460: 189997.000 198707.000 198867.000 198976.000 199009.000
   465: 199056.000 199601.000 201569.000 201584.000 203929.000
   470: 204031.000 204135.000 204186.000 204239.000 204308.000
   475: 204318.000 207855.000 207874.000 220393.000 220491.000
   480: 220674.000 221315.000 230829.000 235848.000 235943.000
   485: 236676.000 237040.000 237487.000 239930.000 246625.000
   490: 259224.000 260208.000 268746.000 269318.000 279731.000
   495: 279794.000 280752.000 281075.000 281189.000 281487.000
   500: 290869.000 291359.000 291467.000 297070.000 300289.000
   505: 312488.000 315898.000 317828.000 322351.000 322419.000
   510: 322432.000 322443.000 322447.000 323108.000 323517.000
   515: 323838.000 324568.000 333012.000 348005.000
D:
     0: 27029.000 34055.000 39894.000 45995.000 53946.000
     5: 59667.000 62946.000 66837.000 76548.000 79319.000
    10: 86358.000 92857.000 94197.000 120662.000 171541.000
    15: 180179.000 323838.000
E:
     0:  681.000 1905.000 5702.000 6190.000 12236.000
     5: 12265.000 15294.000 16129.000 16259.000 16318.000
    10: 16387.000 19498.000 23377.000 27276.000 28725.000
    15: 29565.000 29579.000 29900.000 30324.000 30429.000
    20: 30456.000 31801.000 31819.000 32200.000 32223.000
    25: 34173.000 35881.000 37267.000 38011.000 38560.000
    30: 38580.000 39218.000 40505.000 41440.000 41501.000
    35: 41985.000 42008.000 43133.000 43156.000 44174.000
    40: 44199.000 45350.000 46292.000 47640.000 47953.000
    45: 48522.000 49976.000 49988.000 50709.000 50738.000
    50: 54693.000 55995.000 57233.000 57921.000 58087.000
    55: 58454.000 59913.000 61111.000 62299.000 63043.000
    60: 63686.000 64843.000 65699.000 66487.000 67001.000
    65: 68595.000 69417.000 70523.000 70546.000 71582.000
    70: 72202.000 72707.000 74094.000 74102.000 75035.000
    75: 76797.000 77730.000 79434.000 82254.000 83354.000
    80: 83376.000 84647.000 85269.000 85311.000 86536.000
    85: 86551.000 88031.000 89314.000 89902.000 89924.000
    90: 90991.000 92227.000 92250.000 92937.000 94277.000
    95: 94302.000 96616.000 100109.000 102055.000 104670.000
   100: 105721.000 107772.000 107790.000 109343.000 111469.000
   105: 115527.000 117629.000 117644.000 118704.000 119029.000
   110: 119049.000 120340.000 120742.000 125231.000 125233.000
   115: 126373.000 126391.000 129235.000 129258.000 129286.000
   120: 131351.000 131381.000 134891.000 141069.000 150968.000
   125: 155526.000 161092.000 167582.000 167603.000 169564.000
   130: 170806.000 171113.000 171613.000 173476.000 173495.000
   135: 176576.000 177443.000 177462.000 177909.000 177932.000
   140: 179892.000 180250.000 180270.000 185240.000 185253.000
   145: 186286.000 189536.000 191497.000 191506.000 195141.000
   150: 201129.000 201149.000 203481.000 207457.000 209392.000
   155: 215910.000 220117.000 231059.000 239608.000 239628.000
   160: 244474.000 246480.000 246490.000 271301.000 291211.000
   165: 308616.000 315493.000 318091.000 318878.000 324814.000
   170: 325714.000 336884.000 338870.000 349373.000 350436.000
   175: 359934.000 359955.000
Q:
     0: 24615.000 30610.000 33201.000 36393.000 39427.000
     5: 42318.000 44523.000 45476.000 48998.000 51212.000
    10: 56312.000 58981.000 61496.000 63961.000 67781.000
    15: 69741.000 70839.000 72821.000 75489.000 78231.000
    20: 83795.000 85451.000 88419.000 90025.000 91392.000
    25: 95706.000 97419.000 102429.000 108098.000 117739.000
    30: 119395.000 121384.000 129586.000 131809.000 159648.000
    35: 168278.000 169686.000 172528.000 174107.000 178171.000
    40: 181318.000 198707.000 203929.000 220393.000 235848.000
    45: 279731.000 291359.000 322351.000 348005.000
