File: C:\MED-PC\Data\2019-07-26_13h48m_Subject 19006.txt



Start Date: 07/26/19
End Date: 07/26/19
Subject: 19006
Experiment: 
Group: 1
Box: 1
Start Time: 13:48:57
End Time: 14:50:11
MSN: FR8 8p First Lever Laser 50
B:   8.000
F:   1.000
H: 143.000
L: 391.000
R:  26.000
U:  27.000
V:  56.000
A:
     0:    0.000    1.000
C:
     0: 16693.000 21528.000 21539.000 21591.000 23914.000
     5: 23930.000 25122.000 25244.000 25291.000 27620.000
    10: 31047.000 31079.000 32571.000 32648.000 32692.000
    15: 32745.000 32753.000 38091.000 38259.000 40786.000
    20: 43714.000 43826.000 43844.000 43914.000 43990.000
    25: 44379.000 44469.000 44485.000 44504.000 44531.000
    30: 44546.000 44558.000 44596.000 46559.000 46705.000
    35: 46739.000 46774.000 46789.000 46841.000 51904.000
    40: 52056.000 52087.000 52150.000 52167.000 52188.000
    45: 52202.000 52762.000 52783.000 52797.000 52829.000
    50: 52839.000 52853.000 52871.000 53224.000 53245.000
    55: 53303.000 53350.000 53363.000 53387.000 53400.000
    60: 53454.000 55468.000 55643.000 55699.000 55732.000
    65: 56969.000 57002.000 57161.000 57223.000 57331.000
    70: 57341.000 57355.000 57376.000 57387.000 57534.000
    75: 57569.000 60305.000 60478.000 60497.000 60616.000
    80: 60654.000 60776.000 61919.000 61963.000 61973.000
    85: 62358.000 62446.000 62491.000 62504.000 62535.000
    90: 62547.000 62666.000 62734.000 62764.000 65035.000
    95: 65061.000 65104.000 65201.000 65229.000 65269.000
   100: 65279.000 65295.000 65320.000 65336.000 65398.000
   105: 67956.000 68082.000 68229.000 68262.000 68301.000
   110: 70620.000 70710.000 70767.000 70805.000 70839.000
   115: 70851.000 71137.000 72274.000 72429.000 72477.000
   120: 72561.000 72620.000 72635.000 72653.000 72799.000
   125: 75336.000 75485.000 75502.000 75518.000 75533.000
   130: 75571.000 75621.000 79013.000 79154.000 79336.000
   135: 79396.000 79425.000 79437.000 79470.000 80873.000
   140: 80911.000 81007.000 81027.000 81044.000 81096.000
   145: 85144.000 85195.000 85231.000 85283.000 85510.000
   150: 85563.000 85573.000 85592.000 85624.000 85661.000
   155: 90494.000 90858.000 91023.000 91060.000 91075.000
   160: 91093.000 91104.000 91142.000 92891.000 92920.000
   165: 92976.000 94467.000 94529.000 94556.000 95053.000
   170: 95112.000 95260.000 95392.000 95409.000 95422.000
   175: 95433.000 95452.000 97798.000 97908.000 97934.000
   180: 97983.000 98039.000 98052.000 98089.000 98226.000
   185: 98269.000 101294.000 101328.000 101376.000 101415.000
   190: 101556.000 101645.000 103321.000 103480.000 103496.000
   195: 103515.000 103529.000 103559.000 110181.000 110201.000
   200: 110217.000 110245.000 110258.000 110290.000 110301.000
   205: 110314.000 110338.000 110357.000 110367.000 110401.000
   210: 121130.000 121255.000 121296.000 121363.000 121378.000
   215: 121384.000 121400.000 121962.000 122109.000 122185.000
   220: 122287.000 122622.000 122677.000 122758.000 122799.000
   225: 122862.000 122880.000 122900.000 122912.000 122970.000
   230: 126675.000 126841.000 126897.000 130681.000 130768.000
   235: 130802.000 130819.000 130848.000 130866.000 130908.000
   240: 131274.000 131311.000 131415.000 131431.000 131450.000
   245: 131482.000 131524.000 131614.000 131631.000 134330.000
   250: 134406.000 134420.000 134530.000 134679.000 142026.000
   255: 142382.000 142531.000 142546.000 142569.000 142585.000
   260: 142621.000 142658.000 142675.000 142686.000 142724.000
   265: 152704.000 152812.000 153265.000 153284.000 153304.000
   270: 153325.000 153351.000 153367.000 153391.000 153404.000
   275: 158537.000 158573.000 169078.000 173732.000 177757.000
   280: 181561.000 192007.000 192062.000 192097.000 192116.000
   285: 192123.000 192161.000 192208.000 192223.000 192275.000
   290: 192328.000 192343.000 192367.000 192386.000 192394.000
   295: 192404.000 192432.000 209624.000 209662.000 230662.000
   300: 230686.000 230703.000 230793.000 230813.000 230839.000
   305: 230852.000 230945.000 234063.000 234172.000 234214.000
   310: 234232.000 234258.000 234296.000 234327.000 234373.000
   315: 234386.000 234522.000 240177.000 240615.000 240629.000
   320: 240662.000 240698.000 240743.000 240758.000 240794.000
   325: 240936.000 240949.000 244413.000 244441.000 244521.000
   330: 244624.000 244706.000 244717.000 245806.000 245887.000
   335: 245949.000 245961.000 245986.000 246036.000 246087.000
   340: 246182.000 251024.000 251035.000 251053.000 251074.000
   345: 251092.000 251108.000 252626.000 252719.000 252762.000
   350: 252847.000 252886.000 252945.000 252990.000 253102.000
   355: 253160.000 253211.000 253296.000 253355.000 269171.000
   360: 269536.000 275571.000 275630.000 275885.000 276040.000
   365: 276057.000 276083.000 290257.000 290346.000 290401.000
   370: 290486.000 290554.000 290620.000 290634.000 290651.000
   375: 290704.000 290725.000 307910.000 307967.000 308018.000
   380: 308069.000 314832.000 314930.000 315407.000 315422.000
   385: 315461.000 315475.000 315491.000 315533.000 315555.000
   390: 315585.000
D:
     0: 25244.000 32753.000 44485.000 53224.000 57376.000
     5: 62734.000 65295.000 72799.000 85592.000 91142.000
    10: 95452.000 98226.000 110314.000 122912.000 131614.000
    15: 142658.000 153367.000 192161.000 230945.000 234373.000
    20: 240794.000 246182.000 253102.000 276083.000 290651.000
    25: 315533.000
E:
     0: 16328.000 16373.000 25931.000 25956.000 27079.000
     5: 32961.000 33074.000 36322.000 37248.000 37406.000
    10: 38631.000 39678.000 42749.000 44945.000 46980.000
    15: 51003.000 51019.000 52470.000 53753.000 55906.000
    20: 55921.000 57794.000 59441.000 60016.000 60919.000
    25: 62218.000 62939.000 62943.000 65647.000 68470.000
    30: 69073.000 71344.000 72965.000 75808.000 76513.000
    35: 78522.000 79674.000 81254.000 83658.000 85791.000
    40: 85800.000 88321.000 91291.000 93201.000 93933.000
    45: 94822.000 94839.000 95722.000 98470.000 100490.000
    50: 101860.000 103803.000 106604.000 108486.000 108492.000
    55: 108793.000 108811.000 108829.000 108839.000 110568.000
    60: 113480.000 117249.000 120392.000 121620.000 121625.000
    65: 122468.000 123192.000 123200.000 124198.000 125482.000
    70: 127321.000 129431.000 129971.000 131150.000 131769.000
    75: 133941.000 134900.000 134904.000 139003.000 142878.000
    80: 142898.000 144637.000 146240.000 147682.000 149312.000
    85: 153537.000 156318.000 157771.000 159926.000 159929.000
    90: 164542.000 168309.000 168717.000 176191.000 176921.000
    95: 192585.000 192591.000 192596.000 192623.000 194015.000
   100: 194162.000 196741.000 197045.000 200055.000 205085.000
   105: 205901.000 223847.000 230495.000 230513.000 231244.000
   110: 232865.000 232872.000 234674.000 239285.000 241079.000
   115: 243697.000 245029.000 246526.000 251268.000 251277.000
   120: 252466.000 253674.000 256673.000 267430.000 268319.000
   125: 276376.000 278470.000 278495.000 281295.000 285130.000
   130: 288548.000 290940.000 291483.000 293674.000 295490.000
   135: 297496.000 300031.000 312018.000 315787.000 315792.000
   140: 315801.000 316689.000 316699.000
Q:
     0: 16693.000 38091.000 46559.000 51904.000 56969.000
     5: 61919.000 65035.000 70620.000 75336.000 80873.000
    10: 90494.000 94467.000 95053.000 103321.000 121130.000
    15: 121962.000 126675.000 131274.000 152704.000 169078.000
    20: 209624.000 234063.000 240177.000 245806.000 252626.000
    25: 290257.000 314832.000
\300