File: C:\MED-PC\Data\2019-07-31_15h41m_Subject 19008.txt


Start Date: 07/31/19
End Date: 07/31/19
Subject: 19008
Experiment: 
Group: 1
Box: 4
Start Time: 15:41:57
End Time: 16:43:14
MSN: FR8 8p First Lever Laser 50
B:   8.000
F:   1.000
H: 397.000
L: 1526.000
R: 121.000
U:  82.000
V: 297.000
A:
     0:    0.000    1.000
C:
     0: 6069.000 6413.000 6469.000 8077.000 8092.000
     5: 8111.000 8186.000 8211.000 8309.000 8323.000
    10: 8357.000 8398.000 11211.000 11226.000 11243.000
    15: 11262.000 11297.000 11318.000 11360.000 11378.000
    20: 11400.000 12731.000 12754.000 12774.000 12827.000
    25: 12843.000 12872.000 12897.000 12909.000 12925.000
    30: 12954.000 12986.000 13003.000 15807.000 15823.000
    35: 15839.000 15857.000 15879.000 15893.000 15906.000
    40: 15924.000 15945.000 15959.000 15992.000 17179.000
    45: 17194.000 17215.000 20019.000 20049.000 20065.000
    50: 20083.000 20102.000 20122.000 20159.000 20185.000
    55: 20202.000 20236.000 20253.000 20273.000 21357.000
    60: 21390.000 21406.000 21467.000 21483.000 21984.000
    65: 22004.000 22072.000 22090.000 22140.000 22164.000
    70: 22204.000 22225.000 22237.000 22253.000 23080.000
    75: 23131.000 23153.000 23195.000 23211.000 23233.000
    80: 23756.000 23840.000 23857.000 23876.000 23897.000
    85: 23931.000 23947.000 23969.000 24734.000 24746.000
    90: 24765.000 24784.000 24803.000 24817.000 24858.000
    95: 24870.000 24889.000 25841.000 25864.000 25935.000
   100: 25954.000 25988.000 26008.000 26030.000 26062.000
   105: 26084.000 26110.000 26128.000 26163.000 27028.000
   110: 27045.000 27068.000 27111.000 27129.000 27144.000
   115: 27170.000 27535.000 27552.000 27567.000 27608.000
   120: 27623.000 27645.000 27696.000 27719.000 27743.000
   125: 28549.000 28625.000 28643.000 28660.000 28695.000
   130: 28711.000 28730.000 28752.000 28768.000 28853.000
   135: 28868.000 29802.000 29820.000 29835.000 29855.000
   140: 29891.000 29906.000 29927.000 30417.000 30432.000
   145: 30453.000 30499.000 30513.000 30534.000 30556.000
   150: 30590.000 31272.000 31333.000 31350.000 31368.000
   155: 31386.000 31403.000 31419.000 31443.000 31455.000
   160: 31480.000 31496.000 32422.000 32439.000 32457.000
   165: 32485.000 32501.000 32513.000 32535.000 32557.000
   170: 32580.000 33307.000 33322.000 33342.000 33413.000
   175: 33447.000 33457.000 33468.000 33932.000 33946.000
   180: 33963.000 33989.000 34023.000 34030.000 34045.000
   185: 34078.000 34886.000 34904.000 34930.000 34957.000
   190: 34977.000 34997.000 35035.000 35543.000 35565.000
   195: 35576.000 35596.000 35619.000 35652.000 35679.000
   200: 35691.000 35715.000 36456.000 36474.000 36491.000
   205: 36515.000 36532.000 36548.000 36976.000 37035.000
   210: 37048.000 37066.000 37086.000 37108.000 37129.000
   215: 37157.000 37179.000 40940.000 40956.000 40972.000
   220: 41000.000 41016.000 41034.000 41045.000 41066.000
   225: 41076.000 41095.000 41116.000 42169.000 42182.000
   230: 42200.000 42220.000 42242.000 42257.000 42275.000
   235: 42287.000 42303.000 42313.000 42370.000 43072.000
   240: 43085.000 43111.000 43182.000 43198.000 43220.000
   245: 43236.000 43256.000 43267.000 44516.000 44529.000
   250: 44546.000 44602.000 44619.000 44988.000 44998.000
   255: 45017.000 45040.000 45058.000 45074.000 45103.000
   260: 45122.000 45141.000 45155.000 46056.000 46067.000
   265: 46087.000 46110.000 46148.000 46183.000 46194.000
   270: 46216.000 47034.000 47104.000 47122.000 47151.000
   275: 47172.000 47184.000 47205.000 47219.000 48040.000
   280: 48056.000 48077.000 48097.000 48118.000 48130.000
   285: 48179.000 48613.000 48628.000 48640.000 48659.000
   290: 48691.000 48714.000 48730.000 48753.000 48772.000
   295: 48787.000 49734.000 49748.000 49768.000 49801.000
   300: 49813.000 49836.000 49853.000 49910.000 50848.000
   305: 50869.000 50889.000 50911.000 50932.000 50967.000
   310: 50992.000 51010.000 51051.000 51788.000 51832.000
   315: 51843.000 51863.000 51897.000 51929.000 51958.000
   320: 51983.000 55358.000 55398.000 55409.000 55439.000
   325: 55918.000 55934.000 55956.000 55969.000 56005.000
   330: 56039.000 56506.000 57149.000 57155.000 57168.000
   335: 57191.000 57213.000 57265.000 57296.000 57637.000
   340: 57650.000 57667.000 57686.000 57712.000 57734.000
   345: 57767.000 58271.000 58338.000 58349.000 58372.000
   350: 58398.000 58415.000 58429.000 58469.000 59270.000
   355: 59286.000 59318.000 59346.000 59361.000 59378.000
   360: 59800.000 59812.000 59829.000 59846.000 59866.000
   365: 59876.000 59895.000 59938.000 59947.000 60810.000
   370: 60826.000 60844.000 60863.000 60883.000 60910.000
   375: 60961.000 61517.000 61530.000 61545.000 61586.000
   380: 61608.000 61629.000 61663.000 62008.000 62027.000
   385: 62045.000 62064.000 62088.000 62106.000 62128.000
   390: 62140.000 62181.000 62196.000 62885.000 62898.000
   395: 62918.000 62958.000 62982.000 63000.000 63018.000
   400: 63036.000 64137.000 64158.000 64226.000 64254.000
   405: 64267.000 64284.000 64305.000 64342.000 65113.000
   410: 65130.000 65146.000 65165.000 65199.000 65216.000
   415: 65248.000 65262.000 66053.000 66072.000 66089.000
   420: 66108.000 66131.000 66170.000 66185.000 66212.000
   425: 66232.000 66244.000 72277.000 75764.000 75783.000
   430: 75801.000 75825.000 75851.000 75870.000 75893.000
   435: 75909.000 75935.000 76967.000 76985.000 77006.000
   440: 77028.000 77067.000 77091.000 77126.000 77142.000
   445: 77165.000 77247.000 79263.000 79277.000 79291.000
   450: 79316.000 79356.000 79375.000 79407.000 79919.000
   455: 79937.000 79954.000 79977.000 80001.000 80060.000
   460: 80078.000 80141.000 80764.000 80779.000 80795.000
   465: 80817.000 80836.000 80869.000 80884.000 80909.000
   470: 80937.000 81876.000 81891.000 81909.000 81941.000
   475: 81957.000 81974.000 82010.000 82023.000 84117.000
   480: 84129.000 84153.000 84172.000 84198.000 84241.000
   485: 84319.000 84358.000 84373.000 84414.000 85376.000
   490: 85390.000 85437.000 85478.000 85492.000 85512.000
   495: 85988.000 85999.000 86018.000 86037.000 86057.000
   500: 86080.000 86124.000 86137.000 86158.000 86182.000
   505: 86216.000 86233.000 86256.000 87245.000 87263.000
   510: 87280.000 87362.000 87508.000 87525.000 87542.000
   515: 87574.000 87795.000 87811.000 87831.000 88976.000
   520: 89015.000 89043.000 89068.000 89096.000 89117.000
   525: 89154.000 89180.000 89229.000 89252.000 90319.000
   530: 90339.000 90359.000 90378.000 90426.000 90451.000
   535: 90466.000 90506.000 90533.000 91453.000 91478.000
   540: 91496.000 91521.000 91549.000 91574.000 91593.000
   545: 91612.000 91639.000 91687.000 91704.000 91729.000
   550: 91765.000 92880.000 92950.000 92968.000 92992.000
   555: 93015.000 93038.000 93067.000 93083.000 93108.000
   560: 93124.000 93151.000 94228.000 94251.000 94270.000
   565: 94300.000 94333.000 94353.000 94369.000 94411.000
   570: 94446.000 95344.000 95360.000 95381.000 95404.000
   575: 95434.000 95458.000 95466.000 95488.000 95510.000
   580: 95535.000 95551.000 95599.000 96678.000 96694.000
   585: 96707.000 96767.000 96786.000 96810.000 96829.000
   590: 96849.000 96872.000 96893.000 98512.000 98587.000
   595: 98604.000 98621.000 98644.000 98673.000 98697.000
   600: 98721.000 98745.000 98766.000 98809.000 100107.000
   605: 100169.000 100227.000 100246.000 100268.000 100320.000
   610: 100341.000 100367.000 100385.000 100407.000 109756.000
   615: 112120.000 112399.000 114601.000 123458.000 123475.000
   620: 123493.000 123512.000 123545.000 123564.000 124526.000
   625: 124537.000 124553.000 124575.000 124597.000 124614.000
   630: 124632.000 124656.000 124673.000 125762.000 125783.000
   635: 125799.000 125821.000 125844.000 125860.000 125875.000
   640: 125894.000 125917.000 125941.000 125973.000 127052.000
   645: 127401.000 127412.000 127428.000 127448.000 127473.000
   650: 127507.000 127518.000 127532.000 127573.000 129150.000
   655: 129161.000 129182.000 129241.000 129343.000 130170.000
   660: 130255.000 130273.000 130302.000 130329.000 130343.000
   665: 130364.000 130384.000 130402.000 130451.000 130465.000
   670: 131813.000 131874.000 131893.000 131925.000 131955.000
   675: 131976.000 132028.000 132042.000 132060.000 132090.000
   680: 136928.000 137044.000 137076.000 137097.000 140202.000
   685: 140280.000 140316.000 140334.000 140350.000 140412.000
   690: 140430.000 140449.000 140468.000 140494.000 140507.000
   695: 140589.000 140602.000 146453.000 146601.000 147634.000
   700: 147673.000 147728.000 147741.000 147781.000 147794.000
   705: 147809.000 147885.000 147902.000 147920.000 149187.000
   710: 149203.000 149222.000 149240.000 149261.000 149340.000
   715: 149851.000 149861.000 149897.000 149926.000 149941.000
   720: 149964.000 149998.000 150018.000 150169.000 150180.000
   725: 150201.000 150289.000 151615.000 151634.000 151654.000
   730: 151689.000 151710.000 151746.000 151765.000 151780.000
   735: 151800.000 151824.000 152871.000 152887.000 152907.000
   740: 152927.000 152949.000 152982.000 152995.000 153014.000
   745: 153038.000 153056.000 158341.000 158358.000 158384.000
   750: 158402.000 158464.000 158482.000 158631.000 158869.000
   755: 158883.000 158903.000 158928.000 158956.000 158973.000
   760: 158989.000 159004.000 159021.000 160083.000 160096.000
   765: 160115.000 160141.000 160165.000 160189.000 160199.000
   770: 160216.000 160242.000 160310.000 161512.000 161585.000
   775: 161601.000 161623.000 161791.000 161805.000 161891.000
   780: 161906.000 161966.000 161980.000 163481.000 163624.000
   785: 163634.000 163651.000 163674.000 163706.000 163726.000
   790: 163752.000 163811.000 163829.000 166008.000 166027.000
   795: 166045.000 166116.000 166129.000 166146.000 166202.000
   800: 166237.000 166253.000 167300.000 167320.000 167338.000
   805: 167356.000 167371.000 167392.000 167454.000 167471.000
   810: 167490.000 167505.000 167523.000 167543.000 167558.000
   815: 168993.000 169118.000 169130.000 169146.000 169166.000
   820: 169184.000 169201.000 169216.000 169260.000 169278.000
   825: 169304.000 170266.000 170287.000 170305.000 170325.000
   830: 170345.000 170364.000 170388.000 170417.000 170434.000
   835: 170453.000 170477.000 175114.000 175131.000 175151.000
   840: 175171.000 175231.000 175262.000 175290.000 175328.000
   845: 175344.000 175594.000 175608.000 175625.000 175644.000
   850: 175665.000 175675.000 175704.000 175742.000 177188.000
   855: 177205.000 177223.000 177241.000 177265.000 177284.000
   860: 177308.000 177339.000 177357.000 178416.000 178433.000
   865: 178448.000 178466.000 178487.000 178510.000 178522.000
   870: 178540.000 178555.000 178579.000 178607.000 179401.000
   875: 179420.000 179452.000 179480.000 179498.000 179518.000
   880: 179558.000 179576.000 179596.000 179617.000 179632.000
   885: 179663.000 180594.000 180624.000 180651.000 180670.000
   890: 180691.000 180724.000 180745.000 180768.000 180781.000
   895: 180799.000 181747.000 181765.000 181783.000 181804.000
   900: 181845.000 181859.000 181878.000 181899.000 181931.000
   905: 181959.000 182795.000 182809.000 182827.000 182849.000
   910: 182930.000 182948.000 183036.000 183053.000 183069.000
   915: 183087.000 183105.000 184116.000 184141.000 184166.000
   920: 184187.000 184223.000 184243.000 184267.000 184310.000
   925: 184332.000 184347.000 184365.000 185675.000 185714.000
   930: 185730.000 185761.000 186024.000 186202.000 186237.000
   935: 186906.000 186919.000 186936.000 187002.000 187053.000
   940: 187072.000 187090.000 187109.000 187145.000 187174.000
   945: 187187.000 187225.000 187244.000 188055.000 188068.000
   950: 188082.000 188103.000 188141.000 188155.000 188175.000
   955: 188193.000 188209.000 188253.000 188289.000 189348.000
   960: 189371.000 189567.000 189622.000 189636.000 189654.000
   965: 189673.000 189716.000 189736.000 189756.000 189780.000
   970: 189796.000 190781.000 190795.000 190807.000 190832.000
   975: 190875.000 190896.000 190918.000 190968.000 190985.000
   980: 191001.000 191069.000 191102.000 191117.000 191909.000
   985: 191933.000 191955.000 191984.000 192044.000 192114.000
   990: 192152.000 192173.000 192259.000 192459.000 192473.000
   995: 192492.000 192515.000 192655.000 200909.000 200932.000
  1000: 200946.000 200968.000 200996.000 201013.000 201032.000
  1005: 201051.000 201072.000 201133.000 201147.000 201164.000
  1010: 201198.000 201218.000 201230.000 201253.000 202384.000
  1015: 202406.000 202425.000 202453.000 202488.000 202509.000
  1020: 202532.000 202557.000 202570.000 202587.000 202633.000
  1025: 202648.000 202710.000 202726.000 203749.000 203808.000
  1030: 203877.000 203897.000 203915.000 203932.000 203949.000
  1035: 203965.000 204023.000 204037.000 204065.000 204098.000
  1040: 205129.000 205150.000 205166.000 205189.000 205212.000
  1045: 205224.000 205241.000 205264.000 205277.000 205324.000
  1050: 205348.000 206340.000 206383.000 206410.000 206428.000
  1055: 206448.000 206466.000 206673.000 206688.000 206708.000
  1060: 206760.000 206794.000 206832.000 206870.000 228987.000
  1065: 229012.000 229053.000 229069.000 229112.000 229174.000
  1070: 229439.000 229459.000 229477.000 229498.000 229522.000
  1075: 229561.000 229573.000 229863.000 229881.000 229900.000
  1080: 229919.000 229940.000 229984.000 230291.000 230302.000
  1085: 230321.000 230339.000 230358.000 230374.000 230418.000
  1090: 230434.000 232136.000 232155.000 232169.000 232189.000
  1095: 232211.000 232254.000 232273.000 232296.000 232313.000
  1100: 232348.000 232372.000 232407.000 232433.000 233673.000
  1105: 233694.000 233711.000 233732.000 233755.000 233772.000
  1110: 233783.000 233798.000 233818.000 233838.000 233854.000
  1115: 233958.000 233975.000 233994.000 234008.000 234032.000
  1120: 234050.000 234068.000 235009.000 235061.000 235096.000
  1125: 235110.000 235135.000 235152.000 235170.000 235194.000
  1130: 235219.000 235255.000 235280.000 236382.000 236401.000
  1135: 236418.000 236438.000 236460.000 236480.000 236497.000
  1140: 236539.000 236559.000 236594.000 236613.000 236663.000
  1145: 236679.000 236696.000 236727.000 244304.000 245089.000
  1150: 246115.000 246233.000 246247.000 246262.000 250298.000
  1155: 250333.000 250430.000 255882.000 255904.000 255923.000
  1160: 255942.000 255972.000 255989.000 256006.000 256044.000
  1165: 256221.000 256239.000 256254.000 260316.000 260431.000
  1170: 260439.000 260455.000 260568.000 260581.000 261378.000
  1175: 261391.000 261409.000 261432.000 261451.000 261470.000
  1180: 261513.000 261536.000 261555.000 261597.000 262620.000
  1185: 262634.000 262650.000 262670.000 262706.000 262724.000
  1190: 262749.000 262770.000 262786.000 262835.000 262895.000
  1195: 262920.000 263921.000 263938.000 263959.000 263980.000
  1200: 263998.000 269840.000 272022.000 272038.000 272055.000
  1205: 272082.000 272127.000 272141.000 272159.000 272177.000
  1210: 272232.000 272246.000 273874.000 273890.000 273906.000
  1215: 273926.000 273968.000 273997.000 274235.000 274775.000
  1220: 274796.000 274816.000 274837.000 274858.000 274871.000
  1225: 274909.000 274972.000 275023.000 286374.000 289224.000
  1230: 289240.000 289314.000 303024.000 303077.000 303095.000
  1235: 303139.000 303154.000 303173.000 303446.000 303471.000
  1240: 303489.000 303515.000 303547.000 303594.000 303618.000
  1245: 303816.000 303832.000 303850.000 303869.000 303892.000
  1250: 303920.000 303960.000 303971.000 303994.000 305003.000
  1255: 305138.000 305260.000 305275.000 305295.000 305339.000
  1260: 305354.000 305378.000 305403.000 306671.000 306715.000
  1265: 306782.000 306799.000 306818.000 306836.000 306853.000
  1270: 306874.000 306898.000 306937.000 306954.000 306994.000
  1275: 307020.000 308168.000 308305.000 308322.000 308342.000
  1280: 308378.000 308407.000 308425.000 308463.000 309782.000
  1285: 309809.000 309827.000 309850.000 309870.000 309884.000
  1290: 309902.000 309922.000 309945.000 309956.000 310018.000
  1295: 310029.000 310047.000 310054.000 311175.000 311196.000
  1300: 311219.000 311238.000 311259.000 311293.000 311312.000
  1305: 311340.000 311354.000 311392.000 311426.000 311447.000
  1310: 311465.000 311489.000 312430.000 312454.000 312474.000
  1315: 312499.000 312533.000 312553.000 312573.000 312600.000
  1320: 312616.000 312644.000 313814.000 313829.000 313846.000
  1325: 313866.000 313913.000 313930.000 313954.000 314422.000
  1330: 314438.000 314457.000 314473.000 314494.000 314539.000
  1335: 314553.000 314570.000 314594.000 314617.000 314635.000
  1340: 315636.000 315648.000 315667.000 315684.000 315719.000
  1345: 315735.000 315776.000 315791.000 315810.000 315829.000
  1350: 317466.000 317487.000 317505.000 317522.000 317542.000
  1355: 317586.000 317607.000 317638.000 317675.000 317700.000
  1360: 317739.000 317788.000 317805.000 317846.000 317925.000
  1365: 317945.000 318797.000 318823.000 318844.000 318877.000
  1370: 318909.000 318933.000 318983.000 319120.000 319131.000
  1375: 319978.000 320017.000 320043.000 320118.000 320135.000
  1380: 320155.000 320171.000 320407.000 321340.000 321366.000
  1385: 321398.000 321420.000 321449.000 321484.000 321508.000
  1390: 321542.000 321558.000 321588.000 322446.000 322466.000
  1395: 322485.000 322505.000 322534.000 322554.000 322568.000
  1400: 322612.000 322626.000 322651.000 323533.000 323548.000
  1405: 323570.000 323593.000 323618.000 323637.000 323693.000
  1410: 324124.000 324148.000 324167.000 324185.000 324211.000
  1415: 324229.000 324263.000 324282.000 324298.000 325125.000
  1420: 325141.000 325159.000 325179.000 325196.000 325212.000
  1425: 325262.000 325295.000 340649.000 340812.000 342449.000
  1430: 342466.000 342485.000 342521.000 342535.000 342572.000
  1435: 342649.000 343113.000 343131.000 343151.000 343168.000
  1440: 343189.000 343200.000 343215.000 343234.000 343275.000
  1445: 343316.000 344052.000 344070.000 344124.000 344162.000
  1450: 344321.000 344336.000 344380.000 344804.000 344818.000
  1455: 344840.000 344860.000 344883.000 344894.000 344913.000
  1460: 344932.000 344974.000 344987.000 346568.000 346602.000
  1465: 346876.000 346889.000 346907.000 346929.000 346960.000
  1470: 347011.000 347027.000 347067.000 348861.000 348875.000
  1475: 348892.000 348912.000 348954.000 348993.000 349079.000
  1480: 349094.000 350166.000 350181.000 350206.000 350607.000
  1485: 350624.000 350643.000 350717.000 350735.000 350753.000
  1490: 350776.000 353134.000 353201.000 353216.000 353235.000
  1495: 353258.000 353307.000 353330.000 353727.000 353746.000
  1500: 353827.000 353847.000 353904.000 353956.000 355781.000
  1505: 355805.000 355863.000 355876.000 356037.000 356052.000
  1510: 356093.000 356799.000 356814.000 356833.000 357034.000
  1515: 357048.000 357065.000 357085.000 357116.000 357376.000
  1520: 357398.000 357415.000 357437.000 357474.000 357487.000
  1525: 357511.000
D:
     0: 8211.000 11378.000 12909.000 15924.000 20185.000
     5: 22225.000 23969.000 24870.000 26062.000 27719.000
    10: 28752.000 30590.000 31443.000 32557.000 34078.000
    15: 35691.000 37157.000 41066.000 42287.000 43256.000
    20: 45122.000 46216.000 47219.000 48753.000 49910.000
    25: 51010.000 51983.000 58469.000 59938.000 62140.000
    30: 63036.000 64342.000 65262.000 66212.000 75909.000
    35: 77142.000 80141.000 80909.000 82023.000 84358.000
    40: 86137.000 87574.000 89180.000 90506.000 91612.000
    45: 93083.000 94411.000 95488.000 96849.000 98721.000
    50: 100367.000 124656.000 125894.000 127518.000 130384.000
    55: 132042.000 140449.000 147885.000 150018.000 151780.000
    60: 153014.000 159004.000 160216.000 161906.000 163752.000
    65: 166237.000 167471.000 169216.000 170417.000 175328.000
    70: 175742.000 177339.000 178540.000 179576.000 180768.000
    75: 181899.000 183053.000 184310.000 187109.000 188193.000
    80: 189716.000 190968.000 192173.000 201051.000 202557.000
    85: 203965.000 205264.000 206688.000 230434.000 232296.000
    90: 233798.000 235194.000 236539.000 256044.000 261536.000
    95: 262770.000 272177.000 274972.000 303971.000 305378.000
   100: 306874.000 308463.000 309922.000 311340.000 312600.000
   105: 314570.000 315791.000 317638.000 319120.000 320407.000
   110: 321542.000 322612.000 324282.000 325295.000 343234.000
   115: 344932.000 347011.000 349094.000 350735.000 353727.000
   120: 357116.000
E:
     0: 2829.000 8514.000 9293.000 9481.000 9497.000
     5: 10742.000 11490.000 13111.000 14154.000 14293.000
    10: 14299.000 15119.000 15413.000 16066.000 16829.000
    15: 17375.000 18709.000 19487.000 20328.000 20334.000
    20: 20341.000 21571.000 22317.000 23316.000 24020.000
    25: 24966.000 26244.000 27217.000 27804.000 28926.000
    30: 29986.000 30657.000 31558.000 32629.000 33521.000
    35: 34144.000 35096.000 35769.000 35779.000 36637.000
    40: 37227.000 38143.000 38621.000 39194.000 39199.000
    45: 39232.000 41161.000 42412.000 43339.000 44699.000
    50: 45229.000 46260.000 47290.000 48240.000 48860.000
    55: 49505.000 49978.000 51127.000 52030.000 54432.000
    60: 54436.000 55572.000 56155.000 56779.000 56802.000
    65: 56838.000 56858.000 57384.000 57488.000 57500.000
    70: 57920.000 57946.000 58543.000 58572.000 59462.000
    75: 60009.000 61031.000 61726.000 62241.000 63079.000
    80: 64411.000 65334.000 66308.000 70424.000 72790.000
    85: 75234.000 76016.000 76042.000 77300.000 78458.000
    90: 79525.000 80197.000 81016.000 82078.000 82745.000
    95: 82857.000 83236.000 83268.000 84462.000 85613.000
   100: 85621.000 86322.000 87939.000 89317.000 90582.000
   105: 91841.000 93200.000 93282.000 93294.000 94527.000
   110: 95651.000 96963.000 98919.000 99157.000 99187.000
   115: 99203.000 99215.000 99229.000 99242.000 99256.000
   120: 99262.000 99272.000 99277.000 99297.000 99304.000
   125: 99310.000 99323.000 99337.000 99353.000 99365.000
   130: 100505.000 115148.000 123720.000 123731.000 124744.000
   135: 124780.000 126028.000 126060.000 127687.000 129441.000
   140: 130543.000 130796.000 130809.000 130854.000 130860.000
   145: 130868.000 130998.000 131012.000 132150.000 138944.000
   150: 138962.000 140702.000 140712.000 140914.000 140974.000
   155: 141018.000 141031.000 141048.000 141077.000 141093.000
   160: 141102.000 141107.000 141152.000 141183.000 146783.000
   165: 148013.000 148058.000 149419.000 149427.000 150373.000
   170: 150586.000 150631.000 150705.000 150719.000 150749.000
   175: 151875.000 153132.000 153353.000 153422.000 153492.000
   180: 153499.000 153506.000 156204.000 157605.000 158687.000
   185: 158706.000 159080.000 159113.000 159139.000 160369.000
   190: 160411.000 162058.000 163917.000 165696.000 166333.000
   195: 167630.000 169362.000 170524.000 174275.000 175423.000
   200: 175467.000 175810.000 175824.000 177466.000 177506.000
   205: 177513.000 177518.000 177532.000 177544.000 177551.000
   210: 177558.000 177565.000 177571.000 177578.000 177583.000
   215: 177596.000 177610.000 177624.000 177637.000 177665.000
   220: 177679.000 178654.000 179735.000 180887.000 182033.000
   225: 183176.000 184462.000 186314.000 187299.000 188347.000
   230: 188395.000 188422.000 188426.000 188432.000 188445.000
   235: 188462.000 188471.000 188483.000 188497.000 188501.000
   240: 188511.000 189897.000 189903.000 189932.000 191202.000
   245: 191247.000 196029.000 196242.000 199166.000 199667.000
   250: 199681.000 199753.000 199768.000 200603.000 200626.000
   255: 200640.000 201317.000 201484.000 201497.000 201570.000
   260: 202791.000 202973.000 203074.000 204182.000 205509.000
   265: 205877.000 206932.000 217700.000 218108.000 218195.000
   270: 218211.000 218226.000 218257.000 218272.000 218473.000
   275: 221794.000 228673.000 229270.000 229313.000 229730.000
   280: 229749.000 230103.000 230123.000 230527.000 230550.000
   285: 232502.000 234124.000 235367.000 236781.000 237698.000
   290: 245380.000 245402.000 255208.000 255213.000 255700.000
   295: 256319.000 256325.000 256334.000 256343.000 256353.000
   300: 257645.000 260666.000 260683.000 260693.000 261643.000
   305: 261659.000 263014.000 270063.000 270239.000 271448.000
   310: 271744.000 271759.000 272323.000 272331.000 272357.000
   315: 273406.000 274322.000 274330.000 275077.000 275913.000
   320: 275919.000 281755.000 288497.000 301279.000 301794.000
   325: 301930.000 303256.000 303269.000 303691.000 303707.000
   330: 304048.000 304057.000 304075.000 305467.000 305483.000
   335: 307095.000 307121.000 307134.000 307148.000 307160.000
   340: 307174.000 307185.000 307212.000 307362.000 307449.000
   345: 307477.000 307523.000 308540.000 308586.000 310131.000
   350: 311549.000 311576.000 312748.000 313090.000 313191.000
   355: 313998.000 314716.000 314758.000 315336.000 315899.000
   360: 315920.000 315933.000 315938.000 315989.000 316002.000
   365: 317171.000 318022.000 319211.000 320539.000 321662.000
   370: 322699.000 322711.000 323782.000 324407.000 325345.000
   375: 341207.000 341232.000 342742.000 342781.000 342791.000
   380: 343369.000 343388.000 343405.000 344439.000 345083.000
   385: 347155.000 347512.000 347559.000 348506.000 349164.000
   390: 350827.000 351418.000 352395.000 354062.000 356148.000
   395: 356172.000 356185.000
Q:
     0: 6069.000 12731.000 20019.000 21984.000 23756.000
     5: 25841.000 27535.000 28549.000 30417.000 32422.000
    10: 33932.000 35543.000 36976.000 43072.000 44988.000
    15: 47034.000 48613.000 50848.000 55358.000 55918.000
    20: 57149.000 58271.000 60810.000 62008.000 64137.000
    25: 66053.000 75764.000 76967.000 79919.000 84117.000
    30: 85988.000 88976.000 91453.000 92880.000 95344.000
    35: 98512.000 123458.000 125762.000 127052.000 131813.000
    40: 140202.000 147634.000 149851.000 152871.000 158341.000
    45: 161512.000 163481.000 168993.000 175114.000 175594.000
    50: 179401.000 180594.000 184116.000 185675.000 189348.000
    55: 190781.000 202384.000 203749.000 206340.000 229439.000
    60: 232136.000 233673.000 244304.000 246115.000 261378.000
    65: 262620.000 272022.000 274775.000 303024.000 303446.000
    70: 306671.000 309782.000 311175.000 314422.000 317466.000
    75: 319978.000 321340.000 324124.000 340649.000 343113.000
    80: 344804.000 346568.000 353134.000 356799.000
\300
