File: C:\MED-PC\Data\2019-07-25_14h29m_Subject 19001.txt



Start Date: 07/25/19
End Date: 07/25/19
Subject: 19001
Experiment: 300
Group: 1
Box: 1
Start Time: 14:29:13
End Time: 15:30:58
MSN: FR8 8p First Lever Laser 50
B:   8.000
F:   1.000
H: 335.000
L: 1157.000
R:  62.000
U:  91.000
V: 135.000
A:
     0:    0.000    1.000
C:
     0: 6377.000 6398.000 6416.000 6446.000 6475.000
     5: 6596.000 9269.000 9290.000 9365.000 11829.000
    10: 17400.000 17509.000 17605.000 17659.000 17697.000
    15: 20131.000 20951.000 22067.000 24709.000 24798.000
    20: 24818.000 25049.000 25104.000 25147.000 25182.000
    25: 25450.000 25470.000 25523.000 25554.000 25794.000
    30: 25847.000 25864.000 25875.000 25893.000 25914.000
    35: 26113.000 26171.000 26291.000 26409.000 26609.000
    40: 26720.000 31264.000 31330.000 31447.000 35159.000
    45: 35561.000 35635.000 35653.000 35685.000 35813.000
    50: 35829.000 37814.000 39570.000 39671.000 39878.000
    55: 39984.000 40021.000 45069.000 45267.000 45285.000
    60: 45444.000 45505.000 45598.000 45621.000 46261.000
    65: 46422.000 46463.000 46757.000 46913.000 46957.000
    70: 47021.000 47107.000 47165.000 47295.000 47562.000
    75: 47596.000 47688.000 47733.000 47784.000 47953.000
    80: 48077.000 48097.000 48262.000 48308.000 48380.000
    85: 48392.000 48628.000 50882.000 51021.000 51059.000
    90: 51310.000 53851.000 54039.000 54068.000 54206.000
    95: 54306.000 57723.000 58096.000 58294.000 60186.000
   100: 60320.000 60347.000 60503.000 60565.000 60589.000
   105: 60638.000 61526.000 61556.000 65585.000 73723.000
   110: 73779.000 73806.000 73864.000 73883.000 73911.000
   115: 73952.000 74236.000 74399.000 74419.000 75983.000
   120: 77454.000 77580.000 77605.000 77838.000 77862.000
   125: 77882.000 77914.000 77990.000 81175.000 82494.000
   130: 82528.000 82635.000 82788.000 82814.000 82840.000
   135: 84553.000 85885.000 86036.000 86120.000 86245.000
   140: 86260.000 86642.000 86770.000 86845.000 86941.000
   145: 87027.000 87119.000 87169.000 87407.000 87444.000
   150: 87458.000 87552.000 87575.000 87629.000 87703.000
   155: 87816.000 87850.000 91354.000 93022.000 93211.000
   160: 93241.000 93279.000 93360.000 93714.000 93960.000
   165: 94094.000 94125.000 94634.000 94679.000 94701.000
   170: 94740.000 94769.000 94866.000 94921.000 96257.000
   175: 96328.000 96341.000 96419.000 96435.000 96449.000
   180: 96474.000 96804.000 96853.000 96884.000 96928.000
   185: 96964.000 97067.000 97103.000 97152.000 99728.000
   190: 99884.000 99910.000 99936.000 100068.000 100085.000
   195: 100103.000 100191.000 104854.000 106400.000 106532.000
   200: 106723.000 106754.000 106768.000 106919.000 107868.000
   205: 109557.000 111281.000 111332.000 111357.000 111437.000
   210: 111521.000 111554.000 111655.000 111684.000 111703.000
   215: 111763.000 114077.000 114094.000 114158.000 118370.000
   220: 119827.000 120201.000 120265.000 120276.000 120352.000
   225: 120505.000 120519.000 120536.000 120555.000 120584.000
   230: 124200.000 124319.000 124569.000 124608.000 124700.000
   235: 124744.000 126540.000 126644.000 130846.000 133137.000
   240: 133253.000 134688.000 134762.000 134982.000 135024.000
   245: 135049.000 135116.000 135747.000 135785.000 135798.000
   250: 135844.000 135877.000 135895.000 135914.000 135955.000
   255: 135982.000 136013.000 141357.000 141799.000 141863.000
   260: 144895.000 145046.000 145120.000 145227.000 145312.000
   265: 145724.000 145891.000 145913.000 145954.000 145997.000
   270: 146081.000 146510.000 146547.000 146581.000 146626.000
   275: 146644.000 146664.000 146709.000 146726.000 146809.000
   280: 146885.000 148574.000 148659.000 148684.000 148752.000
   285: 148781.000 149731.000 149799.000 149823.000 149837.000
   290: 149872.000 149906.000 149955.000 150021.000 150031.000
   295: 150049.000 150062.000 152469.000 152524.000 152613.000
   300: 152671.000 152709.000 152820.000 153473.000 153504.000
   305: 153520.000 153574.000 153593.000 153620.000 153658.000
   310: 153702.000 153788.000 153806.000 153824.000 156321.000
   315: 156434.000 156495.000 156536.000 156985.000 157092.000
   320: 157172.000 157270.000 158006.000 158050.000 158096.000
   325: 158118.000 158139.000 158198.000 158222.000 158238.000
   330: 158298.000 158353.000 158374.000 158415.000 160206.000
   335: 160243.000 160331.000 160405.000 160436.000 160451.000
   340: 160488.000 161289.000 161378.000 161392.000 161514.000
   345: 161559.000 161582.000 162152.000 162238.000 162260.000
   350: 162283.000 162303.000 162377.000 162398.000 162479.000
   355: 162499.000 162534.000 162562.000 162577.000 162595.000
   360: 162677.000 164234.000 164319.000 164397.000 164438.000
   365: 164489.000 164565.000 164614.000 165472.000 165560.000
   370: 165614.000 165671.000 165693.000 166018.000 166200.000
   375: 166351.000 166385.000 166489.000 166861.000 166922.000
   380: 166937.000 166956.000 167016.000 167038.000 167082.000
   385: 167113.000 167162.000 167235.000 168794.000 168880.000
   390: 168909.000 168921.000 168938.000 169382.000 169426.000
   395: 169448.000 169467.000 169522.000 169552.000 169622.000
   400: 169692.000 169741.000 169759.000 169782.000 171233.000
   405: 171338.000 171369.000 171413.000 171457.000 171544.000
   410: 171587.000 171609.000 171688.000 173380.000 173527.000
   415: 173630.000 174875.000 174925.000 176860.000 176980.000
   420: 177006.000 177021.000 177058.000 177120.000 177177.000
   425: 177220.000 177247.000 179348.000 179498.000 179585.000
   430: 179946.000 180008.000 180057.000 181235.000 181334.000
   435: 181359.000 183320.000 183445.000 183747.000 183768.000
   440: 183795.000 183882.000 184678.000 184763.000 184819.000
   445: 184911.000 186611.000 186690.000 186739.000 186759.000
   450: 186779.000 186846.000 186878.000 187037.000 187088.000
   455: 189268.000 189327.000 193460.000 193687.000 193730.000
   460: 194290.000 194422.000 194490.000 194504.000 194811.000
   465: 194889.000 194908.000 195008.000 195026.000 195042.000
   470: 195120.000 195251.000 195329.000 195364.000 197868.000
   475: 197978.000 198010.000 198057.000 198132.000 198240.000
   480: 198261.000 198293.000 200431.000 200514.000 200547.000
   485: 200631.000 200743.000 202090.000 202165.000 202180.000
   490: 202200.000 202262.000 202278.000 202308.000 202317.000
   495: 202352.000 202406.000 202420.000 204703.000 204758.000
   500: 204775.000 204804.000 204826.000 204864.000 204917.000
   505: 204964.000 206887.000 206931.000 206966.000 207002.000
   510: 207084.000 207105.000 207153.000 207184.000 208824.000
   515: 208932.000 208966.000 209009.000 209072.000 209167.000
   520: 209185.000 209206.000 210810.000 210880.000 210931.000
   525: 210983.000 211090.000 211654.000 211692.000 211720.000
   530: 211731.000 211802.000 211888.000 211979.000 212351.000
   535: 212396.000 212410.000 212432.000 212476.000 212488.000
   540: 212533.000 212568.000 212647.000 212682.000 214500.000
   545: 214549.000 214561.000 214580.000 214631.000 214664.000
   550: 214709.000 214758.000 214837.000 214892.000 215965.000
   555: 216101.000 216128.000 216273.000 216292.000 217083.000
   560: 217151.000 217173.000 217196.000 217259.000 217278.000
   565: 217305.000 217332.000 217474.000 218657.000 218716.000
   570: 218729.000 218775.000 218980.000 219247.000 219317.000
   575: 219337.000 220962.000 220978.000 221046.000 221126.000
   580: 221558.000 221647.000 221671.000 221723.000 221743.000
   585: 221845.000 221926.000 222056.000 223426.000 223548.000
   590: 223592.000 223676.000 223705.000 223812.000 223844.000
   595: 224416.000 224451.000 224464.000 224605.000 224629.000
   600: 224655.000 227394.000 227506.000 227582.000 227898.000
   605: 227946.000 227969.000 227998.000 228050.000 228122.000
   610: 228142.000 228211.000 229953.000 230007.000 230040.000
   615: 230098.000 230149.000 230181.000 230542.000 230629.000
   620: 230697.000 230749.000 230769.000 231268.000 231309.000
   625: 231358.000 231377.000 231442.000 231495.000 231528.000
   630: 231568.000 233768.000 233852.000 233930.000 234022.000
   635: 236234.000 236319.000 237693.000 238205.000 238251.000
   640: 238264.000 238280.000 238301.000 238319.000 238336.000
   645: 238375.000 238431.000 238462.000 238531.000 238542.000
   650: 238582.000 240040.000 240109.000 240125.000 240162.000
   655: 240241.000 240340.000 240375.000 240424.000 240503.000
   660: 242178.000 242272.000 242449.000 242464.000 242483.000
   665: 242501.000 242518.000 242619.000 242821.000 244240.000
   670: 244317.000 244390.000 244434.000 244451.000 244491.000
   675: 244573.000 244591.000 244631.000 244697.000 246279.000
   680: 246445.000 246464.000 246503.000 246523.000 246549.000
   685: 246570.000 246582.000 246597.000 246623.000 246654.000
   690: 248292.000 248377.000 248388.000 248474.000 248624.000
   695: 248641.000 248821.000 248843.000 250271.000 250315.000
   700: 250373.000 250419.000 251193.000 251297.000 251329.000
   705: 251347.000 251366.000 251383.000 251414.000 251461.000
   710: 251481.000 251541.000 251549.000 251635.000 253190.000
   715: 253313.000 253329.000 253345.000 253370.000 253383.000
   720: 253480.000 253563.000 253759.000 253833.000 253902.000
   725: 255092.000 255162.000 255178.000 255228.000 255261.000
   730: 255411.000 255876.000 255888.000 255919.000 255956.000
   735: 255969.000 255986.000 256027.000 256077.000 256096.000
   740: 256174.000 256203.000 256229.000 256921.000 256998.000
   745: 258770.000 258857.000 258888.000 258903.000 258918.000
   750: 259441.000 259475.000 259490.000 259604.000 259840.000
   755: 259873.000 259910.000 260022.000 260033.000 261566.000
   760: 261649.000 261708.000 261713.000 261747.000 261768.000
   765: 261912.000 262623.000 262753.000 262794.000 262810.000
   770: 262823.000 262866.000 262893.000 262909.000 262986.000
   775: 264174.000 264250.000 264349.000 264467.000 264551.000
   780: 264684.000 265498.000 265588.000 265603.000 265710.000
   785: 265728.000 265743.000 265758.000 265779.000 265829.000
   790: 266089.000 266109.000 267573.000 267610.000 267642.000
   795: 267672.000 267690.000 267714.000 267737.000 267747.000
   800: 267809.000 267825.000 267838.000 267872.000 267921.000
   805: 267934.000 269661.000 269827.000 269917.000 269930.000
   810: 269951.000 269965.000 270038.000 270567.000 270641.000
   815: 270652.000 270688.000 270703.000 270742.000 270812.000
   820: 270850.000 272314.000 272360.000 272519.000 277167.000
   825: 277225.000 277382.000 278145.000 281600.000 281694.000
   830: 281898.000 281983.000 282051.000 282340.000 282461.000
   835: 282530.000 282598.000 282655.000 283595.000 283776.000
   840: 283815.000 283853.000 283986.000 284890.000 284952.000
   845: 285010.000 285054.000 285146.000 285374.000 285927.000
   850: 286006.000 286094.000 286319.000 286717.000 286761.000
   855: 286862.000 286913.000 287027.000 287124.000 287601.000
   860: 287681.000 287732.000 287750.000 287802.000 288214.000
   865: 288252.000 288263.000 288318.000 288336.000 288355.000
   870: 288375.000 288414.000 288463.000 288483.000 288543.000
   875: 288602.000 288692.000 290488.000 290538.000 290643.000
   880: 290720.000 290802.000 290815.000 290852.000 291292.000
   885: 291326.000 291342.000 291362.000 291386.000 291419.000
   890: 291483.000 291961.000 291996.000 292032.000 292100.000
   895: 292232.000 292248.000 292375.000 292446.000 294023.000
   900: 294061.000 294088.000 294167.000 294244.000 294319.000
   905: 294455.000 294496.000 294546.000 294550.000 296578.000
   910: 296671.000 296749.000 296787.000 297134.000 297179.000
   915: 297261.000 297283.000 297296.000 297405.000 297717.000
   920: 297752.000 297848.000 297942.000 298050.000 298155.000
   925: 298785.000 298835.000 298850.000 298895.000 298927.000
   930: 298989.000 299067.000 299429.000 299474.000 299489.000
   935: 299569.000 299593.000 299613.000 299689.000 299704.000
   940: 299745.000 299798.000 299812.000 299858.000 301359.000
   945: 301459.000 301499.000 301517.000 301534.000 301555.000
   950: 301558.000 301624.000 301765.000 301799.000 303435.000
   955: 303483.000 303510.000 303926.000 304001.000 304744.000
   960: 304775.000 304805.000 304875.000 304990.000 305003.000
   965: 305094.000 305547.000 305607.000 305625.000 305674.000
   970: 305841.000 305871.000 305897.000 306242.000 306294.000
   975: 306342.000 306358.000 306375.000 306425.000 306432.000
   980: 306496.000 306581.000 306625.000 309721.000 312114.000
   985: 312241.000 312282.000 312301.000 312460.000 313659.000
   990: 313757.000 313833.000 314404.000 314494.000 314544.000
   995: 314964.000 315007.000 315049.000 315159.000 315359.000
  1000: 315636.000 315718.000 315746.000 315824.000 315840.000
  1005: 315900.000 315930.000 316281.000 316338.000 316348.000
  1010: 316433.000 316472.000 316515.000 316574.000 316686.000
  1015: 316743.000 318218.000 318283.000 318340.000 318363.000
  1020: 318472.000 318499.000 318541.000 318562.000 318606.000
  1025: 320418.000 320662.000 320677.000 320711.000 320760.000
  1030: 320833.000 324037.000 324127.000 324352.000 326927.000
  1035: 328977.000 329053.000 329063.000 329109.000 331383.000
  1040: 331488.000 331552.000 331607.000 331688.000 331717.000
  1045: 331831.000 332080.000 332118.000 332196.000 332281.000
  1050: 332435.000 332519.000 332566.000 332819.000 332876.000
  1055: 334246.000 334283.000 334320.000 334647.000 334682.000
  1060: 334729.000 334780.000 334844.000 334926.000 335002.000
  1065: 335042.000 337316.000 337364.000 337572.000 337602.000
  1070: 337925.000 338004.000 338029.000 338047.000 338073.000
  1075: 338105.000 338189.000 338218.000 338234.000 338341.000
  1080: 340393.000 340449.000 340638.000 340937.000 341023.000
  1085: 341368.000 343802.000 345757.000 346133.000 346186.000
  1090: 346255.000 346594.000 346624.000 346640.000 346662.000
  1095: 346702.000 346740.000 346839.000 346915.000 346992.000
  1100: 348491.000 348535.000 348725.000 348979.000 349066.000
  1105: 349558.000 349621.000 349653.000 349678.000 349715.000
  1110: 349783.000 349801.000 349815.000 349861.000 351906.000
  1115: 351964.000 352011.000 352054.000 352443.000 352479.000
  1120: 352489.000 352525.000 352546.000 352568.000 352995.000
  1125: 353009.000 353091.000 353178.000 353196.000 353209.000
  1130: 353226.000 353243.000 353272.000 355177.000 355279.000
  1135: 355326.000 355426.000 355503.000 355765.000 355812.000
  1140: 355838.000 355855.000 355920.000 355993.000 356013.000
  1145: 356059.000 357562.000 357621.000 357640.000 357684.000
  1150: 357723.000 357760.000 357782.000 357811.000 359475.000
  1155: 359593.000 359661.000
D:
     0: 25450.000 47107.000 60565.000 77990.000 87816.000
     5: 97152.000 100191.000 111684.000 120536.000 135955.000
    10: 146726.000 150021.000 153702.000 158238.000 162479.000
    15: 167113.000 169692.000 171609.000 177220.000 187037.000
    20: 195251.000 198293.000 202317.000 204964.000 207184.000
    25: 209206.000 212568.000 214758.000 217332.000 219337.000
    30: 222056.000 228211.000 231568.000 238375.000 240424.000
    35: 242619.000 244591.000 246582.000 248843.000 251461.000
    40: 253563.000 256077.000 260022.000 262909.000 265779.000
    45: 267747.000 270850.000 288414.000 292446.000 294496.000
    50: 299704.000 301624.000 306496.000 316686.000 318562.000
    55: 335042.000 338218.000 346915.000 349815.000 353243.000
    60: 356059.000 357811.000
E:
     0: 2126.000 3096.000 5510.000 5903.000 6115.000
     5: 8104.000 8131.000 9503.000 9925.000 11555.000
    10: 12721.000 13701.000 15869.000 17111.000 19919.000
    15: 20763.000 22191.000 22223.000 22342.000 22565.000
    20: 22624.000 24086.000 26892.000 26904.000 28373.000
    25: 28538.000 28709.000 30348.000 30908.000 31619.000
    30: 33029.000 35259.000 35978.000 36134.000 37951.000
    35: 39337.000 40183.000 43816.000 44866.000 45715.000
    40: 45738.000 45911.000 48735.000 48767.000 50153.000
    45: 50493.000 50499.000 50522.000 50539.000 51408.000
    50: 51471.000 54507.000 55243.000 56790.000 56795.000
    55: 62768.000 63207.000 65329.000 67679.000 69466.000
    60: 70398.000 71924.000 73578.000 74017.000 75739.000
    65: 77247.000 78100.000 79950.000 80442.000 81326.000
    70: 82952.000 83555.000 85669.000 85768.000 86390.000
    75: 86498.000 87232.000 87927.000 90321.000 91636.000
    80: 92848.000 93458.000 94230.000 95085.000 96001.000
    85: 96606.000 97255.000 99288.000 99301.000 100284.000
    90: 102481.000 103288.000 105190.000 105861.000 107002.000
    95: 107716.000 110973.000 111889.000 115773.000 116152.000
   100: 117742.000 118058.000 118548.000 118560.000 120687.000
   105: 123195.000 123945.000 124874.000 124881.000 125518.000
   110: 125903.000 126204.000 128801.000 131925.000 133425.000
   115: 134341.000 135228.000 136097.000 137329.000 138944.000
   120: 139096.000 140816.000 141006.000 141022.000 141992.000
   125: 143606.000 144370.000 145392.000 146180.000 146982.000
   130: 148950.000 150148.000 152206.000 152942.000 153286.000
   135: 153909.000 156101.000 156648.000 157407.000 158499.000
   140: 159956.000 160585.000 161795.000 161973.000 162041.000
   145: 162769.000 164709.000 165811.000 166613.000 167322.000
   150: 169030.000 169868.000 171042.000 171821.000 173076.000
   155: 173086.000 173739.000 175046.000 176673.000 177376.000
   160: 180198.000 180739.000 181039.000 182744.000 182819.000
   165: 182937.000 183106.000 183967.000 185044.000 185577.000
   170: 187230.000 189068.000 190907.000 192295.000 193353.000
   175: 193828.000 194653.000 195461.000 198379.000 200844.000
   180: 201890.000 202500.000 203726.000 205044.000 206593.000
   185: 206609.000 207262.000 208544.000 209350.000 211192.000
   190: 211431.000 211439.000 212060.000 212835.000 214247.000
   195: 214991.000 216422.000 217623.000 219452.000 221253.000
   200: 222513.000 223142.000 223949.000 224809.000 226178.000
   205: 227137.000 227698.000 228280.000 229759.000 230280.000
   210: 230980.000 231648.000 233509.000 233534.000 234228.000
   215: 236467.000 237917.000 237920.000 238698.000 238709.000
   220: 238715.000 239501.000 239899.000 240611.000 241777.000
   225: 241888.000 241912.000 242954.000 243878.000 244053.000
   230: 244822.000 246004.000 246807.000 248992.000 249928.000
   235: 250667.000 251751.000 252742.000 254026.000 255514.000
   240: 257151.000 259137.000 260152.000 260990.000 262172.000
   245: 263080.000 263955.000 264948.000 265277.000 266198.000
   250: 267071.000 268067.000 268857.000 269422.000 270254.000
   255: 270954.000 272627.000 274181.000 276746.000 277801.000
   260: 280228.000 281381.000 282170.000 282780.000 284165.000
   265: 285481.000 286471.000 287331.000 287429.000 287932.000
   270: 288828.000 290924.000 291618.000 292527.000 294622.000
   275: 296283.000 296881.000 297521.000 298298.000 299257.000
   280: 299920.000 301872.000 304213.000 305200.000 305205.000
   285: 306060.000 306742.000 307801.000 307896.000 309330.000
   290: 311068.000 312588.000 313550.000 313959.000 314720.000
   295: 315493.000 316020.000 316849.000 318699.000 319871.000
   300: 320951.000 321136.000 323773.000 323804.000 323827.000
   305: 324475.000 325024.000 326532.000 328797.000 330561.000
   310: 331026.000 331902.000 332645.000 332648.000 334442.000
   315: 335158.000 337760.000 338431.000 341576.000 343471.000
   320: 345318.000 345326.000 346404.000 347128.000 349181.000
   325: 350014.000 352243.000 352787.000 353445.000 354976.000
   330: 355586.000 356253.000 357345.000 357941.000 359988.000
Q:
     0: 9269.000 17400.000 20951.000 31264.000 35561.000
     5: 39570.000 45069.000 53851.000 57723.000 74236.000
    10: 77454.000 81175.000 85885.000 86642.000 91354.000
    15: 93714.000 96804.000 99728.000 106400.000 114077.000
    20: 119827.000 124200.000 133137.000 134688.000 141357.000
    25: 145724.000 148574.000 152469.000 156985.000 158006.000
    30: 161289.000 164234.000 166018.000 169382.000 171233.000
    35: 174875.000 179348.000 183320.000 186611.000 194290.000
    40: 194811.000 202090.000 206887.000 208824.000 211654.000
    45: 215965.000 217083.000 221558.000 223426.000 227394.000
    50: 230542.000 233768.000 236234.000 240040.000 242178.000
    55: 248292.000 251193.000 253190.000 255876.000 259441.000
    60: 264174.000 265498.000 269661.000 277167.000 281600.000
    65: 283595.000 284890.000 286717.000 288214.000 291961.000
    70: 294023.000 297717.000 298785.000 303435.000 304744.000
    75: 306242.000 312114.000 314964.000 316281.000 320418.000
    80: 324037.000 331383.000 332080.000 334647.000 340393.000
    85: 345757.000 348491.000 349558.000 352995.000 355765.000
    90: 359475.000
\300