File: C:\MED-PC\Data\2019-08-01_11h31m_Subject 19010.txt


Start Date: 08/01/19
End Date: 08/01/19
Subject: 19010
Experiment: 
Group: 1
Box: 4
Start Time: 11:31:51
End Time: 12:38:06
MSN: FR8 8p First Lever Laser 50
B:   8.000
F:   1.000
H: 162.000
L: 755.000
R:  52.000
U:  51.000
V: 102.000
A:
     0:    0.000    1.000
C:
     0: 7799.000 7970.000 15310.000 15381.000 15536.000
     5: 15832.000 15900.000 15941.000 15960.000 16301.000
    10: 16360.000 16448.000 16545.000 16567.000 16584.000
    15: 16608.000 22646.000 22731.000 25010.000 25036.000
    20: 25107.000 25205.000 25218.000 25415.000 25457.000
    25: 25467.000 28628.000 32748.000 32797.000 32858.000
    30: 32906.000 32937.000 33009.000 33027.000 33050.000
    35: 33181.000 36927.000 36987.000 37030.000 37091.000
    40: 37142.000 37197.000 37344.000 37367.000 37380.000
    45: 40063.000 40102.000 40137.000 40154.000 40164.000
    50: 40255.000 40280.000 40292.000 40361.000 42641.000
    55: 42751.000 42766.000 42780.000 42848.000 45272.000
    60: 45332.000 45348.000 45406.000 45429.000 45540.000
    65: 45584.000 45634.000 48189.000 48200.000 48258.000
    70: 48267.000 48315.000 48351.000 48364.000 48400.000
    75: 48434.000 48451.000 50846.000 50891.000 50945.000
    80: 51028.000 51061.000 51128.000 52041.000 52095.000
    85: 52110.000 52162.000 52214.000 52418.000 55376.000
    90: 55471.000 56660.000 56708.000 56766.000 56829.000
    95: 56908.000 56923.000 57009.000 57347.000 57429.000
   100: 57452.000 57513.000 57547.000 57683.000 57692.000
   105: 60473.000 60568.000 60610.000 60624.000 60738.000
   110: 60764.000 62068.000 62124.000 62187.000 62227.000
   115: 62249.000 62299.000 62313.000 62337.000 64651.000
   120: 64677.000 64714.000 64770.000 64790.000 64804.000
   125: 64837.000 64883.000 67004.000 67043.000 67061.000
   130: 67096.000 67130.000 67147.000 67157.000 67220.000
   135: 67243.000 69035.000 69112.000 69148.000 69207.000
   140: 69235.000 69253.000 69268.000 69281.000 69354.000
   145: 71976.000 72044.000 72069.000 72090.000 72141.000
   150: 72167.000 72210.000 72260.000 74221.000 74232.000
   155: 74262.000 74294.000 74312.000 74381.000 74402.000
   160: 74433.000 74467.000 76008.000 76104.000 76182.000
   165: 76230.000 76281.000 77305.000 77422.000 77464.000
   170: 77502.000 77530.000 77569.000 77656.000 77797.000
   175: 79641.000 79686.000 79741.000 79802.000 79849.000
   180: 80154.000 80179.000 81308.000 81331.000 81397.000
   185: 81432.000 81453.000 81466.000 81519.000 81942.000
   190: 81967.000 87660.000 87718.000 87829.000 87860.000
   195: 88670.000 88825.000 88886.000 88934.000 88956.000
   200: 88969.000 89729.000 89764.000 89788.000 89811.000
   205: 89822.000 89897.000 89923.000 89938.000 92237.000
   210: 92303.000 92322.000 92439.000 92473.000 92486.000
   215: 92520.000 92528.000 94629.000 94659.000 94682.000
   220: 94706.000 94779.000 94789.000 94861.000 97836.000
   225: 97875.000 97896.000 97934.000 97955.000 97984.000
   230: 98022.000 98154.000 98234.000 100024.000 100098.000
   235: 100255.000 100288.000 100338.000 100350.000 101143.000
   240: 101186.000 101203.000 101231.000 101301.000 101341.000
   245: 101504.000 101549.000 101597.000 101713.000 103285.000
   250: 103381.000 103439.000 103800.000 103852.000 103900.000
   255: 103959.000 105724.000 105748.000 107798.000 108065.000
   260: 108075.000 108100.000 108121.000 108133.000 108445.000
   265: 108469.000 110217.000 110263.000 110412.000 110429.000
   270: 110781.000 110869.000 110918.000 111004.000 111031.000
   275: 111039.000 111158.000 112364.000 112423.000 112511.000
   280: 112624.000 112900.000 112950.000 113785.000 113881.000
   285: 113939.000 114011.000 114066.000 115833.000 117687.000
   290: 117717.000 117811.000 119364.000 119442.000 119504.000
   295: 119566.000 119581.000 121712.000 121794.000 121813.000
   300: 122053.000 122092.000 122112.000 122129.000 122156.000
   305: 122185.000 122219.000 122243.000 122269.000 122305.000
   310: 122326.000 124286.000 124315.000 124340.000 124493.000
   315: 124569.000 124577.000 124644.000 125565.000 125619.000
   320: 125652.000 128802.000 128970.000 129044.000 129114.000
   325: 129133.000 129404.000 129581.000 129648.000 129656.000
   330: 131043.000 131097.000 131156.000 131215.000 131266.000
   335: 131313.000 134029.000 134048.000 134157.000 134184.000
   340: 134210.000 134263.000 134288.000 134332.000 134349.000
   345: 134399.000 136808.000 136881.000 136928.000 136953.000
   350: 136977.000 137002.000 137054.000 137774.000 137819.000
   355: 137841.000 137959.000 137993.000 138041.000 138628.000
   360: 138640.000 138678.000 138710.000 138746.000 138805.000
   365: 138868.000 141400.000 141481.000 141508.000 141532.000
   370: 141636.000 141663.000 141678.000 141705.000 143433.000
   375: 143460.000 143503.000 143534.000 143558.000 143576.000
   380: 143593.000 143631.000 145856.000 145869.000 145895.000
   385: 146043.000 146071.000 146120.000 146151.000 146172.000
   390: 149185.000 149331.000 151391.000 151567.000 151589.000
   395: 151610.000 152246.000 152302.000 152326.000 152351.000
   400: 152424.000 152433.000 152983.000 153053.000 153074.000
   405: 153155.000 153168.000 153193.000 153209.000 153238.000
   410: 153253.000 153280.000 155183.000 155255.000 155300.000
   415: 155350.000 155370.000 155437.000 155497.000 155545.000
   420: 157795.000 157855.000 157891.000 157965.000 157990.000
   425: 158994.000 159084.000 159153.000 159180.000 159200.000
   430: 159211.000 159226.000 159308.000 161547.000 161593.000
   435: 161703.000 161758.000 161805.000 161814.000 161845.000
   440: 161856.000 166381.000 166771.000 166862.000 166899.000
   445: 167208.000 169265.000 169294.000 169331.000 169364.000
   450: 169389.000 169451.000 169476.000 169730.000 169765.000
   455: 169828.000 169850.000 169905.000 169940.000 170050.000
   460: 174698.000 174721.000 174786.000 178617.000 178639.000
   465: 178671.000 178737.000 178793.000 178879.000 178928.000
   470: 179229.000 179257.000 179295.000 179336.000 179362.000
   475: 179419.000 181598.000 181644.000 181684.000 181738.000
   480: 181777.000 181817.000 182289.000 182376.000 182385.000
   485: 182430.000 182442.000 182478.000 185025.000 185050.000
   490: 185126.000 185189.000 185400.000 185420.000 185442.000
   495: 185535.000 187852.000 187987.000 188035.000 188044.000
   500: 188087.000 188108.000 188379.000 188400.000 188415.000
   505: 188527.000 188557.000 188666.000 190153.000 190207.000
   510: 190367.000 190432.000 190455.000 190582.000 190601.000
   515: 193435.000 193514.000 196260.000 196329.000 196353.000
   520: 196375.000 196441.000 198926.000 198959.000 200195.000
   525: 200272.000 203314.000 203329.000 209277.000 209323.000
   530: 209497.000 212365.000 221274.000 221312.000 221354.000
   535: 223595.000 229993.000 230054.000 230111.000 230120.000
   540: 230162.000 233808.000 233832.000 234127.000 234219.000
   545: 234252.000 236644.000 236686.000 236889.000 237036.000
   550: 237132.000 237401.000 237499.000 237564.000 237609.000
   555: 237633.000 237666.000 237681.000 237706.000 237723.000
   560: 237768.000 240004.000 240061.000 240188.000 240268.000
   565: 240364.000 241361.000 241389.000 241481.000 241498.000
   570: 241557.000 241591.000 241599.000 241629.000 241697.000
   575: 251251.000 251338.000 251389.000 251493.000 251571.000
   580: 251608.000 251837.000 251910.000 251956.000 252013.000
   585: 252035.000 252055.000 252082.000 252103.000 252120.000
   590: 252127.000 252167.000 254604.000 254699.000 254764.000
   595: 254803.000 254860.000 254868.000 254913.000 254926.000
   600: 258039.000 258237.000 258282.000 261556.000 266684.000
   605: 266766.000 266943.000 266977.000 267263.000 267312.000
   610: 267509.000 267857.000 268008.000 268028.000 268040.000
   615: 268052.000 268122.000 268135.000 268184.000 268196.000
   620: 270151.000 270195.000 270220.000 270234.000 270263.000
   625: 270305.000 270380.000 270811.000 270863.000 270979.000
   630: 271044.000 271068.000 271086.000 271167.000 273915.000
   635: 273948.000 274167.000 274338.000 274431.000 275008.000
   640: 278229.000 278296.000 278405.000 278452.000 278481.000
   645: 279007.000 279039.000 279068.000 279187.000 279203.000
   650: 279234.000 281409.000 281448.000 281629.000 281955.000
   655: 282282.000 282532.000 282559.000 283915.000 283998.000
   660: 300063.000 300735.000 309657.000 324834.000 324905.000
   665: 328389.000 328489.000 328524.000 328560.000 330290.000
   670: 330314.000 330366.000 330428.000 330440.000 330451.000
   675: 330479.000 330517.000 330535.000 330575.000 333071.000
   680: 333117.000 333251.000 333275.000 333285.000 333326.000
   685: 333423.000 333450.000 336132.000 336167.000 336224.000
   690: 336259.000 336303.000 336333.000 336548.000 336574.000
   695: 338961.000 339018.000 339032.000 339040.000 339057.000
   700: 339069.000 339112.000 339121.000 339150.000 341806.000
   705: 341861.000 341940.000 341987.000 342006.000 342053.000
   710: 342072.000 342102.000 342126.000 342164.000 342210.000
   715: 344491.000 344533.000 344683.000 344727.000 344742.000
   720: 344763.000 351594.000 351637.000 351844.000 351888.000
   725: 351900.000 351913.000 352199.000 352218.000 352253.000
   730: 352321.000 352344.000 352414.000 355689.000 355766.000
   735: 355792.000 355826.000 355943.000 356273.000 356288.000
   740: 356322.000 356339.000 356480.000 358354.000 358397.000
   745: 358470.000 358514.000 358534.000 358587.000 358612.000
   750: 359713.000 359856.000 359901.000 359922.000 359974.000
D:
     0: 16301.000 25467.000 33050.000 37367.000 40292.000
     5: 45634.000 48400.000 57347.000 62337.000 64883.000
    10: 67220.000 69281.000 72260.000 74433.000 77797.000
    15: 81942.000 89938.000 92528.000 98154.000 101549.000
    20: 108469.000 117717.000 122156.000 129648.000 134332.000
    25: 141705.000 143631.000 146172.000 153238.000 155545.000
    30: 159308.000 161856.000 169730.000 179229.000 182376.000
    35: 185535.000 188400.000 230120.000 237564.000 241629.000
    40: 251910.000 254926.000 268052.000 270811.000 279068.000
    45: 330428.000 333450.000 336574.000 339121.000 342102.000
    50: 352218.000 356322.000
E:
     0: 14254.000 14270.000 14275.000 17062.000 20863.000
     5: 23625.000 25890.000 27962.000 30980.000 33533.000
    10: 35756.000 36357.000 37733.000 40713.000 43074.000
    15: 44000.000 45989.000 47806.000 48622.000 49002.000
    20: 51464.000 53787.000 55105.000 55875.000 56416.000
    25: 57969.000 61143.000 62598.000 65202.000 66580.000
    30: 67468.000 69654.000 71524.000 72516.000 73871.000
    35: 74718.000 76715.000 78083.000 80501.000 84241.000
    40: 86426.000 88137.000 89221.000 90403.000 91948.000
    45: 92802.000 95191.000 97461.000 98569.000 100595.000
    50: 102003.000 104652.000 104788.000 107252.000 108873.000
    55: 110613.000 111554.000 113418.000 118045.000 120895.000
    60: 122649.000 124841.000 124845.000 127869.000 128398.000
    65: 130008.000 133127.000 133410.000 134619.000 136394.000
    70: 137298.000 138278.000 140598.000 142025.000 143959.000
    75: 146764.000 148823.000 149527.000 149576.000 150968.000
    80: 151921.000 152724.000 153709.000 155907.000 157208.000
    85: 158353.000 159825.000 162526.000 165876.000 165880.000
    90: 168519.000 168526.000 170303.000 174184.000 178174.000
    95: 179750.000 182858.000 182898.000 182925.000 182929.000
   100: 182942.000 184686.000 185922.000 187525.000 189072.000
   105: 192916.000 196574.000 196597.000 198553.000 203084.000
   110: 216181.000 221127.000 230528.000 232235.000 233317.000
   115: 235652.000 238051.000 240590.000 242056.000 244307.000
   120: 247791.000 247841.000 250807.000 252410.000 254298.000
   125: 255476.000 258593.000 263163.000 267127.000 267144.000
   130: 268609.000 271542.000 277154.000 277830.000 279594.000
   135: 283561.000 287376.000 289736.000 293328.000 299156.000
   140: 299160.000 299168.000 310504.000 327800.000 330884.000
   145: 333820.000 336935.000 338311.000 338548.000 339409.000
   150: 341488.000 342681.000 347806.000 350283.000 351221.000
   155: 352720.000 352899.000 352908.000 352961.000 355382.000
   160: 356821.000 358958.000
Q:
     0: 15310.000 22646.000 32748.000 36927.000 45272.000
     5: 50846.000 52041.000 56660.000 62068.000 69035.000
    10: 71976.000 76008.000 79641.000 88670.000 92237.000
    15: 97836.000 100024.000 103285.000 110217.000 110781.000
    20: 113785.000 124286.000 128802.000 134029.000 136808.000
    25: 141400.000 145856.000 151391.000 152983.000 155183.000
    30: 161547.000 166381.000 174698.000 185025.000 190153.000
    35: 198926.000 221274.000 236644.000 240004.000 254604.000
    40: 258039.000 267263.000 273915.000 281409.000 300063.000
    45: 324834.000 336132.000 341806.000 351594.000 355689.000
    50: 359713.000
\300
