File: C:\MED-PC\Data\2019-08-02_14h42m_Subject 19014.txt


Start Date: 08/02/19
End Date: 08/02/19
Subject: 19014
Experiment: 
Group: 0
Box: 2
Start Time: 14:42:34
End Time: 15:45:30
MSN: FR8 8p First Lever Laser 50
B:   8.000
F:   1.000
H: 200.000
L: 555.000
R:  42.000
U:  37.000
V:  54.000
A:
     0:    0.000    1.000
C:
     0: 10407.000 10438.000 10786.000 10811.000 10842.000
     5: 10862.000 10892.000 10936.000 10979.000 10994.000
    10: 11015.000 11037.000 14773.000 14794.000 19329.000
    15: 19358.000 19395.000 19449.000 19500.000 19515.000
    20: 19521.000 19556.000 19571.000 26297.000 26308.000
    25: 26332.000 26375.000 26395.000 26452.000 26522.000
    30: 26539.000 29839.000 29862.000 29876.000 29892.000
    35: 29907.000 29932.000 29941.000 29973.000 29996.000
    40: 30053.000 34395.000 34425.000 34792.000 34840.000
    45: 34868.000 34905.000 34920.000 34986.000 35279.000
    50: 35301.000 35382.000 35397.000 35446.000 35475.000
    55: 35504.000 35539.000 35572.000 38657.000 38672.000
    60: 38691.000 38702.000 38718.000 38727.000 38741.000
    65: 38783.000 38815.000 38843.000 40600.000 40626.000
    70: 40680.000 40700.000 40721.000 40752.000 40798.000
    75: 44617.000 44637.000 44651.000 44664.000 44683.000
    80: 44711.000 44743.000 44757.000 44793.000 44820.000
    85: 48949.000 48979.000 49032.000 49054.000 49095.000
    90: 49167.000 49203.000 49245.000 51045.000 51070.000
    95: 51120.000 51145.000 51157.000 51223.000 51253.000
   100: 51265.000 53566.000 53582.000 53597.000 53630.000
   105: 53648.000 53696.000 53713.000 53721.000 53760.000
   110: 55336.000 55364.000 55378.000 55388.000 55416.000
   115: 55428.000 55844.000 55862.000 55900.000 55944.000
   120: 55955.000 56012.000 56049.000 56063.000 56106.000
   125: 59735.000 59757.000 59784.000 59852.000 59863.000
   130: 59898.000 59926.000 60522.000 60537.000 60570.000
   135: 60608.000 60619.000 60648.000 60705.000 60722.000
   140: 62234.000 62261.000 62285.000 62318.000 62328.000
   145: 62336.000 62345.000 62381.000 62413.000 62446.000
   150: 62509.000 63942.000 63972.000 64011.000 64023.000
   155: 64060.000 64102.000 64154.000 64181.000 68755.000
   160: 68793.000 68824.000 68851.000 68863.000 68881.000
   165: 68902.000 68921.000 68934.000 70457.000 70473.000
   170: 70501.000 70543.000 70599.000 70635.000 70669.000
   175: 70699.000 70774.000 73912.000 73958.000 73983.000
   180: 74013.000 74023.000 74035.000 74096.000 74126.000
   185: 74159.000 75282.000 75319.000 75345.000 75379.000
   190: 75386.000 75400.000 75411.000 75421.000 75445.000
   195: 75470.000 75495.000 75504.000 75562.000 81983.000
   200: 82014.000 82027.000 82045.000 82068.000 82089.000
   205: 82104.000 82127.000 82145.000 82176.000 84051.000
   210: 84078.000 84116.000 84133.000 84155.000 84181.000
   215: 84210.000 84242.000 85494.000 85517.000 85544.000
   220: 85589.000 93127.000 93149.000 93196.000 93207.000
   225: 93223.000 93261.000 93278.000 93797.000 93812.000
   230: 93825.000 93840.000 93865.000 93884.000 93893.000
   235: 93902.000 93922.000 93967.000 94025.000 95557.000
   240: 95578.000 95586.000 95595.000 95627.000 95667.000
   245: 95673.000 95686.000 95698.000 95715.000 98114.000
   250: 98137.000 98334.000 98362.000 98405.000 98431.000
   255: 98479.000 98517.000 100442.000 100469.000 100510.000
   260: 100535.000 100553.000 100562.000 100577.000 100610.000
   265: 108010.000 108040.000 108080.000 108124.000 108435.000
   270: 108483.000 108489.000 108523.000 108544.000 108561.000
   275: 108577.000 108629.000 119330.000 119374.000 119411.000
   280: 119435.000 119457.000 119480.000 119526.000 119560.000
   285: 127683.000 127755.000 127810.000 128276.000 128308.000
   290: 128343.000 128367.000 128388.000 128407.000 128463.000
   295: 128814.000 128835.000 128862.000 128887.000 128933.000
   300: 128943.000 128975.000 129008.000 129134.000 130750.000
   305: 130767.000 130800.000 130862.000 131175.000 131190.000
   310: 131202.000 131221.000 131234.000 131246.000 131256.000
   315: 131280.000 131332.000 131366.000 131403.000 132907.000
   320: 132939.000 132965.000 133009.000 133489.000 133502.000
   325: 133535.000 133546.000 135644.000 135670.000 135697.000
   330: 135710.000 135734.000 135774.000 135798.000 135818.000
   335: 135874.000 143339.000 143363.000 143435.000 143447.000
   340: 143476.000 143499.000 143506.000 143738.000 143762.000
   345: 143791.000 143855.000 143880.000 143911.000 143936.000
   350: 144494.000 144505.000 144515.000 144532.000 144545.000
   355: 144569.000 144588.000 144604.000 144616.000 144644.000
   360: 144695.000 144716.000 145931.000 145962.000 145987.000
   365: 146025.000 146038.000 146056.000 146068.000 146084.000
   370: 146100.000 146146.000 146161.000 161198.000 161207.000
   375: 161227.000 161246.000 161287.000 161309.000 161353.000
   380: 161371.000 168881.000 168910.000 168921.000 168945.000
   385: 168994.000 169054.000 177564.000 177577.000 177605.000
   390: 177653.000 177669.000 179975.000 179994.000 179999.000
   395: 180009.000 180033.000 180040.000 180440.000 180468.000
   400: 180478.000 180494.000 180509.000 180520.000 180533.000
   405: 180553.000 180590.000 180647.000 187680.000 187697.000
   410: 187705.000 187721.000 187828.000 187891.000 188276.000
   415: 188293.000 188339.000 188355.000 188364.000 188392.000
   420: 188427.000 188468.000 202281.000 202297.000 202339.000
   425: 202351.000 202375.000 202447.000 202466.000 202794.000
   430: 202811.000 202835.000 202848.000 202876.000 210649.000
   435: 210677.000 210952.000 210983.000 211039.000 211082.000
   440: 211099.000 211149.000 227577.000 227597.000 227627.000
   445: 227646.000 228150.000 228167.000 228179.000 228251.000
   450: 228316.000 228911.000 228938.000 228961.000 229037.000
   455: 229395.000 229404.000 229442.000 229451.000 229464.000
   460: 229495.000 229522.000 229529.000 229543.000 229558.000
   465: 229579.000 237718.000 237741.000 237779.000 239708.000
   470: 239763.000 239781.000 239798.000 239816.000 239847.000
   475: 239895.000 239926.000 248962.000 248977.000 249021.000
   480: 264525.000 275289.000 275629.000 275652.000 275738.000
   485: 275780.000 275816.000 276228.000 276249.000 276360.000
   490: 276406.000 276822.000 276892.000 276908.000 276914.000
   495: 276926.000 276953.000 276976.000 277022.000 277064.000
   500: 278234.000 296417.000 296434.000 296447.000 296471.000
   505: 296477.000 296506.000 296517.000 296577.000 296612.000
   510: 296639.000 299614.000 299656.000 299684.000 299696.000
   515: 303496.000 303511.000 303542.000 316703.000 316723.000
   520: 316758.000 316824.000 316844.000 317193.000 317214.000
   525: 317224.000 317234.000 317254.000 317283.000 317302.000
   530: 317333.000 317387.000 323852.000 323890.000 323925.000
   535: 323959.000 323989.000 324014.000 324513.000 324544.000
   540: 324588.000 324608.000 324620.000 324658.000 324675.000
   545: 324689.000 324700.000 332312.000 332331.000 332365.000
   550: 332374.000 332390.000 332474.000 332542.000 332568.000
D:
     0: 10936.000 19556.000 26539.000 29973.000 35539.000
     5: 38783.000 44757.000 49245.000 51265.000 53721.000
    10: 56063.000 60722.000 62381.000 64181.000 68921.000
    15: 70699.000 74126.000 75421.000 82127.000 84242.000
    20: 93902.000 95686.000 98517.000 100610.000 108629.000
    25: 119560.000 129008.000 131280.000 135818.000 144604.000
    30: 146084.000 161371.000 180553.000 188468.000 211149.000
    35: 229529.000 239926.000 277022.000 296577.000 317333.000
    40: 324689.000 332568.000
E:
     0: 1371.000 4783.000 8186.000 8193.000 11263.000
     5: 13984.000 14007.000 18027.000 18042.000 18443.000
    10: 19086.000 19866.000 21045.000 22458.000 25725.000
    15: 26626.000 28976.000 29152.000 29654.000 30229.000
    20: 31660.000 31955.000 33039.000 33817.000 34543.000
    25: 35149.000 35704.000 37596.000 38368.000 38379.000
    30: 39107.000 41082.000 42057.000 42072.000 43740.000
    35: 44227.000 45051.000 48126.000 49438.000 51365.000
    40: 53868.000 55042.000 55516.000 56250.000 57261.000
    45: 58999.000 59011.000 60135.000 60920.000 60933.000
    50: 62636.000 64372.000 65708.000 67437.000 68490.000
    55: 69143.000 71106.000 73477.000 74347.000 75712.000
    60: 78587.000 81518.000 82388.000 84374.000 88423.000
    65: 89143.000 90396.000 92774.000 92776.000 93472.000
    70: 94238.000 95210.000 95886.000 97710.000 98841.000
    75: 99970.000 100776.000 104545.000 107617.000 107618.000
    80: 108240.000 108759.000 108762.000 115249.000 117303.000
    85: 118986.000 119668.000 119673.000 126956.000 127923.000
    90: 128614.000 129246.000 130964.000 131566.000 133147.000
    95: 135024.000 135034.000 136043.000 136050.000 139165.000
   100: 139463.000 142510.000 143027.000 143609.000 144214.000
   105: 144902.000 146266.000 156427.000 159134.000 160883.000
   110: 161575.000 168357.000 170235.000 173082.000 173325.000
   115: 177221.000 179710.000 179717.000 180321.000 180728.000
   120: 185815.000 187297.000 187967.000 188618.000 188626.000
   125: 191577.000 195337.000 195540.000 197822.000 199340.000
   130: 202040.000 202569.000 203013.000 204184.000 207345.000
   135: 211350.000 220508.000 224087.000 225680.000 227295.000
   140: 228041.000 228564.000 229170.000 229753.000 229759.000
   145: 235398.000 237478.000 239380.000 239391.000 240028.000
   150: 245577.000 246329.000 250894.000 263967.000 270324.000
   155: 272243.000 274483.000 274490.000 275399.000 275417.000
   160: 276069.000 276678.000 277235.000 283349.000 285792.000
   165: 292488.000 296752.000 298174.000 299761.000 299767.000
   170: 300400.000 303683.000 306259.000 306269.000 306282.000
   175: 311739.000 312008.000 316384.000 317057.000 317578.000
   180: 323456.000 324217.000 324893.000 330734.000 330744.000
   185: 331988.000 332792.000 332797.000 332801.000 333991.000
   190: 336152.000 336167.000 336311.000 341199.000 341206.000
   195: 348654.000 352244.000 352249.000 355355.000 359348.000
Q:
     0: 14773.000 19329.000 34395.000 34792.000 38657.000
     5: 48949.000 51045.000 55336.000 59735.000 63942.000
    10: 68755.000 75282.000 81983.000 93127.000 95557.000
    15: 98114.000 108435.000 127683.000 128814.000 131175.000
    20: 133489.000 135644.000 143738.000 161198.000 177564.000
    25: 180440.000 187680.000 202281.000 210649.000 228911.000
    30: 229395.000 248962.000 264525.000 276228.000 276822.000
    35: 299614.000 316703.000 323852.000 332312.000
