File: C:\MED-PC\Data\2019-08-02_13h27m_Subject 19009.txt


Start Date: 08/02/19
End Date: 08/02/19
Subject: 19009
Experiment: 
Group: 1
Box: 4
Start Time: 13:27:34
End Time: 14:38:37
MSN: FR8 8p First Lever Laser 50
B:   8.000
F:   1.000
H: 173.000
L: 959.000
R:  72.000
U:  59.000
V: 193.000
A:
     0:    0.000    1.000
C:
     0: 12537.000 16748.000 16774.000 16830.000 16851.000
     5: 16890.000 16906.000 16923.000 16955.000 17358.000
    10: 17392.000 17441.000 17457.000 17483.000 17522.000
    15: 17545.000 17562.000 17619.000 17649.000 18783.000
    20: 18802.000 19735.000 19763.000 19798.000 19814.000
    25: 19838.000 19880.000 19930.000 19954.000 19999.000
    30: 22015.000 22032.000 22088.000 22109.000 22155.000
    35: 22171.000 22594.000 23263.000 23359.000 23427.000
    40: 23445.000 24101.000 24120.000 24347.000 24639.000
    45: 24693.000 24779.000 24807.000 24842.000 25995.000
    50: 26009.000 26018.000 26048.000 26066.000 26081.000
    55: 26139.000 26176.000 26202.000 26220.000 26245.000
    60: 26266.000 26288.000 26298.000 27205.000 27219.000
    65: 27235.000 27254.000 27331.000 27816.000 27864.000
    70: 27896.000 27991.000 28935.000 28957.000 28980.000
    75: 28998.000 29022.000 29032.000 29061.000 29081.000
    80: 29108.000 29126.000 29155.000 29179.000 29197.000
    85: 29222.000 29276.000 29315.000 30047.000 30064.000
    90: 30468.000 30623.000 30647.000 30728.000 30768.000
    95: 31219.000 31238.000 31274.000 31335.000 31356.000
   100: 31381.000 31396.000 31421.000 31451.000 31467.000
   105: 31486.000 32107.000 32123.000 32204.000 32229.000
   110: 32256.000 32297.000 32318.000 32396.000 33086.000
   115: 33166.000 33241.000 33499.000 33711.000 33808.000
   120: 33834.000 34254.000 34635.000 34897.000 34913.000
   125: 34941.000 34961.000 34992.000 35020.000 35039.000
   130: 36070.000 36085.000 36105.000 36116.000 36140.000
   135: 36160.000 36195.000 36215.000 37026.000 37029.000
   140: 37045.000 37068.000 37080.000 37125.000 37149.000
   145: 37166.000 37190.000 37230.000 37250.000 37278.000
   150: 37298.000 37313.000 43771.000 44958.000 44983.000
   155: 45004.000 45022.000 45042.000 45077.000 45089.000
   160: 45100.000 45135.000 45146.000 47513.000 47918.000
   165: 47936.000 47943.000 48065.000 48136.000 48165.000
   170: 48177.000 48195.000 48218.000 49484.000 49496.000
   175: 49513.000 49556.000 49575.000 49601.000 49625.000
   180: 49654.000 49664.000 49702.000 49726.000 49743.000
   185: 51120.000 51436.000 51489.000 51565.000 51697.000
   190: 51722.000 51735.000 51792.000 52583.000 52704.000
   195: 53188.000 53216.000 53246.000 53261.000 53290.000
   200: 53327.000 53351.000 54022.000 54041.000 54049.000
   205: 54076.000 54093.000 54105.000 54122.000 54148.000
   210: 54190.000 54213.000 54248.000 54268.000 54299.000
   215: 54341.000 54366.000 55040.000 55053.000 55072.000
   220: 55312.000 55652.000 55677.000 55696.000 55720.000
   225: 55735.000 55758.000 55793.000 55814.000 55869.000
   230: 56537.000 56556.000 56616.000 56661.000 56887.000
   235: 56900.000 56919.000 56943.000 57087.000 57114.000
   240: 57134.000 57227.000 57244.000 57287.000 59283.000
   245: 59314.000 59335.000 59354.000 59382.000 59404.000
   250: 59420.000 59486.000 60131.000 60348.000 60403.000
   255: 60430.000 60456.000 60672.000 60748.000 60787.000
   260: 60812.000 60920.000 61495.000 61505.000 61609.000
   265: 61792.000 61886.000 62090.000 62149.000 62469.000
   270: 62493.000 62524.000 62546.000 62566.000 62582.000
   275: 62620.000 62668.000 62692.000 63292.000 63314.000
   280: 63332.000 63525.000 63689.000 63837.000 63866.000
   285: 63896.000 63923.000 64493.000 64504.000 64528.000
   290: 64547.000 64574.000 64624.000 64649.000 64667.000
   295: 64687.000 64711.000 64739.000 64767.000 64777.000
   300: 65401.000 65423.000 65452.000 65468.000 65503.000
   305: 65544.000 65565.000 65602.000 65622.000 65652.000
   310: 65668.000 65687.000 66143.000 66160.000 66181.000
   315: 66409.000 66729.000 66790.000 66810.000 66867.000
   320: 75049.000 75067.000 75088.000 75136.000 75171.000
   325: 75189.000 75218.000 75239.000 75256.000 76707.000
   330: 77688.000 78061.000 78193.000 78203.000 78217.000
   335: 78225.000 78252.000 78354.000 78382.000 78415.000
   340: 78432.000 79102.000 79121.000 79201.000 79329.000
   345: 79368.000 79383.000 79419.000 79454.000 79496.000
   350: 79522.000 79564.000 79589.000 79605.000 82813.000
   355: 85414.000 85442.000 85472.000 85516.000 85539.000
   360: 85560.000 85585.000 85631.000 85657.000 86394.000
   365: 86546.000 87610.000 87651.000 87676.000 87687.000
   370: 87710.000 87735.000 87772.000 87786.000 88478.000
   375: 88487.000 88507.000 88736.000 89158.000 89197.000
   380: 89225.000 89245.000 89289.000 90289.000 90818.000
   385: 91014.000 91030.000 94145.000 94181.000 94209.000
   390: 94231.000 94340.000 94597.000 94817.000 95384.000
   395: 95428.000 95452.000 95714.000 95741.000 95767.000
   400: 95779.000 95798.000 95822.000 95850.000 95886.000
   405: 95903.000 95944.000 96776.000 96794.000 96831.000
   410: 96878.000 96894.000 96921.000 96942.000 96959.000
   415: 96981.000 97038.000 97834.000 97870.000 97981.000
   420: 98051.000 98102.000 98471.000 98505.000 98529.000
   425: 98554.000 98571.000 98591.000 98613.000 98638.000
   430: 98660.000 98700.000 100523.000 100695.000 101067.000
   435: 101094.000 101120.000 101138.000 101167.000 101195.000
   440: 101768.000 101783.000 101839.000 101856.000 101889.000
   445: 101911.000 101935.000 101953.000 101991.000 102008.000
   450: 102026.000 102623.000 102644.000 102709.000 102753.000
   455: 102781.000 109942.000 109961.000 110034.000 110047.000
   460: 110550.000 110603.000 110904.000 111119.000 111309.000
   465: 111564.000 111626.000 111662.000 111679.000 111985.000
   470: 111994.000 112036.000 112059.000 112086.000 112125.000
   475: 112155.000 112413.000 112476.000 112497.000 112519.000
   480: 112548.000 112566.000 112591.000 112609.000 113250.000
   485: 113267.000 114103.000 114155.000 114782.000 114863.000
   490: 114877.000 114909.000 114941.000 118106.000 118123.000
   495: 118155.000 119911.000 120351.000 120479.000 120525.000
   500: 120954.000 120977.000 121064.000 121089.000 121111.000
   505: 121136.000 121150.000 121175.000 121493.000 121565.000
   510: 121589.000 121643.000 121668.000 123517.000 123604.000
   515: 123614.000 123639.000 123667.000 123695.000 123717.000
   520: 123762.000 124474.000 124492.000 124512.000 124544.000
   525: 124599.000 124621.000 124639.000 124972.000 124984.000
   530: 125000.000 126264.000 126279.000 126305.000 126335.000
   535: 126357.000 126376.000 126407.000 126433.000 126462.000
   540: 127089.000 127103.000 127119.000 127168.000 127431.000
   545: 127442.000 127747.000 127845.000 127873.000 127901.000
   550: 127939.000 127953.000 127982.000 128019.000 128040.000
   555: 128687.000 128705.000 128731.000 128766.000 128789.000
   560: 128818.000 128841.000 128857.000 128888.000 128921.000
   565: 128946.000 129597.000 129634.000 131710.000 140516.000
   570: 140528.000 143370.000 143409.000 143523.000 143631.000
   575: 143756.000 144207.000 144358.000 144377.000 144393.000
   580: 144421.000 144452.000 144469.000 144493.000 144521.000
   585: 145819.000 145841.000 145870.000 145892.000 145930.000
   590: 145957.000 145979.000 146262.000 146279.000 146349.000
   595: 147245.000 147261.000 147273.000 147293.000 147312.000
   600: 147340.000 147376.000 147410.000 147436.000 147455.000
   605: 148110.000 148121.000 148139.000 148159.000 148179.000
   610: 148189.000 148215.000 148237.000 148256.000 148279.000
   615: 148296.000 148897.000 148924.000 148942.000 148977.000
   620: 149002.000 149016.000 149090.000 149130.000 149162.000
   625: 149851.000 152391.000 152531.000 152557.000 153144.000
   630: 165969.000 165982.000 166050.000 166062.000 166091.000
   635: 166183.000 170986.000 171026.000 171876.000 171905.000
   640: 171924.000 171930.000 171945.000 171967.000 171985.000
   645: 172609.000 172622.000 172638.000 172666.000 172689.000
   650: 172712.000 172731.000 172748.000 173561.000 173584.000
   655: 174450.000 175271.000 180862.000 180881.000 180896.000
   660: 180912.000 180961.000 180976.000 180998.000 181032.000
   665: 181063.000 181072.000 181090.000 181098.000 181775.000
   670: 181804.000 181847.000 182718.000 184901.000 184929.000
   675: 184949.000 184979.000 185009.000 185023.000 185058.000
   680: 187162.000 187179.000 187208.000 187234.000 187245.000
   685: 187249.000 187270.000 187299.000 187333.000 188013.000
   690: 188034.000 188954.000 189012.000 189028.000 189052.000
   695: 189077.000 189449.000 189462.000 189485.000 189532.000
   700: 189560.000 189575.000 189598.000 189620.000 189648.000
   705: 190239.000 190261.000 190288.000 190307.000 190331.000
   710: 190358.000 190376.000 190402.000 190424.000 190435.000
   715: 190996.000 191015.000 191031.000 191208.000 191625.000
   720: 191701.000 191713.000 191734.000 191756.000 191785.000
   725: 191796.000 191831.000 193778.000 193803.000 194180.000
   730: 194199.000 194216.000 194236.000 194253.000 194520.000
   735: 194607.000 194776.000 195393.000 196168.000 196177.000
   740: 196199.000 196233.000 196248.000 196266.000 196289.000
   745: 196343.000 196368.000 196393.000 197059.000 197116.000
   750: 203230.000 203253.000 203299.000 203318.000 203345.000
   755: 203362.000 203375.000 203716.000 204513.000 204538.000
   760: 204560.000 204640.000 204670.000 204693.000 205312.000
   765: 205351.000 206144.000 206224.000 206237.000 206267.000
   770: 206284.000 206296.000 206310.000 206342.000 207275.000
   775: 207296.000 207359.000 207382.000 207403.000 207430.000
   780: 207448.000 207473.000 207512.000 208305.000 209696.000
   785: 209721.000 211242.000 211316.000 211344.000 211362.000
   790: 211386.000 211411.000 211426.000 211455.000 211478.000
   795: 211519.000 211554.000 211576.000 211587.000 211990.000
   800: 212006.000 212033.000 212121.000 212146.000 212161.000
   805: 212209.000 212349.000 212648.000 212741.000 212947.000
   810: 213514.000 217048.000 217075.000 234969.000 237196.000
   815: 237327.000 237427.000 237712.000 237759.000 237807.000
   820: 237822.000 237934.000 237951.000 237972.000 238035.000
   825: 239062.000 239078.000 239101.000 239119.000 239173.000
   830: 239197.000 239214.000 239255.000 239301.000 244460.000
   835: 244500.000 244519.000 244532.000 244569.000 245089.000
   840: 245115.000 245625.000 245789.000 246592.000 246638.000
   845: 246678.000 246690.000 246714.000 246752.000 246770.000
   850: 246797.000 246818.000 246847.000 247450.000 247471.000
   855: 247517.000 248938.000 248956.000 248976.000 249015.000
   860: 249030.000 249070.000 249093.000 249115.000 249143.000
   865: 249780.000 250900.000 250993.000 251126.000 275393.000
   870: 275597.000 276011.000 296220.000 296262.000 297036.000
   875: 306770.000 308004.000 308017.000 308081.000 308110.000
   880: 308130.000 308148.000 308174.000 308192.000 309481.000
   885: 311349.000 311359.000 311437.000 311455.000 311544.000
   890: 312109.000 312183.000 312982.000 313543.000 316048.000
   895: 316068.000 316330.000 316356.000 316377.000 316398.000
   900: 316429.000 317286.000 317305.000 317315.000 317334.000
   905: 317633.000 317671.000 317872.000 318083.000 318101.000
   910: 318118.000 319753.000 319776.000 319809.000 319840.000
   915: 319853.000 319876.000 322190.000 322308.000 323790.000
   920: 331400.000 336453.000 343819.000 343842.000 343859.000
   925: 343944.000 343964.000 343986.000 344006.000 344027.000
   930: 344058.000 344072.000 346442.000 346461.000 346486.000
   935: 347214.000 347281.000 347497.000 347595.000 347614.000
   940: 347636.000 347656.000 347684.000 347709.000 349985.000
   945: 350009.000 350031.000 350248.000 350260.000 350281.000
   950: 350284.000 350329.000 350350.000 350382.000 350414.000
   955: 350442.000 350472.000 351967.000 352851.000
D:
     0: 16955.000 17562.000 19880.000 24842.000 26176.000
     5: 27896.000 29081.000 31421.000 32396.000 35020.000
    10: 36215.000 37166.000 45100.000 48177.000 49654.000
    15: 51792.000 53327.000 54148.000 55720.000 56943.000
    20: 59486.000 60787.000 62668.000 63896.000 64667.000
    25: 65602.000 66867.000 75239.000 78354.000 79454.000
    30: 85585.000 87786.000 89245.000 95886.000 96959.000
    35: 98529.000 101195.000 101953.000 112609.000 114909.000
    40: 121175.000 123762.000 126433.000 127845.000 128857.000
    45: 144377.000 147312.000 148237.000 149130.000 171967.000
    50: 172748.000 180998.000 184979.000 187299.000 189620.000
    55: 190402.000 191734.000 196343.000 206296.000 207473.000
    60: 211455.000 212349.000 238035.000 239255.000 246752.000
    65: 249030.000 308192.000 316356.000 318083.000 344006.000
    70: 347614.000 350329.000
E:
     0:  324.000  867.000 1458.000 1576.000 4094.000
     5: 8318.000 8958.000 13548.000 15964.000 16598.000
    10: 17046.000 17733.000 20100.000 21037.000 22275.000
    15: 23536.000 23564.000 24970.000 26380.000 28093.000
    20: 29406.000 30959.000 31554.000 31995.000 32497.000
    25: 34028.000 35137.000 36315.000 36810.000 36891.000
    30: 37394.000 43259.000 44500.000 45280.000 46717.000
    35: 48341.000 49810.000 50795.000 51908.000 53423.000
    40: 54426.000 55964.000 57364.000 58926.000 59572.000
    45: 61025.000 62284.000 62778.000 63122.000 64037.000
    50: 64864.000 65771.000 67002.000 73690.000 73700.000
    55: 74334.000 75358.000 75368.000 75892.000 76474.000
    60: 76482.000 76486.000 77428.000 78569.000 79708.000
    65: 82223.000 85761.000 87276.000 87857.000 89418.000
    70: 91574.000 94418.000 95546.000 95566.000 96043.000
    75: 97137.000 98778.000 101276.000 102102.000 109308.000
    80: 110792.000 111839.000 112249.000 112272.000 112694.000
    85: 115011.000 119503.000 120715.000 121751.000 122286.000
    90: 122339.000 122353.000 123865.000 124738.000 125630.000
    95: 126533.000 126546.000 128124.000 129028.000 130265.000
   100: 137756.000 141681.000 142425.000 142458.000 143049.000
   105: 143058.000 143253.000 144588.000 145296.000 146048.000
   110: 147542.000 148372.000 149248.000 150458.000 151922.000
   115: 165467.000 166282.000 168671.000 172079.000 172103.000
   120: 172424.000 172843.000 174711.000 181171.000 185137.000
   125: 186831.000 187405.000 189176.000 189746.000 190521.000
   130: 191937.000 194324.000 195568.000 196484.000 201765.000
   135: 203473.000 204363.000 204802.000 204840.000 204880.000
   140: 204890.000 206431.000 207620.000 208040.000 210080.000
   145: 211658.000 227946.000 234576.000 237557.000 238137.000
   150: 238787.000 239387.000 245254.000 246926.000 249217.000
   155: 251390.000 290059.000 302082.000 302086.000 303180.000
   160: 307766.000 308312.000 311660.000 316526.000 319983.000
   165: 330972.000 332901.000 344140.000 347808.000 349546.000
   170: 349767.000 350560.000 350745.000
Q:
     0: 12537.000 18783.000 22594.000 24101.000 27205.000
     5: 30047.000 33086.000 34254.000 43771.000 47513.000
    10: 51120.000 52583.000 55040.000 60131.000 61495.000
    15: 63292.000 66143.000 76707.000 77688.000 86394.000
    20: 88478.000 90289.000 94597.000 97834.000 100523.000
    25: 109942.000 110904.000 113250.000 119911.000 120954.000
    30: 124972.000 127089.000 129597.000 140516.000 143370.000
    35: 146262.000 149851.000 152391.000 170986.000 173561.000
    40: 181775.000 188013.000 190996.000 194520.000 197059.000
    45: 203716.000 205312.000 208305.000 211990.000 234969.000
    50: 244460.000 245625.000 249780.000 296220.000 309481.000
    55: 312109.000 322190.000 346442.000 351967.000
