File: C:\MED-PC\Data\2019-07-24_11h26m_Subject 19002.txt


Start Date: 07/24/19
End Date: 07/24/19
Subject: 19002
Experiment: fr8
Group: 1
Box: 1
Start Time: 11:26:16
End Time: 12:28:03
MSN: FR8 8p First Lever Laser 50
B:   8.000
F:   2.000
H: 242.000
L: 346.000
R:  15.000
U:  32.000
V:  35.000
A:
     0:    0.000    1.000
C:
     0: 12466.000 14477.000 14552.000 14559.000 15414.000
     5: 15465.000 15672.000 15763.000 15842.000 15894.000
    10: 15909.000 19899.000 23972.000 24168.000 24643.000
    15: 24780.000 24825.000 27552.000 27587.000 27628.000
    20: 27652.000 27685.000 27704.000 27733.000 27779.000
    25: 27791.000 27995.000 28012.000 28028.000 28041.000
    30: 28077.000 28088.000 28134.000 28363.000 28407.000
    35: 28512.000 28630.000 28648.000 31818.000 31931.000
    40: 32452.000 32504.000 32552.000 32587.000 32696.000
    45: 35702.000 35717.000 35767.000 35783.000 37943.000
    50: 38035.000 38730.000 42117.000 42169.000 42237.000
    55: 42281.000 42296.000 42317.000 42365.000 42388.000
    60: 42402.000 49532.000 49561.000 50816.000 50841.000
    65: 50858.000 50938.000 50952.000 50971.000 50987.000
    70: 51019.000 51077.000 58522.000 58542.000 58558.000
    75: 58658.000 58720.000 58750.000 60833.000 60934.000
    80: 62982.000 63156.000 63480.000 63498.000 63517.000
    85: 63604.000 64378.000 64642.000 64720.000 66687.000
    90: 67315.000 67480.000 67502.000 68013.000 68052.000
    95: 68071.000 68096.000 68128.000 68147.000 68163.000
   100: 68197.000 68209.000 72537.000 72569.000 72622.000
   105: 72683.000 72796.000 72837.000 72872.000 72892.000
   110: 73033.000 73052.000 73068.000 73080.000 76682.000
   115: 78327.000 78395.000 78448.000 78481.000 78560.000
   120: 78582.000 80781.000 81398.000 81522.000 84534.000
   125: 84570.000 84675.000 84866.000 87362.000 87388.000
   130: 87399.000 87456.000 87468.000 87507.000 87555.000
   135: 87565.000 87609.000 87628.000 87658.000 91586.000
   140: 91679.000 91709.000 91749.000 91765.000 91849.000
   145: 91868.000 91909.000 91969.000 97645.000 98009.000
   150: 98725.000 103767.000 103796.000 103806.000 103931.000
   155: 103946.000 103961.000 104007.000 104073.000 113076.000
   160: 113111.000 113195.000 113236.000 113256.000 113860.000
   165: 115881.000 115905.000 115963.000 115978.000 116013.000
   170: 116029.000 116072.000 116094.000 118703.000 118727.000
   175: 119053.000 119176.000 119261.000 119941.000 120025.000
   180: 128559.000 128604.000 128630.000 129179.000 129232.000
   185: 129486.000 130311.000 130541.000 130608.000 131223.000
   190: 131289.000 131685.000 132112.000 135328.000 135423.000
   195: 135452.000 135508.000 135546.000 135607.000 136073.000
   200: 136115.000 136259.000 136283.000 136314.000 136353.000
   205: 136368.000 136564.000 136605.000 137601.000 141384.000
   210: 141406.000 141427.000 141454.000 141473.000 141495.000
   215: 141519.000 141535.000 145788.000 146018.000 146845.000
   220: 146908.000 147310.000 147498.000 148087.000 148927.000
   225: 148972.000 149029.000 149075.000 149100.000 149111.000
   230: 149144.000 149617.000 149807.000 150440.000 150586.000
   235: 151375.000 154132.000 154687.000 157020.000 157049.000
   240: 157087.000 157121.000 157174.000 157198.000 157209.000
   245: 157242.000 157260.000 159709.000 159764.000 159796.000
   250: 159888.000 159936.000 159956.000 160004.000 160101.000
   255: 160124.000 164335.000 164657.000 171493.000 180440.000
   260: 180511.000 184267.000 184625.000 184665.000 184788.000
   265: 185499.000 185671.000 187229.000 187244.000 187261.000
   270: 187286.000 187339.000 187378.000 187397.000 187413.000
   275: 187429.000 189173.000 189268.000 189389.000 190134.000
   280: 190170.000 190222.000 190300.000 190382.000 195526.000
   285: 195544.000 195560.000 195606.000 195645.000 195660.000
   290: 195697.000 195716.000 210493.000 210780.000 216656.000
   295: 220436.000 220546.000 220673.000 221320.000 221822.000
   300: 224643.000 224652.000 224709.000 224796.000 224822.000
   305: 224860.000 225221.000 225412.000 226423.000 237853.000
   310: 237920.000 237941.000 237982.000 238026.000 243783.000
   315: 245056.000 245107.000 245155.000 249800.000 249849.000
   320: 249903.000 249954.000 249963.000 249997.000 250286.000
   325: 250386.000 251542.000 251816.000 260238.000 260579.000
   330: 284332.000 284432.000 284483.000 285307.000 285378.000
   335: 285409.000 286028.000 286197.000 301586.000 326863.000
   340: 326941.000 327193.000 327569.000 327717.000 341935.000
   345: 358912.000
D:
     0: 15842.000 27779.000 42388.000 50971.000 68096.000
     5: 72892.000 87565.000 91909.000 104073.000 116094.000
    10: 141535.000 157242.000 160101.000 187413.000 195716.000
E:
     0:  885.000 1093.000 4348.000 4624.000 7277.000
     5: 12839.000 18069.000 18142.000 18426.000 19002.000
    10: 21033.000 21055.000 21345.000 21460.000 23040.000
    15: 23081.000 24995.000 25295.000 25348.000 25427.000
    20: 27200.000 27229.000 27256.000 27260.000 29074.000
    25: 29753.000 29810.000 29965.000 30045.000 30297.000
    30: 30306.000 30463.000 30981.000 32828.000 32836.000
    35: 32859.000 32898.000 33860.000 33976.000 35941.000
    40: 35984.000 39642.000 41321.000 42642.000 42851.000
    45: 44162.000 46871.000 51244.000 54091.000 54418.000
    50: 54439.000 54510.000 54876.000 54947.000 55202.000
    55: 55879.000 57240.000 57265.000 57938.000 58857.000
    60: 61976.000 62036.000 62050.000 62102.000 62133.000
    65: 63342.000 65001.000 68503.000 68523.000 68528.000
    70: 68732.000 69439.000 69447.000 69450.000 69982.000
    75: 70576.000 72384.000 73171.000 74764.000 75751.000
    80: 78688.000 81942.000 81968.000 83651.000 87231.000
    85: 87937.000 88218.000 88648.000 88664.000 88671.000
    90: 88682.000 88829.000 90101.000 90792.000 91194.000
    95: 91204.000 91216.000 92061.000 92232.000 92260.000
   100: 92618.000 96245.000 97507.000 97525.000 99206.000
   105: 103186.000 104146.000 104181.000 106037.000 107058.000
   110: 107593.000 111148.000 112272.000 112976.000 114812.000
   115: 116270.000 116296.000 117890.000 120386.000 120442.000
   120: 121456.000 121471.000 126651.000 126661.000 126682.000
   125: 128295.000 128325.000 128839.000 128877.000 128885.000
   130: 128895.000 130799.000 130827.000 132472.000 135132.000
   135: 135746.000 136463.000 141231.000 141626.000 141651.000
   140: 142624.000 143704.000 144207.000 145221.000 145235.000
   145: 145555.000 147174.000 147188.000 148690.000 149272.000
   150: 149295.000 149322.000 149461.000 150736.000 151770.000
   155: 152049.000 156453.000 157383.000 157967.000 158838.000
   160: 159215.000 160299.000 162627.000 164052.000 164070.000
   165: 164075.000 164216.000 166061.000 166563.000 166586.000
   170: 170969.000 170989.000 175865.000 180004.000 184426.000
   175: 185948.000 187069.000 187075.000 187527.000 187551.000
   180: 188276.000 189478.000 189482.000 189493.000 189508.000
   185: 189942.000 191667.000 191690.000 192019.000 193044.000
   190: 193063.000 193123.000 195073.000 195849.000 195953.000
   195: 196163.000 197329.000 198381.000 198497.000 202413.000
   200: 204877.000 209957.000 209990.000 216838.000 219992.000
   205: 221927.000 221957.000 224425.000 224913.000 224942.000
   210: 237620.000 238773.000 238805.000 244864.000 245692.000
   215: 246584.000 249571.000 250061.000 250128.000 250148.000
   220: 260383.000 263521.000 263552.000 267343.000 270832.000
   225: 277411.000 277427.000 279846.000 279887.000 284216.000
   230: 285127.000 285161.000 286345.000 293963.000 296970.000
   235: 297007.000 299167.000 311380.000 316864.000 323319.000
   240: 326550.000 341698.000
Q:
     0: 14477.000 23972.000 31818.000 37943.000 49532.000
     5: 60833.000 63480.000 66687.000 80781.000 84534.000
    10: 97645.000 113076.000 118703.000 129179.000 131223.000
    15: 136564.000 145788.000 147310.000 149617.000 154132.000
    20: 164335.000 180440.000 184625.000 190134.000 210493.000
    25: 220436.000 225221.000 243783.000 250286.000 284332.000
    30: 285307.000 326863.000
