File: C:\MED-PC\Data\2019-07-26_15h55m_Subject 19014.txt



Start Date: 07/26/19
End Date: 07/26/19
Subject: 19014
Experiment: 
Group: 0
Box: 1
Start Time: 15:55:59
End Time: 16:58:40
MSN: FR8 8p First Lever Laser 50
B:   8.000
F:   1.000
H: 173.000
L: 237.000
R:  15.000
U:  14.000
V:  76.000
A:
     0:    0.000    1.000
C:
     0: 12559.000 12594.000 12604.000 12626.000 12677.000
     5: 12694.000 12755.000 13098.000 13148.000 13165.000
    10: 13181.000 13208.000 13402.000 17186.000 17218.000
    15: 17242.000 17372.000 17380.000 17401.000 24759.000
    20: 24785.000 24861.000 24899.000 24921.000 25067.000
    25: 25094.000 25121.000 25167.000 25241.000 25261.000
    30: 25348.000 25616.000 25653.000 25664.000 25690.000
    35: 25841.000 25873.000 25927.000 35480.000 35549.000
    40: 38968.000 38994.000 39012.000 39038.000 39048.000
    45: 39129.000 39162.000 39209.000 39243.000 41687.000
    50: 41765.000 41776.000 41786.000 41836.000 41856.000
    55: 41901.000 41916.000 41952.000 41994.000 42003.000
    60: 42012.000 52324.000 52368.000 53053.000 53078.000
    65: 53108.000 53129.000 53227.000 53258.000 53287.000
    70: 53352.000 53373.000 53455.000 53800.000 53842.000
    75: 53869.000 53946.000 54095.000 54123.000 54243.000
    80: 58003.000 58030.000 58086.000 58101.000 58158.000
    85: 58224.000 58240.000 58252.000 58694.000 58959.000
    90: 58972.000 67586.000 83803.000 83832.000 83971.000
    95: 84002.000 84045.000 84060.000 84074.000 84164.000
   100: 84215.000 84307.000 84556.000 84568.000 84593.000
   105: 84668.000 84772.000 84791.000 84810.000 84859.000
   110: 84897.000 84934.000 99839.000 99883.000 108427.000
   115: 108460.000 108471.000 108503.000 108547.000 109684.000
   120: 109774.000 109794.000 109823.000 109870.000 109913.000
   125: 109974.000 110002.000 110033.000 118595.000 120495.000
   130: 120512.000 120523.000 120542.000 120576.000 120613.000
   135: 120644.000 120656.000 120685.000 120704.000 120722.000
   140: 120748.000 120778.000 120829.000 126383.000 126404.000
   145: 126453.000 126461.000 126475.000 128203.000 128234.000
   150: 128275.000 128317.000 128364.000 128382.000 128404.000
   155: 128734.000 128777.000 128784.000 128847.000 128855.000
   160: 128910.000 128922.000 128941.000 129002.000 129106.000
   165: 129123.000 129319.000 148443.000 148488.000 148501.000
   170: 148530.000 148588.000 148600.000 148667.000 148690.000
   175: 148736.000 148906.000 165648.000 165712.000 165731.000
   180: 174677.000 198651.000 198679.000 223991.000 231444.000
   185: 231471.000 231498.000 231675.000 231717.000 231754.000
   190: 231788.000 231806.000 231843.000 231860.000 243132.000
   195: 243185.000 243222.000 243318.000 243379.000 243418.000
   200: 243693.000 243749.000 243769.000 243849.000 243866.000
   205: 243895.000 243912.000 243931.000 244008.000 257740.000
   210: 257772.000 257794.000 257882.000 257896.000 257944.000
   215: 257961.000 258019.000 258038.000 286849.000 286866.000
   220: 286884.000 286943.000 287016.000 296376.000 296417.000
   225: 296427.000 296484.000 296499.000 296605.000 328973.000
   230: 329034.000 351128.000 351164.000 351256.000 351285.000
   235: 351308.000 351333.000
D:
     0: 13098.000 25121.000 39209.000 41916.000 53352.000
     5: 58252.000 84164.000 110002.000 120644.000 128734.000
    10: 148690.000 231806.000 243749.000 258019.000 351333.000
E:
     0: 3708.000 10485.000 10756.000 14019.000 15516.000
     5: 16513.000 19762.000 19784.000 24479.000 27680.000
    10: 28799.000 29265.000 30239.000 33192.000 35259.000
    15: 38207.000 38235.000 38309.000 39514.000 39552.000
    20: 39881.000 39885.000 40057.000 40930.000 42199.000
    25: 46999.000 49721.000 51005.000 51702.000 52509.000
    30: 54344.000 54515.000 54786.000 56114.000 57315.000
    35: 60005.000 60529.000 60531.000 61605.000 63559.000
    40: 63984.000 65173.000 67356.000 68639.000 69954.000
    45: 72415.000 74468.000 76434.000 78359.000 80870.000
    50: 85224.000 85255.000 88443.000 90845.000 90870.000
    55: 93641.000 95828.000 95840.000 97727.000 99585.000
    60: 100950.000 103697.000 104491.000 108101.000 109407.000
    65: 111425.000 113221.000 114175.000 114516.000 114688.000
    70: 117114.000 117931.000 117950.000 120982.000 121019.000
    75: 121581.000 121864.000 122666.000 125082.000 126097.000
    80: 127188.000 127552.000 127850.000 129431.000 129661.000
    85: 130644.000 132849.000 133328.000 133341.000 133590.000
    90: 135773.000 141032.000 142991.000 146223.000 146846.000
    95: 147145.000 148118.000 149208.000 149870.000 151073.000
   100: 155845.000 156164.000 156860.000 159567.000 159749.000
   105: 164006.000 165326.000 167574.000 174167.000 174185.000
   110: 177978.000 178942.000 179722.000 186344.000 198179.000
   115: 203538.000 209131.000 209164.000 209700.000 210023.000
   120: 219681.000 219689.000 219702.000 223389.000 229939.000
   125: 232021.000 232496.000 234089.000 235661.000 236225.000
   130: 238211.000 238982.000 240095.000 240356.000 242617.000
   135: 244525.000 247083.000 247435.000 248140.000 248155.000
   140: 248843.000 249000.000 251867.000 251986.000 255633.000
   145: 257262.000 258528.000 258546.000 260707.000 260729.000
   150: 261751.000 274016.000 275185.000 276111.000 280566.000
   155: 282429.000 283863.000 286468.000 290152.000 290175.000
   160: 291957.000 295958.000 295977.000 300712.000 304583.000
   165: 309614.000 316079.000 321827.000 322956.000 327971.000
   170: 328498.000 357323.000 359978.000
Q:
     0: 12559.000 24759.000 38968.000 53053.000 58003.000
     5: 99839.000 109684.000 118595.000 128203.000 174677.000
    10: 198651.000 243132.000 257740.000 328973.000
\300