File: C:\MED-PC\Data\2019-08-01_12h38m_Subject 19006.txt


Start Date: 08/01/19
End Date: 08/01/19
Subject: 19006
Experiment: 
Group: 1
Box: 4
Start Time: 12:38:33
End Time: 13:46:50
MSN: FR8 8p First Lever Laser 50
B:   8.000
F:   2.000
H: 182.000
L: 865.000
R:  48.000
U:  64.000
V: 114.000
A:
     0:    0.000    1.000
C:
     0: 19434.000 19533.000 19556.000 19569.000 20013.000
     5: 20053.000 20132.000 20142.000 20279.000 20356.000
    10: 20449.000 20466.000 20492.000 20506.000 22147.000
    15: 22530.000 23217.000 23235.000 23249.000 23267.000
    20: 23272.000 23292.000 23491.000 25734.000 25807.000
    25: 26053.000 26207.000 26337.000 26390.000 26515.000
    30: 26588.000 26710.000 26810.000 26849.000 26957.000
    35: 29427.000 29448.000 29581.000 29743.000 30331.000
    40: 30708.000 30925.000 30996.000 31012.000 32263.000
    45: 32272.000 32322.000 32420.000 32437.000 32494.000
    50: 32530.000 32926.000 33238.000 33615.000 33630.000
    55: 33657.000 33670.000 34381.000 34485.000 34626.000
    60: 34876.000 35035.000 36674.000 36754.000 36804.000
    65: 36864.000 36899.000 37065.000 39405.000 39543.000
    70: 40032.000 40082.000 40111.000 40794.000 40913.000
    75: 41146.000 41223.000 41656.000 41860.000 41883.000
    80: 41898.000 41945.000 42022.000 42894.000 43097.000
    85: 43691.000 43705.000 43764.000 43856.000 44008.000
    90: 44047.000 45793.000 46005.000 46080.000 47052.000
    95: 47491.000 47794.000 47823.000 47859.000 47923.000
   100: 47958.000 47971.000 48004.000 50538.000 50565.000
   105: 51103.000 51206.000 51249.000 51288.000 52246.000
   110: 52355.000 52372.000 52432.000 52608.000 52642.000
   115: 52653.000 52719.000 52770.000 52821.000 55716.000
   120: 55735.000 56443.000 56504.000 56518.000 56547.000
   125: 56558.000 57344.000 57440.000 57452.000 57534.000
   130: 57588.000 58296.000 58476.000 58598.000 58913.000
   135: 58963.000 59031.000 59257.000 59302.000 61099.000
   140: 61160.000 61239.000 61469.000 61594.000 61606.000
   145: 61635.000 62058.000 62190.000 62238.000 62295.000
   150: 62315.000 62341.000 62351.000 62377.000 62452.000
   155: 65348.000 65493.000 66691.000 66852.000 66891.000
   160: 66904.000 67488.000 67525.000 67711.000 68144.000
   165: 68159.000 68169.000 68183.000 68215.000 68276.000
   170: 69951.000 70565.000 70582.000 70711.000 71392.000
   175: 71444.000 71456.000 71475.000 71484.000 71517.000
   180: 71591.000 71633.000 73374.000 73407.000 73443.000
   185: 73493.000 73508.000 73565.000 73619.000 73633.000
   190: 74827.000 75009.000 75516.000 75637.000 75683.000
   195: 75698.000 75714.000 76553.000 76585.000 76728.000
   200: 76766.000 76888.000 76959.000 77467.000 78117.000
   205: 78197.000 78210.000 78276.000 78856.000 78945.000
   210: 79106.000 79357.000 79514.000 79550.000 79581.000
   215: 79594.000 80741.000 80786.000 80798.000 80851.000
   220: 80940.000 81007.000 81095.000 81236.000 82371.000
   225: 82705.000 82711.000 82986.000 83002.000 83047.000
   230: 83070.000 83091.000 83196.000 84245.000 84274.000
   235: 84321.000 84340.000 84405.000 84420.000 84449.000
   240: 84495.000 84617.000 84680.000 85687.000 86350.000
   245: 86365.000 86383.000 86396.000 86417.000 86429.000
   250: 86456.000 86510.000 86525.000 88245.000 88456.000
   255: 88536.000 89091.000 89137.000 89227.000 89241.000
   260: 89275.000 89297.000 89821.000 90587.000 90690.000
   265: 90743.000 90938.000 91429.000 91457.000 92035.000
   270: 92084.000 92184.000 92324.000 92352.000 92369.000
   275: 98267.000 98270.000 98303.000 98328.000 98395.000
   280: 102227.000 102416.000 102882.000 102916.000 102995.000
   285: 103008.000 103421.000 103443.000 103651.000 103925.000
   290: 103968.000 104221.000 104315.000 104608.000 105266.000
   295: 105444.000 105980.000 106035.000 106638.000 106654.000
   300: 106669.000 106723.000 106835.000 107111.000 107141.000
   305: 107151.000 107188.000 107202.000 107221.000 107258.000
   310: 107376.000 107414.000 108510.000 108570.000 108651.000
   315: 108719.000 108765.000 109519.000 109543.000 109582.000
   320: 109636.000 109673.000 109692.000 109729.000 109959.000
   325: 109983.000 110034.000 110115.000 110547.000 110672.000
   330: 111215.000 111258.000 111451.000 111754.000 111840.000
   335: 111941.000 111972.000 112011.000 112081.000 113302.000
   340: 113324.000 113345.000 113364.000 113395.000 113413.000
   345: 113479.000 113499.000 113542.000 113554.000 113565.000
   350: 114769.000 114830.000 114841.000 114851.000 114900.000
   355: 114953.000 115002.000 115733.000 115774.000 116439.000
   360: 116517.000 116697.000 117200.000 118034.000 118050.000
   365: 118064.000 118105.000 118148.000 118195.000 118211.000
   370: 119755.000 119820.000 119836.000 119868.000 119886.000
   375: 119904.000 119932.000 120457.000 120500.000 121131.000
   380: 121339.000 121922.000 122057.000 122080.000 122115.000
   385: 122491.000 122639.000 122674.000 122688.000 122731.000
   390: 122818.000 122834.000 122841.000 123025.000 123120.000
   395: 125350.000 125399.000 125567.000 125584.000 125605.000
   400: 125659.000 130883.000 131599.000 131696.000 131761.000
   405: 131928.000 132143.000 132352.000 132979.000 133583.000
   410: 133643.000 133662.000 133835.000 134079.000 134141.000
   415: 134169.000 134264.000 134692.000 134767.000 134813.000
   420: 134864.000 134896.000 134912.000 134930.000 135205.000
   425: 135233.000 135303.000 135323.000 135362.000 137455.000
   430: 137560.000 138055.000 138083.000 138254.000 139697.000
   435: 139737.000 139772.000 139841.000 139860.000 141139.000
   440: 141755.000 141765.000 141858.000 141953.000 142001.000
   445: 142039.000 153641.000 153694.000 153766.000 153784.000
   450: 153805.000 153882.000 154196.000 154259.000 154460.000
   455: 154738.000 156173.000 156215.000 156234.000 156295.000
   460: 156901.000 157649.000 157730.000 157770.000 157870.000
   465: 159998.000 160040.000 160669.000 160888.000 160917.000
   470: 161455.000 161474.000 161523.000 161570.000 161580.000
   475: 161595.000 161613.000 161623.000 161677.000 161687.000
   480: 163080.000 164019.000 164045.000 164079.000 164123.000
   485: 164904.000 164996.000 165081.000 165095.000 165126.000
   490: 165185.000 165564.000 165648.000 165685.000 165695.000
   495: 165731.000 167438.000 167590.000 167777.000 168211.000
   500: 168273.000 168349.000 168371.000 168393.000 168440.000
   505: 168612.000 168654.000 168675.000 168686.000 170355.000
   510: 170490.000 170519.000 170534.000 170566.000 170642.000
   515: 171219.000 171266.000 171298.000 171420.000 171470.000
   520: 171933.000 171993.000 172212.000 172548.000 172618.000
   525: 172679.000 172854.000 173087.000 173106.000 173124.000
   530: 176223.000 176261.000 176346.000 176505.000 176530.000
   535: 176593.000 176610.000 177015.000 178274.000 178368.000
   540: 180805.000 180854.000 180916.000 180998.000 181256.000
   545: 181336.000 182273.000 182339.000 182350.000 182427.000
   550: 182452.000 182477.000 182546.000 182614.000 182783.000
   555: 184659.000 185258.000 185372.000 185536.000 186157.000
   560: 186312.000 187006.000 187168.000 187239.000 187400.000
   565: 187683.000 187784.000 188045.000 188074.000 188121.000
   570: 188162.000 188962.000 189842.000 189904.000 190125.000
   575: 190135.000 190155.000 190240.000 190755.000 190807.000
   580: 190837.000 190857.000 190942.000 190961.000 191035.000
   585: 191241.000 191257.000 191298.000 192960.000 192975.000
   590: 193042.000 193094.000 193151.000 193842.000 193854.000
   595: 193899.000 197763.000 201518.000 211127.000 212016.000
   600: 212130.000 212553.000 212601.000 212637.000 212673.000
   605: 212731.000 212757.000 216335.000 217099.000 217180.000
   610: 217198.000 217736.000 222491.000 225196.000 225357.000
   615: 229492.000 229526.000 229537.000 229702.000 229739.000
   620: 232721.000 232800.000 232820.000 232837.000 232844.000
   625: 232858.000 233040.000 233092.000 233120.000 234580.000
   630: 234627.000 235213.000 235245.000 235266.000 235423.000
   635: 235432.000 235473.000 236703.000 241095.000 241756.000
   640: 248567.000 248697.000 248932.000 248970.000 249218.000
   645: 249287.000 251153.000 251171.000 251194.000 251362.000
   650: 251405.000 251414.000 251434.000 254093.000 254142.000
   655: 254399.000 255770.000 255939.000 256110.000 256146.000
   660: 256465.000 256525.000 257217.000 257247.000 258300.000
   665: 258394.000 259058.000 259083.000 259161.000 259217.000
   670: 259726.000 259742.000 259788.000 269016.000 271315.000
   675: 272118.000 272710.000 272786.000 274203.000 274269.000
   680: 274508.000 274526.000 274543.000 274555.000 274620.000
   685: 275287.000 275336.000 275384.000 275417.000 275521.000
   690: 275576.000 277049.000 277090.000 277931.000 279070.000
   695: 279134.000 279167.000 279239.000 285975.000 286868.000
   700: 286955.000 286991.000 287013.000 287964.000 296355.000
   705: 296772.000 296845.000 303700.000 309169.000 310107.000
   710: 310225.000 312058.000 312076.000 312211.000 312229.000
   715: 312260.000 312282.000 312290.000 313874.000 314596.000
   720: 316221.000 316235.000 316287.000 316306.000 316338.000
   725: 316360.000 316380.000 316393.000 316484.000 316533.000
   730: 316546.000 319763.000 319821.000 319840.000 320879.000
   735: 321589.000 321607.000 321629.000 321642.000 321660.000
   740: 321675.000 321818.000 325602.000 325721.000 325826.000
   745: 325913.000 325918.000 325947.000 326014.000 326369.000
   750: 326442.000 326454.000 326478.000 326521.000 326569.000
   755: 328731.000 328916.000 329922.000 329970.000 330135.000
   760: 330683.000 331358.000 331375.000 331410.000 331458.000
   765: 331766.000 331825.000 331906.000 331918.000 331936.000
   770: 332011.000 333234.000 333294.000 333466.000 333978.000
   775: 334007.000 334116.000 334128.000 334149.000 334188.000
   780: 335387.000 335438.000 335473.000 335488.000 335574.000
   785: 335602.000 335610.000 335692.000 335754.000 335775.000
   790: 339898.000 339986.000 340094.000 340102.000 340187.000
   795: 340217.000 340265.000 341040.000 341164.000 341500.000
   800: 341726.000 344408.000 344461.000 344477.000 344523.000
   805: 344631.000 344965.000 345025.000 345861.000 346062.000
   810: 346358.000 346431.000 346446.000 346453.000 346478.000
   815: 346537.000 346578.000 346693.000 346711.000 346731.000
   820: 346750.000 346788.000 348722.000 348787.000 348814.000
   825: 348876.000 349676.000 349936.000 350376.000 350394.000
   830: 350416.000 350439.000 350463.000 350876.000 350911.000
   835: 351133.000 351301.000 351589.000 351754.000 352226.000
   840: 352274.000 353024.000 353050.000 353079.000 353116.000
   845: 353378.000 353871.000 354090.000 354571.000 354679.000
   850: 354740.000 354758.000 354765.000 354776.000 357926.000
   855: 358174.000 358652.000 358681.000 358694.000 359540.000
   860: 359584.000 359607.000 359642.000 359740.000 359856.000
D:
     0: 20142.000 23292.000 26588.000 36804.000 44047.000
     5: 47971.000 52719.000 59302.000 62377.000 68215.000
    10: 71633.000 73633.000 79594.000 81236.000 83091.000
    15: 84495.000 86456.000 92369.000 107111.000 112011.000
    20: 113499.000 118211.000 122688.000 135205.000 139772.000
    25: 154259.000 161623.000 165648.000 168393.000 173087.000
    30: 182339.000 190755.000 212731.000 225357.000 233092.000
    35: 235473.000 251171.000 259742.000 275287.000 312260.000
    40: 316393.000 321818.000 326369.000 331918.000 334149.000
    45: 335692.000 346453.000 354776.000
E:
     0: 1729.000 4034.000 8315.000 8329.000 18230.000
     5: 20796.000 23656.000 27145.000 28468.000 29979.000
    10: 31303.000 31306.000 31861.000 32730.000 33879.000
    15: 37200.000 37206.000 40325.000 41502.000 42216.000
    20: 44336.000 45196.000 46311.000 48115.000 50338.000
    25: 51531.000 51538.000 52042.000 53032.000 56672.000
    30: 57089.000 58051.000 59652.000 61754.000 62595.000
    35: 63463.000 63657.000 64866.000 64879.000 66302.000
    40: 67232.000 68628.000 70925.000 71827.000 72680.000
    45: 73753.000 75980.000 77121.000 78474.000 79783.000
    50: 81303.000 83400.000 84809.000 86715.000 88694.000
    55: 89607.000 89701.000 91122.000 92665.000 92668.000
    60: 98538.000 103105.000 103803.000 104485.000 105677.000
    65: 107636.000 109012.000 109832.000 110856.000 112174.000
    70: 113715.000 115217.000 116853.000 118491.000 120104.000
    75: 121534.000 123519.000 124932.000 125805.000 125882.000
    80: 129938.000 132458.000 133953.000 134567.000 134588.000
    85: 135534.000 136557.000 139965.000 142267.000 152702.000
    90: 154846.000 156479.000 158152.000 159493.000 161103.000
    95: 161956.000 164242.000 166021.000 168782.000 170764.000
   100: 171636.000 173268.000 173921.000 175678.000 176788.000
   105: 178619.000 178622.000 180186.000 182895.000 183540.000
   110: 185656.000 187576.000 188351.000 188353.000 191502.000
   115: 193270.000 195179.000 198631.000 200891.000 209757.000
   120: 212951.000 214167.000 215828.000 225698.000 226787.000
   125: 229878.000 233263.000 235583.000 240048.000 243671.000
   130: 251526.000 254858.000 256286.000 257416.000 258045.000
   135: 260002.000 262535.000 268087.000 271127.000 271136.000
   140: 272911.000 275767.000 278150.000 284628.000 287223.000
   145: 300512.000 308766.000 308790.000 312404.000 312418.000
   150: 314800.000 315167.000 316678.000 320084.000 321964.000
   155: 324779.000 324786.000 326711.000 329363.000 330974.000
   160: 332133.000 334319.000 334989.000 335893.000 335897.000
   165: 339147.000 340518.000 344086.000 344836.000 346978.000
   170: 347195.000 347702.000 349007.000 350569.000 351413.000
   175: 351433.000 352464.000 352475.000 353748.000 354946.000
   180: 357420.000 358870.000
Q:
     0: 22147.000 25734.000 30331.000 32926.000 39405.000
     5: 42894.000 47052.000 50538.000 55716.000 58296.000
    10: 65348.000 67488.000 69951.000 74827.000 77467.000
    15: 78856.000 82371.000 85687.000 89821.000 91429.000
    20: 102227.000 104608.000 105980.000 109959.000 111215.000
    25: 115733.000 117200.000 120457.000 130883.000 132979.000
    30: 137455.000 141139.000 156901.000 159998.000 163080.000
    35: 167438.000 171933.000 177015.000 184659.000 186157.000
    40: 188962.000 197763.000 211127.000 216335.000 234580.000
    45: 241095.000 254093.000 256465.000 258300.000 271315.000
    50: 277049.000 285975.000 309169.000 313874.000 320879.000
    55: 328731.000 329922.000 333234.000 341040.000 344965.000
    60: 349676.000 351589.000 353871.000 357926.000
