File: C:\MED-PC\Data\2019-07-29_13h02m_Subject 19014.txt


Start Date: 07/29/19
End Date: 07/29/19
Subject: 19014
Experiment: 
Group: 0
Box: 2
Start Time: 13:02:27
End Time: 14:04:56
MSN: FR8 8p First Lever Laser 50
B:   8.000
F:   2.000
H: 175.000
L: 449.000
R:  31.000
U:  31.000
V:  73.000
A:
     0:    0.000    1.000
C:
     0: 6914.000 7041.000 7059.000 7104.000 7136.000
     5: 13513.000 13534.000 13559.000 13573.000 13618.000
    10: 13698.000 13713.000 13730.000 13749.000 13763.000
    15: 13796.000 13815.000 13838.000 13854.000 13898.000
    20: 18900.000 18918.000 18959.000 19003.000 19119.000
    25: 19144.000 19161.000 19179.000 19188.000 19201.000
    30: 19216.000 19230.000 19244.000 19269.000 19308.000
    35: 19322.000 31292.000 31367.000 31404.000 31475.000
    40: 31535.000 31898.000 31917.000 31934.000 31961.000
    45: 32005.000 32014.000 32029.000 32066.000 32074.000
    50: 32102.000 32147.000 32193.000 32248.000 32263.000
    55: 35763.000 35774.000 35820.000 35863.000 35900.000
    60: 35940.000 35949.000 35991.000 36009.000 36047.000
    65: 44153.000 44198.000 44230.000 44284.000 44306.000
    70: 44400.000 47154.000 47179.000 47189.000 47234.000
    75: 47245.000 47302.000 47314.000 47333.000 47345.000
    80: 47386.000 47397.000 47411.000 47454.000 49569.000
    85: 49588.000 49610.000 49620.000 49646.000 49656.000
    90: 49701.000 49742.000 49776.000 49828.000 51680.000
    95: 51726.000 51754.000 51796.000 51833.000 51851.000
   100: 51884.000 51899.000 51923.000 56283.000 56296.000
   105: 56319.000 56342.000 56942.000 56959.000 57000.000
   110: 57013.000 57024.000 57035.000 57044.000 57065.000
   115: 57091.000 57112.000 57137.000 57170.000 57194.000
   120: 59806.000 59817.000 59940.000 59968.000 60694.000
   125: 60760.000 60808.000 60842.000 60880.000 60886.000
   130: 60913.000 60960.000 61001.000 66532.000 66566.000
   135: 66629.000 66656.000 66700.000 66728.000 66758.000
   140: 66786.000 69032.000 69078.000 69085.000 69101.000
   145: 69112.000 69134.000 69168.000 69189.000 69201.000
   150: 69273.000 70418.000 73603.000 73627.000 73652.000
   155: 73673.000 73684.000 73721.000 73731.000 73745.000
   160: 73815.000 73843.000 73860.000 75233.000 75277.000
   165: 75305.000 75317.000 75335.000 75362.000 75378.000
   170: 75390.000 75396.000 75453.000 75528.000 81982.000
   175: 82008.000 82047.000 82065.000 82098.000 82110.000
   180: 82148.000 82167.000 83691.000 83724.000 83769.000
   185: 83786.000 83820.000 83833.000 83855.000 83877.000
   190: 83925.000 86090.000 86111.000 86159.000 86177.000
   195: 86220.000 86252.000 86296.000 86800.000 86837.000
   200: 86888.000 86924.000 86945.000 86986.000 87099.000
   205: 87623.000 87655.000 87695.000 87712.000 87723.000
   210: 87738.000 87764.000 87781.000 87818.000 87852.000
   215: 87868.000 98204.000 98229.000 98257.000 106063.000
   220: 106076.000 106091.000 106108.000 106149.000 106185.000
   225: 106209.000 106257.000 106283.000 106294.000 107803.000
   230: 107830.000 107842.000 107871.000 107925.000 107948.000
   235: 107968.000 108004.000 108032.000 112177.000 112204.000
   240: 112244.000 112270.000 112305.000 112769.000 112795.000
   245: 112985.000 113036.000 113080.000 113099.000 113154.000
   250: 113618.000 113635.000 113675.000 113721.000 113757.000
   255: 113787.000 114164.000 114186.000 114225.000 114252.000
   260: 114312.000 114324.000 114377.000 114407.000 114438.000
   265: 115841.000 115860.000 115895.000 115932.000 115967.000
   270: 115975.000 115995.000 116017.000 116043.000 116064.000
   275: 116085.000 116136.000 117304.000 117319.000 117334.000
   280: 117364.000 117388.000 117472.000 117516.000 117533.000
   285: 117547.000 117567.000 118611.000 118629.000 118653.000
   290: 118674.000 118689.000 118700.000 118729.000 118748.000
   295: 118764.000 118796.000 118812.000 118836.000 118888.000
   300: 118901.000 118928.000 123806.000 123821.000 123884.000
   305: 123920.000 123942.000 123972.000 124011.000 124495.000
   310: 124517.000 124536.000 124577.000 124650.000 124823.000
   315: 125240.000 125286.000 125298.000 125374.000 125404.000
   320: 125418.000 125483.000 125864.000 125915.000 140296.000
   325: 141664.000 141686.000 141707.000 149002.000 149043.000
   330: 161035.000 178507.000 178541.000 180051.000 180104.000
   335: 180149.000 180160.000 180200.000 180216.000 180223.000
   340: 180270.000 180294.000 182236.000 182264.000 182286.000
   345: 182344.000 196082.000 196165.000 196175.000 258172.000
   350: 266553.000 275584.000 277613.000 277630.000 277651.000
   355: 277703.000 277741.000 277809.000 277838.000 295354.000
   360: 295380.000 295442.000 295501.000 295547.000 295561.000
   365: 296072.000 296089.000 296228.000 296238.000 296591.000
   370: 296611.000 296770.000 296790.000 296799.000 296829.000
   375: 296869.000 307070.000 307084.000 307107.000 307128.000
   380: 307145.000 307166.000 307217.000 307268.000 307291.000
   385: 307333.000 307373.000 317542.000 317569.000 317600.000
   390: 317684.000 322841.000 322877.000 322917.000 322929.000
   395: 322940.000 322962.000 322995.000 323019.000 323042.000
   400: 323089.000 325617.000 325651.000 325708.000 325722.000
   405: 325750.000 325774.000 325789.000 325814.000 336475.000
   410: 342697.000 342712.000 342747.000 342778.000 342844.000
   415: 342882.000 343221.000 343249.000 343272.000 343286.000
   420: 343308.000 343316.000 343353.000 343394.000 345769.000
   425: 345783.000 345831.000 345870.000 349949.000 349987.000
   430: 350014.000 350028.000 350079.000 350638.000 350671.000
   435: 350683.000 350700.000 350746.000 350758.000 350788.000
   440: 350826.000 356196.000 356231.000 356263.000 356304.000
   445: 356344.000 356370.000 356440.000 356467.000
D:
     0: 13730.000 19179.000 32066.000 35991.000 47333.000
     5: 49742.000 51899.000 57065.000 60960.000 66786.000
    10: 69189.000 73745.000 75390.000 82167.000 83877.000
    15: 87781.000 106257.000 108004.000 114407.000 116017.000
    20: 117533.000 118748.000 125864.000 180270.000 277838.000
    25: 307268.000 323019.000 325814.000 343394.000 350826.000
    30: 356467.000
E:
     0: 4726.000 4757.000 6603.000 9931.000 13295.000
     5: 14380.000 16117.000 16779.000 18251.000 18279.000
    10: 18436.000 19500.000 20777.000 21337.000 21352.000
    15: 25639.000 26694.000 30618.000 31639.000 32391.000
    20: 32405.000 33450.000 35250.000 36245.000 38536.000
    25: 38558.000 39724.000 43218.000 44736.000 47640.000
    30: 48738.000 49201.000 50009.000 51409.000 52135.000
    35: 54085.000 55688.000 55991.000 56618.000 57350.000
    40: 59434.000 60158.000 60182.000 61202.000 62882.000
    45: 62898.000 65057.000 66272.000 66938.000 68733.000
    50: 69418.000 71954.000 72710.000 73361.000 74087.000
    55: 75687.000 78012.000 81281.000 82381.000 84078.000
    60: 85536.000 86420.000 87176.000 88004.000 91747.000
    65: 97519.000 98423.000 104119.000 105722.000 106457.000
    70: 106462.000 108193.000 111560.000 111566.000 112490.000
    75: 113324.000 113984.000 114651.000 116281.000 117680.000
    80: 117684.000 119096.000 119108.000 119794.000 121370.000
    85: 122892.000 123419.000 124213.000 124970.000 128079.000
    90: 131401.000 131411.000 133921.000 138107.000 139931.000
    95: 141564.000 146254.000 146276.000 146494.000 148768.000
   100: 150113.000 157367.000 157905.000 164509.000 165182.000
   105: 174664.000 178209.000 179866.000 180496.000 182457.000
   110: 182480.000 189146.000 189343.000 189352.000 189903.000
   115: 190588.000 192747.000 194332.000 194799.000 199417.000
   120: 201859.000 214280.000 216151.000 223266.000 225394.000
   125: 225401.000 229863.000 243020.000 251328.000 262267.000
   130: 266179.000 269395.000 271964.000 275380.000 277990.000
   135: 279686.000 282320.000 285462.000 292109.000 292349.000
   140: 295082.000 295728.000 296384.000 296389.000 296408.000
   145: 297015.000 301098.000 306703.000 307524.000 310818.000
   150: 311222.000 316942.000 319408.000 323233.000 325254.000
   155: 325929.000 329834.000 333070.000 335806.000 335814.000
   160: 336574.000 336578.000 342332.000 343005.000 343513.000
   165: 343532.000 344968.000 348921.000 350206.000 350949.000
   170: 355504.000 355981.000 356600.000 357666.000 358394.000
Q:
     0: 13513.000 31292.000 35763.000 44153.000 49569.000
     5: 56942.000 59806.000 69032.000 73603.000 75233.000
    10: 83691.000 87623.000 106063.000 107803.000 112769.000
    15: 115841.000 117304.000 123806.000 140296.000 149002.000
    20: 178507.000 182236.000 196082.000 275584.000 296072.000
    25: 307070.000 317542.000 336475.000 343221.000 349949.000
    30: 350638.000
