File: C:\MED-PC\Data\2019-07-30_11h13m_Subject 19009.txt


Start Date: 07/30/19
End Date: 07/30/19
Subject: 19009
Experiment: 
Group: 1
Box: 2
Start Time: 11:13:49
End Time: 12:14:28
MSN: FR8 8p First Lever Laser 50
B:   8.000
F:   2.000
H: 219.000
L: 564.000
R:  34.000
U:  43.000
V:  39.000
A:
     0:    0.000    1.000
C:
     0: 7251.000 20339.000 20376.000 20399.000 20527.000
     5: 20555.000 35460.000 35525.000 35545.000 35600.000
    10: 37887.000 37901.000 37932.000 37943.000 37958.000
    15: 37984.000 38001.000 39110.000 39198.000 39222.000
    20: 39274.000 39303.000 39362.000 39375.000 40290.000
    25: 40306.000 40327.000 42090.000 42132.000 42264.000
    30: 42276.000 42290.000 42312.000 42335.000 43033.000
    35: 44159.000 44165.000 44192.000 44222.000 47608.000
    40: 50114.000 50132.000 50139.000 50170.000 51180.000
    45: 51194.000 51210.000 51225.000 51269.000 51281.000
    50: 51301.000 51319.000 51343.000 51361.000 51378.000
    55: 51402.000 51425.000 51470.000 51486.000 60139.000
    60: 60176.000 60186.000 60234.000 60246.000 62350.000
    65: 63186.000 63339.000 64481.000 64489.000 64503.000
    70: 64573.000 64584.000 64599.000 64621.000 64736.000
    75: 70487.000 70499.000 70516.000 70535.000 70595.000
    80: 70615.000 70632.000 70670.000 73490.000 73513.000
    85: 73529.000 73558.000 73618.000 73633.000 73677.000
    90: 73717.000 77464.000 77478.000 77504.000 77523.000
    95: 77530.000 77589.000 78647.000 78663.000 78674.000
   100: 78692.000 78729.000 79294.000 79306.000 79325.000
   105: 79355.000 79398.000 83027.000 83076.000 83101.000
   110: 83129.000 83134.000 83147.000 83162.000 83184.000
   115: 84638.000 84724.000 84743.000 84758.000 86576.000
   120: 86594.000 86610.000 86626.000 86685.000 86705.000
   125: 86737.000 87572.000 87580.000 87593.000 87609.000
   130: 87627.000 87649.000 87665.000 87713.000 87762.000
   135: 90222.000 90241.000 90255.000 90274.000 90308.000
   140: 90340.000 90361.000 90370.000 90405.000 90418.000
   145: 92532.000 92545.000 96594.000 100093.000 100115.000
   150: 100143.000 100189.000 100206.000 100229.000 100933.000
   155: 100941.000 100961.000 100980.000 101004.000 101021.000
   160: 101048.000 101064.000 102491.000 102504.000 102521.000
   165: 102539.000 102553.000 102573.000 102609.000 102650.000
   170: 103892.000 103911.000 103927.000 103942.000 104029.000
   175: 105221.000 105227.000 105238.000 105261.000 105822.000
   180: 105835.000 105853.000 105878.000 105963.000 106520.000
   185: 106537.000 106553.000 106594.000 106636.000 106675.000
   190: 106679.000 106695.000 108417.000 108433.000 108474.000
   195: 108546.000 108554.000 108568.000 108583.000 109052.000
   200: 109069.000 109092.000 109123.000 109173.000 109523.000
   205: 109537.000 109551.000 109564.000 109582.000 109673.000
   210: 109744.000 110213.000 110226.000 110243.000 110256.000
   215: 110320.000 110342.000 110391.000 110410.000 110427.000
   220: 110497.000 111683.000 111695.000 111712.000 111758.000
   225: 111772.000 111795.000 111823.000 112498.000 112520.000
   230: 112531.000 112552.000 112629.000 112674.000 112757.000
   235: 113158.000 113173.000 113198.000 113212.000 113223.000
   240: 113270.000 113294.000 113315.000 113344.000 113372.000
   245: 113394.000 113443.000 114776.000 114807.000 114834.000
   250: 114892.000 114919.000 114933.000 114953.000 114996.000
   255: 117195.000 117219.000 118840.000 118869.000 118897.000
   260: 129302.000 129327.000 129335.000 129384.000 129408.000
   265: 129441.000 130109.000 130125.000 130179.000 130196.000
   270: 130221.000 130277.000 130599.000 130637.000 130671.000
   275: 130690.000 130718.000 130736.000 130756.000 131097.000
   280: 131116.000 131128.000 131148.000 131182.000 131192.000
   285: 131221.000 131234.000 131268.000 135141.000 135172.000
   290: 135186.000 135209.000 136838.000 136861.000 136892.000
   295: 136939.000 136953.000 136972.000 137002.000 137018.000
   300: 137817.000 137842.000 137850.000 138046.000 139155.000
   305: 139171.000 139185.000 139207.000 139245.000 139271.000
   310: 139294.000 139319.000 140307.000 140341.000 140371.000
   315: 140385.000 140409.000 140430.000 141735.000 142411.000
   320: 143748.000 143759.000 143777.000 143827.000 143861.000
   325: 144383.000 144408.000 144424.000 144442.000 144470.000
   330: 144485.000 144513.000 144521.000 144534.000 145388.000
   335: 145404.000 145438.000 145474.000 145484.000 145502.000
   340: 145583.000 145596.000 146595.000 146604.000 146626.000
   345: 146689.000 146701.000 146727.000 146759.000 147150.000
   350: 147186.000 147210.000 147235.000 147249.000 147263.000
   355: 147296.000 147334.000 147346.000 148087.000 148106.000
   360: 148118.000 148161.000 148176.000 148193.000 148211.000
   365: 148234.000 148273.000 148974.000 148986.000 149001.000
   370: 149018.000 149041.000 149079.000 149128.000 149145.000
   375: 149163.000 149177.000 157695.000 158519.000 158531.000
   380: 158552.000 158571.000 158591.000 158617.000 158630.000
   385: 159696.000 159707.000 159727.000 159815.000 159895.000
   390: 159907.000 160226.000 160231.000 160255.000 160272.000
   395: 160326.000 160341.000 160783.000 160795.000 160814.000
   400: 160830.000 160852.000 160872.000 160884.000 160894.000
   405: 160912.000 160986.000 161007.000 162239.000 162279.000
   410: 162499.000 163854.000 165641.000 165667.000 165692.000
   415: 173499.000 173520.000 173532.000 173561.000 180944.000
   420: 180977.000 180993.000 181017.000 181196.000 181215.000
   425: 181228.000 181247.000 181273.000 183884.000 193244.000
   430: 193265.000 199745.000 199769.000 199784.000 199832.000
   435: 199847.000 199857.000 199909.000 199935.000 199951.000
   440: 199968.000 200567.000 200604.000 200622.000 200664.000
   445: 200674.000 200687.000 201163.000 201192.000 201199.000
   450: 201261.000 201270.000 201289.000 201307.000 201369.000
   455: 205217.000 205259.000 205288.000 205307.000 205757.000
   460: 205790.000 205808.000 205859.000 205883.000 206304.000
   465: 206319.000 206336.000 206355.000 206377.000 206401.000
   470: 206414.000 206468.000 207000.000 207018.000 207035.000
   475: 207067.000 207082.000 207102.000 207110.000 207127.000
   480: 218561.000 218575.000 218604.000 218660.000 218679.000
   485: 218731.000 218740.000 218754.000 222474.000 222504.000
   490: 222519.000 232125.000 233925.000 233987.000 234005.000
   495: 234046.000 234069.000 234097.000 234117.000 234162.000
   500: 234244.000 239136.000 239158.000 239185.000 239201.000
   505: 239220.000 239228.000 239248.000 239264.000 239296.000
   510: 240190.000 257438.000 257485.000 257618.000 257634.000
   515: 257675.000 257734.000 257776.000 257780.000 261248.000
   520: 265220.000 265280.000 275956.000 275978.000 275986.000
   525: 276003.000 276065.000 276083.000 276203.000 276235.000
   530: 277567.000 277665.000 277682.000 289306.000 303264.000
   535: 303294.000 303382.000 303435.000 303458.000 327885.000
   540: 329671.000 329712.000 329733.000 329753.000 330058.000
   545: 330068.000 330245.000 330281.000 330295.000 330321.000
   550: 338061.000 338089.000 338114.000 338137.000 338145.000
   555: 338160.000 338174.000 338189.000 338366.000 338473.000
   560: 338487.000 338503.000 338611.000 349377.000
D:
     0: 51225.000 64736.000 70670.000 73717.000 83184.000
     5: 87713.000 90370.000 101064.000 102650.000 106695.000
    10: 110410.000 113315.000 114996.000 131234.000 136939.000
    15: 139319.000 144521.000 145596.000 147334.000 148234.000
    20: 149145.000 158630.000 160894.000 181247.000 199935.000
    25: 201369.000 206468.000 207127.000 218754.000 234117.000
    30: 239264.000 257780.000 276235.000 338189.000
E:
     0: 3542.000 3556.000 9831.000 9847.000 23450.000
     5: 23623.000 33513.000 35742.000 35942.000 36002.000
    10: 37229.000 38351.000 38555.000 39511.000 39685.000
    15: 40667.000 41598.000 41653.000 42452.000 42641.000
    20: 47271.000 48008.000 49479.000 51615.000 51789.000
    25: 51936.000 54442.000 55632.000 56359.000 58525.000
    30: 60441.000 64040.000 64070.000 64826.000 64998.000
    35: 67881.000 69723.000 70929.000 72464.000 72508.000
    40: 73125.000 73872.000 75502.000 76936.000 77780.000
    45: 78167.000 78184.000 78195.000 78256.000 78877.000
    50: 78937.000 79481.000 79484.000 79586.000 80090.000
    55: 83377.000 83384.000 84972.000 85819.000 86847.000
    60: 86867.000 87860.000 87920.000 89913.000 90591.000
    65: 91681.000 92749.000 92756.000 95321.000 100360.000
    70: 101245.000 102230.000 102792.000 104106.000 104157.000
    75: 105386.000 105411.000 106130.000 106767.000 106805.000
    80: 107705.000 108719.000 109270.000 109272.000 109347.000
    85: 109849.000 109895.000 110601.000 111097.000 111120.000
    90: 111955.000 112073.000 112847.000 112849.000 112906.000
    95: 113524.000 113560.000 114413.000 115102.000 115124.000
   100: 121533.000 121550.000 124071.000 124096.000 125616.000
   105: 128390.000 129570.000 129590.000 130379.000 130897.000
   110: 131428.000 133867.000 134816.000 137091.000 137145.000
   115: 138843.000 139463.000 139964.000 140536.000 143980.000
   120: 144670.000 145134.000 145696.000 146355.000 146910.000
   125: 147464.000 148353.000 148366.000 148401.000 149295.000
   130: 153937.000 155461.000 158761.000 160011.000 160518.000
   135: 161124.000 161473.000 163292.000 163321.000 166040.000
   140: 166855.000 171886.000 171893.000 180508.000 181347.000
   145: 181373.000 183466.000 183508.000 187312.000 189242.000
   150: 190816.000 197326.000 199326.000 200042.000 200072.000
   155: 200795.000 201492.000 204280.000 205376.000 205426.000
   160: 206061.000 206628.000 206636.000 207300.000 209055.000
   165: 210875.000 214674.000 215734.000 218383.000 218872.000
   170: 220841.000 222681.000 222740.000 229719.000 229733.000
   175: 234341.000 238276.000 238885.000 239392.000 239813.000
   180: 245305.000 255288.000 255297.000 255304.000 257075.000
   185: 257897.000 262901.000 271081.000 271087.000 275463.000
   190: 275472.000 276346.000 277748.000 277785.000 278461.000
   195: 284299.000 284309.000 284317.000 286005.000 286020.000
   200: 290222.000 294226.000 294252.000 303525.000 316559.000
   205: 316568.000 329220.000 329231.000 329846.000 330442.000
   210: 331388.000 331428.000 331446.000 331450.000 338244.000
   215: 338263.000 338807.000 340309.000 347208.000
Q:
     0: 7251.000 35460.000 39110.000 43033.000 50114.000
     5: 60139.000 64481.000 73490.000 79294.000 83027.000
    10: 87572.000 92532.000 100933.000 102491.000 105221.000
    15: 106520.000 109052.000 111683.000 112498.000 114776.000
    20: 130109.000 130599.000 135141.000 139155.000 141735.000
    25: 145388.000 147150.000 148974.000 160226.000 162239.000
    30: 163854.000 183884.000 193244.000 200567.000 205757.000
    35: 207000.000 222474.000 232125.000 257438.000 261248.000
    40: 275956.000 289306.000 327885.000 338061.000 338366.000
