File: C:\MED-PC\Data\2019-08-03_13h54m_Subject 19007.txt


Start Date: 08/03/19
End Date: 08/03/19
Subject: 19007
Experiment: 
Group: 1
Box: 4
Start Time: 13:54:56
End Time: 14:57:27
MSN: FR8 8p First Lever Laser 50
B:   8.000
F:   2.000
H: 263.000
L: 908.000
R:  64.000
U:  62.000
V:  93.000
A:
     0:    0.000    1.000
C:
     0: 6716.000 6785.000 6840.000 7505.000 7573.000
     5: 8125.000 8195.000 8231.000 8265.000 8315.000
    10: 8611.000 8659.000 8687.000 8712.000 8745.000
    15: 10048.000 10069.000 10092.000 10146.000 10176.000
    20: 10214.000 10252.000 11022.000 11099.000 11213.000
    25: 11789.000 11810.000 11828.000 11870.000 11963.000
    30: 13355.000 13370.000 13448.000 13529.000 14558.000
    35: 14627.000 14896.000 15197.000 15236.000 15245.000
    40: 15264.000 15335.000 17323.000 17375.000 17421.000
    45: 17568.000 18023.000 18237.000 18720.000 18776.000
    50: 18788.000 18847.000 18920.000 19007.000 20567.000
    55: 20587.000 20654.000 20695.000 20716.000 20742.000
    60: 20783.000 20848.000 22388.000 22418.000 22461.000
    65: 23080.000 23147.000 24077.000 24133.000 25993.000
    70: 26011.000 26047.000 26057.000 26077.000 26105.000
    75: 26139.000 26161.000 26194.000 27795.000 27868.000
    80: 28106.000 28303.000 28419.000 28493.000 28521.000
    85: 28538.000 28553.000 28593.000 29739.000 29760.000
    90: 29803.000 29852.000 29904.000 29966.000 30646.000
    95: 30669.000 31258.000 31301.000 31360.000 31385.000
   100: 31397.000 32224.000 32264.000 32289.000 32334.000
   105: 32367.000 32413.000 32463.000 33049.000 33135.000
   110: 33504.000 33648.000 33673.000 33689.000 33736.000
   115: 33771.000 33791.000 33836.000 35174.000 35193.000
   120: 35217.000 35237.000 35274.000 35294.000 35319.000
   125: 35357.000 36836.000 36892.000 36927.000 37019.000
   130: 40594.000 40704.000 40918.000 41371.000 41420.000
   135: 41875.000 41891.000 41928.000 41976.000 42003.000
   140: 42035.000 42082.000 42116.000 43283.000 43367.000
   145: 43494.000 43965.000 44011.000 44038.000 44094.000
   150: 44119.000 44176.000 44194.000 45389.000 45408.000
   155: 45500.000 45528.000 45545.000 45578.000 45594.000
   160: 45601.000 45691.000 47157.000 47209.000 47757.000
   165: 47806.000 47830.000 47850.000 47888.000 48396.000
   170: 48427.000 48470.000 48485.000 48515.000 48558.000
   175: 48579.000 49275.000 49292.000 49307.000 49339.000
   180: 49360.000 49384.000 49474.000 49494.000 49532.000
   185: 49557.000 50790.000 50871.000 51029.000 51714.000
   190: 51755.000 51851.000 51869.000 54350.000 54407.000
   195: 54736.000 55021.000 55039.000 55059.000 55124.000
   200: 55160.000 55233.000 55253.000 56367.000 56398.000
   205: 56409.000 56440.000 56498.000 56547.000 56592.000
   210: 56625.000 57898.000 57953.000 58049.000 58585.000
   215: 58623.000 58684.000 58751.000 59961.000 59977.000
   220: 59990.000 60022.000 60046.000 60119.000 60159.000
   225: 60170.000 61268.000 61313.000 61401.000 61602.000
   230: 61654.000 61976.000 62103.000 62693.000 62712.000
   235: 62728.000 62751.000 62774.000 62798.000 62828.000
   240: 62869.000 62884.000 62930.000 62955.000 64210.000
   245: 64262.000 64567.000 64969.000 65464.000 65479.000
   250: 65511.000 65527.000 65559.000 65593.000 65610.000
   255: 65647.000 67107.000 67129.000 67146.000 67181.000
   260: 67202.000 67225.000 67260.000 67293.000 67313.000
   265: 67341.000 68521.000 68563.000 68942.000 69177.000
   270: 69192.000 69222.000 69238.000 69265.000 69314.000
   275: 69349.000 70601.000 70621.000 70638.000 70669.000
   280: 72215.000 72267.000 72844.000 72860.000 72883.000
   285: 72906.000 73243.000 73304.000 73322.000 73342.000
   290: 74651.000 74709.000 75319.000 75418.000 75463.000
   295: 76137.000 76156.000 76245.000 76305.000 76325.000
   300: 76371.000 76476.000 76882.000 76928.000 77481.000
   305: 77530.000 77659.000 77678.000 77687.000 77731.000
   310: 78662.000 78680.000 78724.000 78776.000 78817.000
   315: 78865.000 78892.000 78917.000 78986.000 79010.000
   320: 79026.000 80240.000 80282.000 80319.000 80362.000
   325: 80396.000 80428.000 81034.000 81104.000 81390.000
   330: 81801.000 81844.000 81860.000 81887.000 81969.000
   335: 81989.000 82012.000 83153.000 83213.000 83239.000
   340: 83283.000 83337.000 83381.000 83405.000 83757.000
   345: 83776.000 83825.000 84384.000 84472.000 84509.000
   350: 84533.000 85282.000 85302.000 85351.000 85383.000
   355: 85401.000 85433.000 85489.000 85529.000 85557.000
   360: 85576.000 86534.000 86582.000 87190.000 87237.000
   365: 87269.000 87308.000 87333.000 87370.000 87460.000
   370: 87489.000 88686.000 88739.000 88878.000 89405.000
   375: 89423.000 89475.000 89531.000 89550.000 90577.000
   380: 90616.000 90667.000 90682.000 90712.000 90731.000
   385: 90757.000 90824.000 91889.000 91958.000 92003.000
   390: 92039.000 92087.000 92100.000 92119.000 92191.000
   395: 92264.000 101879.000 101923.000 102982.000 103100.000
   400: 104858.000 104906.000 105102.000 105597.000 105618.000
   405: 105706.000 106205.000 106250.000 106293.000 106308.000
   410: 106329.000 106386.000 106463.000 107060.000 107121.000
   415: 107658.000 107754.000 107788.000 107805.000 107840.000
   420: 107901.000 108100.000 108121.000 109003.000 109040.000
   425: 109092.000 109109.000 109121.000 109146.000 109186.000
   430: 109796.000 109809.000 109854.000 109889.000 109941.000
   435: 109977.000 110043.000 110068.000 112641.000 112743.000
   440: 112821.000 112875.000 114314.000 114375.000 114587.000
   445: 114631.000 114639.000 114862.000 114952.000 114981.000
   450: 115002.000 115023.000 115086.000 115156.000 115189.000
   455: 116479.000 116542.000 116566.000 116586.000 116636.000
   460: 116660.000 116714.000 117361.000 117377.000 117410.000
   465: 117426.000 117440.000 117474.000 117507.000 117540.000
   470: 118704.000 119459.000 119503.000 119578.000 119614.000
   475: 120487.000 120552.000 120823.000 120992.000 121212.000
   480: 121226.000 121271.000 121369.000 123251.000 123267.000
   485: 123318.000 123339.000 123370.000 123410.000 123436.000
   490: 123468.000 123504.000 131259.000 131300.000 131331.000
   495: 131348.000 131367.000 131416.000 131451.000 131479.000
   500: 131504.000 132239.000 132285.000 132369.000 132854.000
   505: 132876.000 132921.000 132940.000 132967.000 133016.000
   510: 133029.000 133079.000 133160.000 134391.000 134422.000
   515: 134445.000 134474.000 134494.000 134528.000 134553.000
   520: 134595.000 135629.000 135723.000 136397.000 136417.000
   525: 136475.000 136502.000 136516.000 137182.000 137260.000
   530: 137730.000 137880.000 137943.000 137975.000 138028.000
   535: 139132.000 139156.000 139184.000 139205.000 139218.000
   540: 139234.000 139260.000 139276.000 139316.000 139387.000
   545: 139403.000 141543.000 141573.000 141624.000 141649.000
   550: 141697.000 141720.000 141776.000 141828.000 148544.000
   555: 148634.000 149467.000 149552.000 149578.000 149595.000
   560: 149633.000 149649.000 149668.000 150989.000 151027.000
   565: 151065.000 151099.000 151136.000 151157.000 151175.000
   570: 151236.000 151251.000 154946.000 155007.000 155160.000
   575: 155264.000 159541.000 159588.000 159596.000 159643.000
   580: 159714.000 159729.000 159767.000 160743.000 160791.000
   585: 161528.000 161636.000 161690.000 162074.000 162098.000
   590: 162139.000 162149.000 162169.000 162204.000 162239.000
   595: 162279.000 162311.000 162357.000 163488.000 164197.000
   600: 164211.000 164235.000 164288.000 164319.000 165030.000
   605: 165052.000 165072.000 165125.000 165137.000 165156.000
   610: 165217.000 165233.000 165265.000 171650.000 171710.000
   615: 171794.000 172014.000 172396.000 172505.000 172581.000
   620: 172618.000 173771.000 173812.000 174476.000 174511.000
   625: 174554.000 174581.000 174592.000 174610.000 174636.000
   630: 174697.000 176708.000 176722.000 176739.000 176771.000
   635: 176792.000 176803.000 176846.000 176872.000 176944.000
   640: 176962.000 177013.000 178160.000 178193.000 178207.000
   645: 178248.000 178282.000 178333.000 178355.000 178375.000
   650: 178444.000 179368.000 179406.000 179684.000 180137.000
   655: 180198.000 180214.000 180246.000 180301.000 181425.000
   660: 181464.000 181478.000 181516.000 181542.000 181559.000
   665: 181575.000 181596.000 181634.000 181699.000 183220.000
   670: 183278.000 183788.000 184126.000 184158.000 184207.000
   675: 184234.000 184865.000 184881.000 184918.000 184924.000
   680: 184942.000 184971.000 185009.000 185041.000 185057.000
   685: 185124.000 185132.000 186472.000 186503.000 186844.000
   690: 187159.000 187180.000 187247.000 187278.000 187355.000
   695: 188357.000 195407.000 195462.000 195631.000 195743.000
   700: 195812.000 196224.000 196284.000 196335.000 196379.000
   705: 198040.000 198078.000 198910.000 198975.000 198990.000
   710: 199575.000 199602.000 199636.000 199655.000 199670.000
   715: 199721.000 199759.000 199799.000 199832.000 199847.000
   720: 201035.000 201071.000 201097.000 201108.000 201140.000
   725: 201169.000 201187.000 201257.000 201287.000 201330.000
   730: 202443.000 202746.000 203097.000 203325.000 206080.000
   735: 218087.000 218210.000 218244.000 218289.000 218336.000
   740: 218432.000 218449.000 218826.000 218913.000 219400.000
   745: 219441.000 219466.000 219511.000 219530.000 222057.000
   750: 222103.000 222119.000 222138.000 222163.000 222210.000
   755: 222255.000 222291.000 223182.000 223360.000 223738.000
   760: 223865.000 224968.000 226585.000 227743.000 227790.000
   765: 228444.000 228537.000 228641.000 228683.000 228727.000
   770: 229439.000 229458.000 229479.000 229502.000 229524.000
   775: 229556.000 229591.000 229607.000 229628.000 229641.000
   780: 229676.000 234854.000 234867.000 234893.000 235561.000
   785: 235608.000 235626.000 235642.000 235663.000 235694.000
   790: 235726.000 235739.000 235770.000 235841.000 237684.000
   795: 237746.000 237817.000 237851.000 237879.000 237917.000
   800: 237951.000 238649.000 238710.000 239420.000 239445.000
   805: 239546.000 239604.000 241073.000 241094.000 241125.000
   810: 241144.000 241161.000 241193.000 241239.000 241262.000
   815: 241321.000 241356.000 241374.000 251281.000 251404.000
   820: 252358.000 252414.000 252428.000 252485.000 259051.000
   825: 259196.000 259214.000 259277.000 259397.000 259699.000
   830: 262693.000 262704.000 262816.000 265977.000 266044.000
   835: 266064.000 266099.000 266130.000 266148.000 266171.000
   840: 266232.000 267533.000 268120.000 268562.000 268787.000
   845: 271685.000 271748.000 272015.000 290810.000 306734.000
   850: 310098.000 310129.000 310199.000 310239.000 310790.000
   855: 310817.000 310847.000 310909.000 310964.000 312792.000
   860: 312805.000 312832.000 312866.000 312881.000 312896.000
   865: 312926.000 312951.000 312966.000 313020.000 313039.000
   870: 320446.000 320576.000 320932.000 322446.000 322590.000
   875: 323213.000 323251.000 323267.000 323290.000 323306.000
   880: 323700.000 323720.000 323746.000 323771.000 323807.000
   885: 323847.000 323898.000 323952.000 325501.000 328799.000
   890: 329053.000 329075.000 344255.000 344298.000 344564.000
   895: 345055.000 345067.000 345116.000 345141.000 347281.000
   900: 347307.000 347402.000 348897.000 348916.000 348940.000
   905: 348977.000 349005.000 349679.000
D:
     0: 8611.000 11963.000 15335.000 19007.000 20848.000
     5: 26161.000 28538.000 33771.000 35357.000 42116.000
    10: 44119.000 45601.000 49494.000 55160.000 56625.000
    15: 60170.000 62869.000 65647.000 67293.000 69265.000
    20: 73304.000 77731.000 78917.000 81969.000 85529.000
    25: 87370.000 89550.000 90824.000 92191.000 107901.000
    30: 110068.000 114981.000 117540.000 121369.000 123468.000
    35: 131479.000 132967.000 134595.000 139276.000 141828.000
    40: 149649.000 151236.000 162279.000 165233.000 172618.000
    45: 174610.000 176872.000 178375.000 180301.000 181596.000
    50: 185041.000 187355.000 196335.000 199799.000 201257.000
    55: 222291.000 229607.000 235663.000 241262.000 266232.000
    60: 310909.000 312951.000 323952.000 347281.000
E:
     0: 3328.000 7140.000 8993.000 9907.000 10473.000
     5: 10779.000 12205.000 13778.000 15568.000 17761.000
    10: 19289.000 21019.000 23424.000 25580.000 26470.000
    15: 27195.000 27252.000 28694.000 28856.000 30227.000
    20: 30501.000 31762.000 32701.000 33963.000 34292.000
    25: 34939.000 37172.000 37245.000 38111.000 38569.000
    30: 40317.000 41593.000 41609.000 42362.000 44402.000
    35: 45955.000 48056.000 48827.000 48833.000 48993.000
    40: 49873.000 52006.000 52526.000 54096.000 55335.000
    45: 55522.000 56894.000 58851.000 58915.000 59696.000
    50: 60461.000 62210.000 62277.000 63060.000 63127.000
    55: 65066.000 65130.000 65814.000 66786.000 66898.000
    60: 67401.000 67465.000 68261.000 69428.000 69542.000
    65: 71927.000 73443.000 74320.000 75648.000 75895.000
    70: 76696.000 77853.000 78271.000 79101.000 79955.000
    75: 80541.000 80693.000 82150.000 82751.000 83522.000
    80: 84656.000 84801.000 85680.000 87579.000 89651.000
    85: 90949.000 92429.000 96023.000 98980.000 101530.000
    90: 103896.000 104459.000 105878.000 105935.000 105975.000
    95: 106594.000 106849.000 108291.000 108761.000 108763.000
   100: 108782.000 108795.000 109287.000 109434.000 110138.000
   105: 110276.000 113605.000 113692.000 115283.000 116001.000
   110: 116851.000 117014.000 117666.000 117853.000 119729.000
   115: 119736.000 119745.000 120094.000 121480.000 122765.000
   120: 123636.000 130274.000 131588.000 133331.000 133412.000
   125: 134167.000 134714.000 136642.000 138178.000 138279.000
   130: 138860.000 139567.000 141109.000 141959.000 146364.000
   135: 146534.000 148232.000 149831.000 150035.000 151333.000
   140: 152477.000 154415.000 154727.000 158728.000 159847.000
   145: 159852.000 160585.000 161783.000 161869.000 162452.000
   150: 162566.000 164443.000 164515.000 165379.000 165384.000
   155: 165441.000 171056.000 172726.000 172807.000 174788.000
   160: 175041.000 176471.000 177133.000 178521.000 178573.000
   165: 180378.000 180542.000 181773.000 181859.000 184401.000
   170: 185286.000 185367.000 187481.000 194705.000 196491.000
   175: 196637.000 197770.000 199101.000 199123.000 199204.000
   180: 199944.000 200063.000 201491.000 203494.000 203537.000
   185: 204024.000 205676.000 208225.000 217610.000 218528.000
   190: 218530.000 218615.000 219677.000 221384.000 222375.000
   195: 222638.000 224340.000 224438.000 226321.000 227565.000
   200: 228820.000 228971.000 229737.000 232049.000 233723.000
   205: 234686.000 235937.000 237327.000 238039.000 238162.000
   210: 238324.000 238339.000 238346.000 239790.000 240863.000
   215: 241455.000 241514.000 250675.000 252756.000 256159.000
   220: 258751.000 260547.000 262559.000 265207.000 265762.000
   225: 266381.000 269947.000 271559.000 275954.000 277758.000
   230: 287104.000 298031.000 298049.000 306114.000 309918.000
   235: 309997.000 311089.000 312623.000 313231.000 318862.000
   240: 320254.000 322063.000 322119.000 323450.000 324014.000
   245: 324133.000 328119.000 330910.000 336734.000 340660.000
   250: 343882.000 347612.000 348670.000 349098.000 349157.000
   255: 349354.000 349413.000 349417.000 349430.000 349440.000
   260: 349461.000 349469.000 351932.000
Q:
     0: 7505.000 11022.000 14558.000 18023.000 22388.000
     5: 24077.000 27795.000 30646.000 33049.000 40594.000
    10: 43283.000 47157.000 50790.000 54350.000 57898.000
    15: 61268.000 64210.000 68521.000 72215.000 74651.000
    20: 76882.000 81034.000 83757.000 86534.000 88686.000
    25: 101879.000 104858.000 107060.000 112641.000 114314.000
    30: 118704.000 120487.000 132239.000 135629.000 137182.000
    35: 148544.000 154946.000 160743.000 163488.000 171650.000
    40: 173771.000 179368.000 183220.000 186472.000 195407.000
    45: 198040.000 202443.000 206080.000 218826.000 223182.000
    50: 227743.000 234854.000 238649.000 251281.000 259051.000
    55: 267533.000 271685.000 310098.000 320446.000 322446.000
    60: 325501.000 344255.000
