File: C:\MED-PC\Data\2019-07-29_10h59m_Subject 19012.txt


Start Date: 07/29/19
End Date: 07/29/19
Subject: 19012
Experiment: 
Group: 0
Box: 1
Start Time: 10:59:21
End Time: 12:03:01
MSN: FR8 8p First Lever Laser 50
B:   8.000
F:   1.000
H: 133.000
L: 412.000
R:  32.000
U:  25.000
V:  73.000
A:
     0:    0.000    1.000
C:
     0: 8442.000 8474.000 8509.000 8529.000 8546.000
     5: 8606.000 8628.000 13274.000 13323.000 13347.000
    10: 13365.000 13386.000 13407.000 13430.000 13465.000
    15: 13523.000 17191.000 17222.000 17249.000 17279.000
    20: 17306.000 17340.000 17361.000 18784.000 18799.000
    25: 18824.000 18867.000 26042.000 26077.000 26096.000
    30: 26123.000 26148.000 26172.000 26207.000 26258.000
    35: 26282.000 28495.000 28532.000 28573.000 28601.000
    40: 28612.000 28662.000 28702.000 28763.000 31645.000
    45: 31856.000 31890.000 31921.000 39209.000 39222.000
    50: 39242.000 39265.000 39307.000 39371.000 40757.000
    55: 40779.000 40804.000 40834.000 40865.000 40905.000
    60: 40967.000 40991.000 41051.000 42608.000 42659.000
    65: 42682.000 42699.000 42769.000 42786.000 42798.000
    70: 42823.000 42852.000 42891.000 42923.000 42938.000
    75: 45265.000 45276.000 45293.000 45317.000 45337.000
    80: 45385.000 45403.000 45436.000 47458.000 47511.000
    85: 47525.000 47563.000 47582.000 47613.000 47646.000
    90: 47667.000 47677.000 47709.000 47750.000 47770.000
    95: 47825.000 50563.000 50601.000 50620.000 50646.000
   100: 50669.000 50697.000 50718.000 50757.000 50775.000
   105: 50830.000 52021.000 52070.000 52107.000 52122.000
   110: 52164.000 52187.000 52201.000 52224.000 52251.000
   115: 52280.000 54086.000 54104.000 54125.000 54151.000
   120: 54187.000 54230.000 54238.000 54261.000 54319.000
   125: 54346.000 55269.000 55317.000 55343.000 55371.000
   130: 55403.000 55419.000 55457.000 55480.000 55560.000
   135: 55582.000 55609.000 55627.000 55671.000 55733.000
   140: 56854.000 56872.000 56903.000 56914.000 56936.000
   145: 56981.000 57003.000 57025.000 57045.000 57069.000
   150: 57166.000 57191.000 58615.000 58648.000 58692.000
   155: 58741.000 58780.000 58836.000 58880.000 59492.000
   160: 59515.000 59545.000 59571.000 59596.000 59617.000
   165: 59643.000 59661.000 59701.000 59755.000 61075.000
   170: 61105.000 61128.000 61150.000 61170.000 61196.000
   175: 61219.000 61259.000 61273.000 62094.000 62111.000
   180: 62133.000 62152.000 62169.000 62203.000 62230.000
   185: 62294.000 62333.000 62354.000 62437.000 62450.000
   190: 63565.000 63598.000 63623.000 63642.000 63669.000
   195: 63688.000 63718.000 63763.000 64913.000 64943.000
   200: 64965.000 64978.000 64988.000 65021.000 65044.000
   205: 65066.000 66118.000 66148.000 66164.000 66186.000
   210: 66209.000 66231.000 66253.000 66276.000 66305.000
   215: 66347.000 66379.000 67864.000 67894.000 67905.000
   220: 67929.000 67950.000 67968.000 68040.000 69050.000
   225: 69097.000 69116.000 69138.000 69155.000 69199.000
   230: 69212.000 69229.000 69262.000 69291.000 69357.000
   235: 72893.000 72926.000 72951.000 72987.000 73037.000
   240: 73050.000 73067.000 73089.000 73152.000 73178.000
   245: 73198.000 75707.000 75740.000 75764.000 75777.000
   250: 75794.000 75820.000 75848.000 75942.000 77695.000
   255: 77725.000 77740.000 77767.000 77799.000 77829.000
   260: 77850.000 77865.000 77913.000 77927.000 77955.000
   265: 77980.000 78013.000 84157.000 84203.000 84402.000
   270: 84420.000 84441.000 84471.000 84492.000 85326.000
   275: 85390.000 85401.000 85422.000 85440.000 85449.000
   280: 85476.000 85501.000 86817.000 86849.000 86869.000
   285: 86946.000 86973.000 86993.000 87013.000 87044.000
   290: 87090.000 88414.000 88462.000 88491.000 88508.000
   295: 88546.000 88573.000 88619.000 88639.000 88661.000
   300: 88678.000 90044.000 90079.000 90094.000 90124.000
   305: 90149.000 90171.000 90192.000 90205.000 90230.000
   310: 91222.000 91254.000 91273.000 91287.000 91299.000
   315: 91325.000 91345.000 91371.000 91410.000 91444.000
   320: 91459.000 91495.000 93009.000 93029.000 93097.000
   325: 93117.000 93132.000 93155.000 93182.000 93202.000
   330: 93251.000 94678.000 94705.000 94763.000 94786.000
   335: 94812.000 94883.000 95229.000 95265.000 95285.000
   340: 95335.000 95358.000 95400.000 95411.000 95478.000
   345: 97025.000 97079.000 97130.000 97152.000 97211.000
   350: 97289.000 97384.000 98141.000 98183.000 98204.000
   355: 98229.000 98252.000 98278.000 98297.000 98310.000
   360: 98336.000 98368.000 98390.000 98416.000 98433.000
   365: 98490.000 106836.000 106857.000 106886.000 106902.000
   370: 106951.000 106969.000 107008.000 107043.000 107108.000
   375: 107134.000 107154.000 107187.000 107248.000 107276.000
   380: 143148.000 143182.000 143201.000 143224.000 143247.000
   385: 143286.000 152932.000 152963.000 153001.000 153024.000
   390: 153092.000 166591.000 166613.000 166627.000 171645.000
   395: 173092.000 173183.000 180537.000 180577.000 180656.000
   400: 180669.000 180688.000 184172.000 184185.000 208887.000
   405: 261575.000 261677.000 261949.000 327491.000 327529.000
   410: 327560.000 327571.000
D:
     0: 13465.000 18784.000 26258.000 28763.000 40991.000
     5: 42823.000 45436.000 47667.000 50757.000 52224.000
    10: 54261.000 55480.000 57025.000 59661.000 61259.000
    15: 62294.000 63763.000 65066.000 66276.000 69229.000
    20: 73089.000 75942.000 77865.000 85501.000 87044.000
    25: 88639.000 90205.000 91371.000 93202.000 95478.000
    30: 98310.000 107043.000
E:
     0: 4422.000 8083.000 8767.000 9633.000 9689.000
     5: 14488.000 16184.000 20863.000 23106.000 23740.000
    10: 25435.000 26426.000 26634.000 26639.000 26653.000
    15: 26657.000 29125.000 30719.000 31100.000 32706.000
    20: 37772.000 39450.000 39452.000 39655.000 41432.000
    25: 43269.000 44766.000 45910.000 47273.000 47899.000
    30: 48738.000 49895.000 50942.000 52402.000 52411.000
    35: 53328.000 54463.000 55845.000 57296.000 57481.000
    40: 58240.000 59163.000 59827.000 59841.000 60252.000
    45: 60812.000 61402.000 62727.000 63838.000 63847.000
    50: 64654.000 65217.000 65785.000 66458.000 67110.000
    55: 68132.000 68398.000 68781.000 69456.000 70084.000
    60: 72357.000 73499.000 75371.000 76208.000 77414.000
    65: 78187.000 80645.000 82443.000 83837.000 84745.000
    70: 85740.000 87196.000 88194.000 88830.000 89465.000
    75: 89767.000 90357.000 90361.000 90929.000 91592.000
    80: 92563.000 93353.000 94326.000 94968.000 95577.000
    85: 96200.000 97503.000 97903.000 98572.000 99459.000
    90: 100182.000 102531.000 105133.000 107349.000 108643.000
    95: 109377.000 113342.000 116126.000 116143.000 120306.000
   100: 128080.000 128103.000 130963.000 140201.000 146082.000
   105: 150505.000 150667.000 153168.000 153336.000 160378.000
   110: 160382.000 172777.000 172782.000 173234.000 180878.000
   115: 183527.000 184483.000 184508.000 191297.000 191313.000
   120: 191334.000 198086.000 204452.000 232725.000 234080.000
   125: 234089.000 247049.000 252140.000 258250.000 263583.000
   130: 263605.000 268690.000 326824.000
Q:
     0: 13274.000 26042.000 28495.000 39209.000 45265.000
     5: 47458.000 54086.000 55269.000 59492.000 61075.000
    10: 63565.000 67864.000 69050.000 75707.000 84157.000
    15: 86817.000 90044.000 94678.000 97025.000 106836.000
    20: 152932.000 166591.000 180537.000 261575.000 327491.000
\300
