File: C:\MED-PC\Data\2019-07-26_08h20m_Subject 19003.txt


Start Date: 07/26/19
End Date: 07/26/19
Subject: 19003
Experiment: fr8
Group: 1
Box: 1
Start Time: 08:20:31
End Time: 09:26:49
MSN: FR8 8p First Lever Laser 50
B:   8.000
F:   2.000
H:  69.000
L:  83.000
R:   4.000
U:   8.000
V:  13.000
A:
     0:    0.000    1.000
C:
     0: 6935.000 7508.000 34855.000 34925.000 34951.000
     5: 36122.000 36377.000 37552.000 37559.000 37576.000
    10: 37591.000 37868.000 37908.000 37921.000 43881.000
    15: 43920.000 43984.000 44015.000 47661.000 78206.000
    20: 82611.000 103498.000 104038.000 104112.000 104288.000
    25: 106510.000 106542.000 108470.000 108500.000 108532.000
    30: 108547.000 108587.000 108623.000 109534.000 109739.000
    35: 110528.000 110582.000 110596.000 110826.000 119024.000
    40: 121816.000 132287.000 136768.000 136782.000 136881.000
    45: 136894.000 136905.000 137017.000 137337.000 137461.000
    50: 170460.000 170468.000 170524.000 191970.000 192725.000
    55: 192737.000 213641.000 214377.000 214464.000 214787.000
    60: 214947.000 214962.000 214992.000 215028.000 215038.000
    65: 215094.000 215104.000 219109.000 219377.000 219773.000
    70: 219789.000 219799.000 219809.000 219843.000 219853.000
    75: 219862.000 267917.000 267936.000 267969.000 286590.000
    80: 328202.000 328213.000 328226.000
D:
     0: 37908.000 137461.000 214947.000 219853.000
E:
     0: 2262.000 2300.000 10515.000 13287.000 13396.000
     5: 19742.000 20005.000 26330.000 29380.000 31782.000
    10: 31807.000 35254.000 35272.000 52768.000 52811.000
    15: 52831.000 52958.000 63617.000 63651.000 64898.000
    20: 64921.000 66141.000 76959.000 78563.000 78568.000
    25: 78597.000 88940.000 101551.000 104820.000 107609.000
    30: 108763.000 108783.000 118703.000 132659.000 137829.000
    35: 137980.000 139612.000 139638.000 140190.000 140547.000
    40: 140620.000 144234.000 145546.000 152996.000 176627.000
    45: 186581.000 186604.000 191497.000 215252.000 217990.000
    50: 219953.000 223303.000 223467.000 223523.000 224888.000
    55: 228058.000 228062.000 232161.000 237500.000 247516.000
    60: 260708.000 274789.000 274807.000 274872.000 276010.000
    65: 276033.000 311923.000 334873.000 339153.000
Q:
     0: 6935.000 36122.000 103498.000 106510.000 109534.000
     5: 170460.000 191970.000 286590.000
