File: C:\MED-PC\Data\2019-07-31_13h52m_Subject 19002.txt


Start Date: 07/31/19
End Date: 07/31/19
Subject: 19002
Experiment: 
Group: 1
Box: 2
Start Time: 13:52:32
End Time: 14:54:07
MSN: FR8 8p First Lever Laser 50
B:   8.000
F:   1.000
H: 199.000
L: 702.000
R:  42.000
U:  53.000
V:  83.000
A:
     0:    0.000    1.000
C:
     0: 7208.000 7267.000 7350.000 7372.000 10471.000
     5: 11792.000 11814.000 11869.000 11912.000 11929.000
    10: 11946.000 11986.000 12147.000 12184.000 12211.000
    15: 12231.000 12259.000 12275.000 12293.000 15481.000
    20: 15550.000 15568.000 15591.000 15605.000 15668.000
    25: 16373.000 16406.000 16424.000 16456.000 16469.000
    30: 16487.000 16549.000 16641.000 16676.000 18540.000
    35: 18658.000 18687.000 18717.000 18757.000 18812.000
    40: 18844.000 20004.000 20029.000 20044.000 20056.000
    45: 20084.000 20209.000 20234.000 20255.000 23176.000
    50: 23237.000 23265.000 23296.000 24688.000 24721.000
    55: 24740.000 24756.000 24802.000 24817.000 24847.000
    60: 24869.000 26933.000 26969.000 27001.000 27028.000
    65: 27040.000 27069.000 27095.000 29478.000 29521.000
    70: 29587.000 29603.000 29618.000 29645.000 29989.000
    75: 30001.000 30022.000 30105.000 30149.000 30166.000
    80: 30183.000 30200.000 30248.000 30266.000 30284.000
    85: 30323.000 31639.000 31676.000 31701.000 31743.000
    90: 31840.000 31858.000 31878.000 32402.000 32690.000
    95: 32902.000 32980.000 33413.000 33429.000 33459.000
   100: 33812.000 34243.000 34351.000 35393.000 39227.000
   105: 39261.000 39339.000 39357.000 39405.000 39813.000
   110: 39837.000 39849.000 39930.000 39946.000 39961.000
   115: 41028.000 41087.000 41101.000 41113.000 41122.000
   120: 41148.000 41185.000 41205.000 41218.000 41255.000
   125: 42255.000 42295.000 42328.000 42341.000 42356.000
   130: 42370.000 42406.000 42434.000 44609.000 45637.000
   135: 45662.000 45714.000 45762.000 45776.000 45801.000
   140: 46059.000 46077.000 46098.000 46121.000 46136.000
   145: 46171.000 46190.000 46696.000 46735.000 46751.000
   150: 46790.000 46816.000 46831.000 46848.000 46860.000
   155: 46872.000 46887.000 46917.000 46957.000 46970.000
   160: 46997.000 48236.000 48254.000 48283.000 48360.000
   165: 51490.000 51511.000 51529.000 51544.000 51564.000
   170: 51613.000 51637.000 51864.000 51897.000 51915.000
   175: 51936.000 51980.000 52058.000 52073.000 52105.000
   180: 53281.000 53313.000 53335.000 53349.000 53384.000
   185: 53415.000 53461.000 54287.000 55503.000 55730.000
   190: 55744.000 55765.000 55828.000 55985.000 56670.000
   195: 56706.000 56734.000 56765.000 56788.000 56808.000
   200: 56831.000 56911.000 56953.000 56969.000 58419.000
   205: 58465.000 58494.000 58535.000 58570.000 58637.000
   210: 58652.000 58670.000 61914.000 61966.000 62027.000
   215: 62067.000 62135.000 62331.000 62377.000 62409.000
   220: 62438.000 62459.000 62483.000 62531.000 63929.000
   225: 63973.000 64054.000 64083.000 64102.000 64148.000
   230: 64195.000 64210.000 66506.000 66648.000 67052.000
   235: 67192.000 67330.000 67952.000 68000.000 68056.000
   240: 68094.000 68135.000 68198.000 68635.000 68667.000
   245: 68706.000 68732.000 68759.000 68994.000 69297.000
   250: 69363.000 69400.000 69448.000 69474.000 69731.000
   255: 69770.000 69784.000 69799.000 69826.000 69867.000
   260: 69878.000 69905.000 69919.000 69934.000 71155.000
   265: 71168.000 71222.000 71241.000 71349.000 72412.000
   270: 72541.000 72889.000 73102.000 73322.000 73612.000
   275: 74132.000 74152.000 74175.000 74230.000 74244.000
   280: 74269.000 74284.000 74313.000 74346.000 75835.000
   285: 75889.000 75910.000 75933.000 75956.000 75990.000
   290: 76011.000 76023.000 77172.000 77200.000 77237.000
   295: 77247.000 77285.000 77310.000 77328.000 77343.000
   300: 78787.000 78820.000 78837.000 78895.000 78929.000
   305: 78969.000 78998.000 80204.000 80590.000 80911.000
   310: 80944.000 80967.000 81000.000 81017.000 81044.000
   315: 88011.000 89251.000 89280.000 89293.000 89336.000
   320: 89372.000 89389.000 89415.000 89679.000 89700.000
   325: 89735.000 89777.000 89795.000 89813.000 89844.000
   330: 89869.000 91226.000 91299.000 91318.000 91357.000
   335: 91816.000 91853.000 91877.000 91909.000 91919.000
   340: 91971.000 91986.000 92022.000 94397.000 94415.000
   345: 94438.000 94449.000 94478.000 94500.000 94517.000
   350: 94547.000 94562.000 94584.000 95567.000 95606.000
   355: 95644.000 95656.000 95675.000 95692.000 95734.000
   360: 95748.000 97494.000 97533.000 97548.000 97573.000
   365: 97589.000 97644.000 97664.000 97676.000 97714.000
   370: 99222.000 99238.000 99261.000 99289.000 99310.000
   375: 99332.000 99373.000 99940.000 99990.000 100013.000
   380: 100043.000 100052.000 100102.000 100123.000 100562.000
   385: 100604.000 100635.000 100669.000 100679.000 100727.000
   390: 100776.000 100795.000 103089.000 104386.000 104458.000
   395: 104500.000 104520.000 104538.000 104554.000 104567.000
   400: 104584.000 105491.000 105541.000 105556.000 105599.000
   405: 105637.000 105675.000 106247.000 106291.000 106327.000
   410: 106346.000 106393.000 106739.000 106777.000 106821.000
   415: 106855.000 106885.000 106901.000 107129.000 107162.000
   420: 107204.000 107234.000 107270.000 107346.000 107965.000
   425: 107984.000 108008.000 108047.000 108065.000 108094.000
   430: 108122.000 108343.000 108389.000 108413.000 108445.000
   435: 108507.000 108557.000 108573.000 108640.000 110373.000
   440: 110413.000 110425.000 110479.000 110521.000 110538.000
   445: 110551.000 110571.000 110592.000 115007.000 115067.000
   450: 115084.000 115107.000 115139.000 115215.000 115231.000
   455: 115281.000 115303.000 115361.000 117537.000 124205.000
   460: 124281.000 124296.000 124373.000 125760.000 125857.000
   465: 125912.000 125983.000 126017.000 126037.000 126046.000
   470: 126675.000 126725.000 126765.000 126815.000 126828.000
   475: 126898.000 127117.000 127209.000 127234.000 127247.000
   480: 127265.000 127326.000 128592.000 128644.000 128684.000
   485: 128710.000 128747.000 128776.000 128786.000 129276.000
   490: 129318.000 129351.000 129367.000 129435.000 129456.000
   495: 129487.000 129926.000 130247.000 132526.000 132576.000
   500: 136127.000 139786.000 139830.000 139855.000 139867.000
   505: 139903.000 139919.000 139936.000 139966.000 139980.000
   510: 140002.000 140019.000 140033.000 140056.000 140070.000
   515: 144718.000 146683.000 149325.000 149344.000 149587.000
   520: 149832.000 149858.000 149886.000 149912.000 149928.000
   525: 149941.000 149959.000 149995.000 150010.000 151039.000
   530: 151095.000 151116.000 151138.000 151162.000 151209.000
   535: 151220.000 151245.000 153485.000 153560.000 153573.000
   540: 153778.000 153800.000 153827.000 153849.000 153864.000
   545: 153880.000 153919.000 157127.000 157382.000 157660.000
   550: 157690.000 157711.000 158322.000 158372.000 158387.000
   555: 158417.000 158439.000 158450.000 160773.000 160822.000
   560: 160873.000 160934.000 160953.000 163399.000 163441.000
   565: 170503.000 182556.000 182811.000 186698.000 186718.000
   570: 186755.000 194633.000 194670.000 198215.000 198738.000
   575: 198906.000 199118.000 199151.000 199168.000 199185.000
   580: 199199.000 200994.000 201024.000 201061.000 201076.000
   585: 201112.000 201150.000 201178.000 202118.000 202557.000
   590: 202579.000 202619.000 202637.000 202649.000 202700.000
   595: 202820.000 202843.000 202861.000 211119.000 211133.000
   600: 211318.000 211334.000 211516.000 211543.000 213143.000
   605: 213158.000 213184.000 213226.000 213230.000 213255.000
   610: 213302.000 215111.000 215185.000 215200.000 215257.000
   615: 215274.000 216498.000 216548.000 216574.000 216596.000
   620: 216622.000 216807.000 216902.000 216923.000 216937.000
   625: 226969.000 227092.000 233237.000 233339.000 233351.000
   630: 233408.000 233725.000 233747.000 239716.000 239758.000
   635: 243340.000 244649.000 247327.000 247464.000 247505.000
   640: 247541.000 247554.000 247591.000 247605.000 249567.000
   645: 249666.000 249698.000 249712.000 252735.000 253066.000
   650: 253138.000 253173.000 253214.000 253229.000 255833.000
   655: 256353.000 256377.000 256400.000 256429.000 256460.000
   660: 256491.000 256511.000 256530.000 262818.000 262901.000
   665: 262925.000 262996.000 263009.000 269315.000 269354.000
   670: 269367.000 269406.000 269480.000 270466.000 274886.000
   675: 274990.000 282198.000 284318.000 288395.000 291062.000
   680: 296944.000 300239.000 301966.000 313581.000 315686.000
   685: 318206.000 318220.000 323835.000 323876.000 323928.000
   690: 323980.000 324021.000 324041.000 331395.000 331422.000
   695: 331454.000 331488.000 343204.000 351048.000 351137.000
   700: 351536.000 359285.000
D:
     0: 12147.000 16641.000 20255.000 24869.000 30001.000
     5: 39849.000 41205.000 42434.000 46860.000 52105.000
    10: 56911.000 58670.000 62409.000 64210.000 69905.000
    15: 74313.000 76023.000 77343.000 81044.000 89679.000
    20: 92022.000 94547.000 95748.000 97676.000 100795.000
    25: 104584.000 108640.000 110571.000 115281.000 127209.000
    30: 129926.000 139936.000 149928.000 151245.000 153864.000
    35: 158387.000 199168.000 202820.000 213158.000 216923.000
    40: 247591.000 256511.000
E:
     0: 1745.000 3257.000 4511.000 4771.000 9879.000
     5: 9882.000 10261.000 11424.000 12420.000 12785.000
    10: 13362.000 14642.000 15056.000 15794.000 17207.000
    15: 17212.000 19112.000 19559.000 20464.000 21453.000
    20: 22468.000 24148.000 25198.000 26514.000 27238.000
    25: 28146.000 28166.000 28631.000 29087.000 30434.000
    30: 31227.000 32112.000 33092.000 35797.000 38865.000
    35: 40093.000 41395.000 41975.000 42961.000 43717.000
    40: 43763.000 44098.000 44760.000 45355.000 45942.000
    45: 45951.000 45955.000 46334.000 47120.000 47741.000
    50: 48503.000 50159.000 50639.000 51265.000 51777.000
    55: 52225.000 52253.000 52754.000 53624.000 55364.000
    60: 56138.000 56167.000 57088.000 57954.000 58819.000
    65: 59900.000 60478.000 61058.000 61067.000 62643.000
    70: 63656.000 64375.000 65125.000 65572.000 67814.000
    75: 68342.000 68895.000 69635.000 70058.000 71597.000
    80: 71655.000 71941.000 73948.000 74472.000 76177.000
    85: 76919.000 77475.000 78596.000 79470.000 79488.000
    90: 79858.000 81237.000 82312.000 82685.000 88356.000
    95: 89019.000 89966.000 91490.000 92343.000 93638.000
   100: 93898.000 94119.000 94730.000 95277.000 95871.000
   105: 96847.000 96988.000 97851.000 99558.000 100269.000
   110: 100932.000 102381.000 103715.000 103928.000 104726.000
   115: 105794.000 106577.000 107036.000 107521.000 108245.000
   120: 108783.000 109954.000 110758.000 114310.000 114704.000
   125: 115506.000 118016.000 118696.000 118697.000 124542.000
   130: 125120.000 126233.000 126363.000 127544.000 128968.000
   135: 130373.000 131718.000 135660.000 140181.000 143477.000
   140: 148653.000 150137.000 151674.000 154065.000 156755.000
   145: 158595.000 161100.000 168403.000 170009.000 178961.000
   150: 186062.000 187887.000 189758.000 199535.000 200277.000
   155: 201324.000 203058.000 204274.000 208041.000 208529.000
   160: 213413.000 215631.000 217395.000 221388.000 226561.000
   165: 231876.000 233516.000 238659.000 238667.000 242778.000
   170: 247925.000 249031.000 251795.000 253497.000 256665.000
   175: 256676.000 256683.000 256738.000 257650.000 258724.000
   180: 263141.000 267267.000 268933.000 269027.000 271584.000
   185: 281671.000 284040.000 290341.000 305764.000 317818.000
   190: 318117.000 323604.000 324248.000 331175.000 333821.000
   195: 347340.000 349099.000 358175.000 358198.000
Q:
     0: 7208.000 11792.000 18540.000 20004.000 26933.000
     5: 31639.000 32402.000 41028.000 44609.000 46059.000
    10: 48236.000 51864.000 53281.000 55503.000 61914.000
    15: 63929.000 68635.000 68994.000 72412.000 74132.000
    20: 78787.000 88011.000 91226.000 94397.000 97494.000
    25: 99940.000 100562.000 104386.000 106739.000 107965.000
    30: 110373.000 117537.000 124205.000 128592.000 132526.000
    35: 136127.000 149325.000 157127.000 163399.000 170503.000
    40: 186698.000 200994.000 215111.000 226969.000 233237.000
    45: 239716.000 252735.000 255833.000 269315.000 284318.000
    50: 313581.000 318206.000 343204.000 359285.000
