File: C:\MED-PC\Data\2019-07-25_15h33m_Subject 19012.txt


Start Date: 07/25/19
End Date: 07/25/19
Subject: 19012
Experiment: fr8
Group: 0
Box: 1
Start Time: 15:33:11
End Time: 16:35:11
MSN: FR8 8p First Lever Laser 50
B:   8.000
F:   2.000
H: 284.000
L: 1098.000
R:  90.000
U:  60.000
V: 233.000
A:
     0:    0.000    1.000
C:
     0: 7403.000 7470.000 7491.000 7504.000 7661.000
     5: 10646.000 10758.000 10783.000 10802.000 10840.000
    10: 10873.000 10896.000 11001.000 11021.000 11048.000
    15: 11076.000 11086.000 11120.000 13512.000 13546.000
    20: 13570.000 13590.000 13613.000 13636.000 13694.000
    25: 13718.000 13738.000 13765.000 13798.000 15336.000
    30: 15370.000 15414.000 15442.000 15471.000 15512.000
    35: 15539.000 15565.000 15593.000 17650.000 17731.000
    40: 17753.000 17790.000 17846.000 21383.000 21423.000
    45: 21447.000 21460.000 21487.000 21528.000 21574.000
    50: 21606.000 21624.000 24591.000 24629.000 24648.000
    55: 24661.000 24691.000 24723.000 24746.000 24769.000
    60: 24825.000 24849.000 24901.000 24941.000 26634.000
    65: 26728.000 26757.000 26780.000 26799.000 26811.000
    70: 26829.000 26862.000 26927.000 26991.000 30230.000
    75: 30262.000 30322.000 30344.000 30371.000 30433.000
    80: 30465.000 30489.000 30802.000 30819.000 30837.000
    85: 30860.000 32576.000 32594.000 32612.000 32632.000
    90: 32653.000 32679.000 32699.000 32733.000 32839.000
    95: 36745.000 36787.000 36805.000 36830.000 36854.000
   100: 36900.000 36929.000 36951.000 36974.000 38834.000
   105: 38865.000 38884.000 38906.000 38928.000 38951.000
   110: 38973.000 38999.000 39022.000 39055.000 39085.000
   115: 39164.000 40265.000 40301.000 40316.000 40340.000
   120: 40357.000 40384.000 40403.000 40419.000 40443.000
   125: 40475.000 40519.000 40617.000 41720.000 41753.000
   130: 41779.000 41792.000 41817.000 41838.000 41852.000
   135: 41868.000 41884.000 41900.000 41926.000 41963.000
   140: 41987.000 42005.000 42070.000 42097.000 43115.000
   145: 43171.000 43191.000 43202.000 43222.000 43240.000
   150: 43260.000 43284.000 43313.000 43338.000 43357.000
   155: 43375.000 43397.000 43423.000 43476.000 43504.000
   160: 43577.000 43589.000 44156.000 44236.000 44255.000
   165: 44278.000 44305.000 44359.000 44408.000 44541.000
   170: 50886.000 50934.000 50943.000 50963.000 50979.000
   175: 51006.000 51027.000 51044.000 51079.000 51100.000
   180: 51130.000 51153.000 52859.000 52876.000 52902.000
   185: 52928.000 52961.000 52982.000 53010.000 53043.000
   190: 53071.000 53133.000 55385.000 55403.000 55418.000
   195: 55444.000 55462.000 55498.000 55533.000 55544.000
   200: 55567.000 55596.000 55634.000 55661.000 55705.000
   205: 56822.000 56860.000 56878.000 56894.000 56935.000
   210: 56961.000 56983.000 57008.000 57025.000 57051.000
   215: 57071.000 57098.000 57116.000 57191.000 58593.000
   220: 58642.000 58667.000 58683.000 58712.000 58733.000
   225: 58745.000 58769.000 58809.000 58839.000 58869.000
   230: 58910.000 58924.000 58976.000 59745.000 59782.000
   235: 59814.000 59837.000 59862.000 59913.000 59931.000
   240: 59951.000 59989.000 60006.000 60033.000 60072.000
   245: 60146.000 61838.000 62722.000 62755.000 62777.000
   250: 62797.000 62820.000 62844.000 62857.000 62887.000
   255: 62923.000 62951.000 64429.000 64475.000 64514.000
   260: 64537.000 64570.000 64605.000 64628.000 64660.000
   265: 64684.000 64703.000 65598.000 65667.000 65689.000
   270: 65706.000 65721.000 65743.000 65797.000 65820.000
   275: 65856.000 65881.000 67962.000 67987.000 68011.000
   280: 68038.000 68053.000 68077.000 68097.000 68121.000
   285: 68149.000 68168.000 68242.000 68275.000 69513.000
   290: 69551.000 69573.000 69603.000 69633.000 69662.000
   295: 69691.000 69721.000 69776.000 69795.000 70504.000
   300: 70551.000 70597.000 70605.000 70637.000 70658.000
   305: 70676.000 70694.000 70719.000 70744.000 70764.000
   310: 70819.000 70880.000 71622.000 71663.000 71674.000
   315: 71700.000 71738.000 71754.000 71802.000 71822.000
   320: 71842.000 71874.000 71929.000 71945.000 71970.000
   325: 72094.000 72993.000 73008.000 73053.000 73086.000
   330: 73106.000 73124.000 73144.000 73180.000 73221.000
   335: 73304.000 73333.000 73361.000 73403.000 73432.000
   340: 73497.000 76724.000 76772.000 76799.000 76825.000
   345: 76854.000 76868.000 76895.000 76941.000 76964.000
   350: 76987.000 77013.000 78319.000 78335.000 78375.000
   355: 78394.000 78413.000 78436.000 78462.000 78484.000
   360: 78508.000 78537.000 78583.000 78613.000 78678.000
   365: 79529.000 79586.000 79615.000 79655.000 79694.000
   370: 79705.000 79725.000 79739.000 79751.000 79793.000
   375: 79826.000 79908.000 83788.000 83819.000 83838.000
   380: 83863.000 83883.000 83905.000 83922.000 83947.000
   385: 83963.000 84044.000 84939.000 85035.000 85054.000
   390: 85075.000 85098.000 85121.000 85143.000 85159.000
   395: 85179.000 86333.000 86683.000 86746.000 86771.000
   400: 88396.000 88441.000 88458.000 88468.000 88493.000
   405: 88525.000 88556.000 88578.000 88594.000 88646.000
   410: 89471.000 89573.000 89599.000 89621.000 89638.000
   415: 89655.000 89675.000 89704.000 89736.000 89763.000
   420: 89781.000 89795.000 89828.000 95768.000 95797.000
   425: 95818.000 95867.000 96218.000 96256.000 96305.000
   430: 96330.000 96357.000 96398.000 96422.000 96495.000
   435: 97223.000 97277.000 97298.000 97317.000 97341.000
   440: 97361.000 97381.000 97433.000 97556.000 97576.000
   445: 97612.000 97625.000 98449.000 98539.000 98568.000
   450: 98583.000 98600.000 98641.000 98666.000 98681.000
   455: 98707.000 98778.000 100341.000 100386.000 100534.000
   460: 100557.000 100575.000 100581.000 100610.000 100645.000
   465: 101333.000 101368.000 101410.000 101449.000 101478.000
   470: 101499.000 101522.000 101545.000 101601.000 101617.000
   475: 101637.000 101725.000 101757.000 104568.000 104617.000
   480: 104651.000 104659.000 104688.000 104724.000 104748.000
   485: 104769.000 104788.000 104806.000 104836.000 104879.000
   490: 104938.000 104966.000 105620.000 105663.000 105715.000
   495: 105739.000 105759.000 105783.000 105811.000 105825.000
   500: 105848.000 105866.000 105900.000 105921.000 105975.000
   505: 114185.000 114214.000 114244.000 114261.000 114292.000
   510: 114319.000 114354.000 114382.000 114408.000 114473.000
   515: 115414.000 115474.000 115508.000 115548.000 115570.000
   520: 115584.000 115614.000 115638.000 115681.000 115696.000
   525: 115757.000 116558.000 116622.000 116635.000 116663.000
   530: 116675.000 116706.000 116732.000 117288.000 117330.000
   535: 117354.000 117384.000 117419.000 117455.000 117481.000
   540: 117519.000 119962.000 120011.000 120033.000 120063.000
   545: 120099.000 120170.000 120836.000 134519.000 134562.000
   550: 134589.000 135154.000 135170.000 135185.000 135200.000
   555: 135218.000 135228.000 135252.000 135275.000 135286.000
   560: 135328.000 135375.000 135431.000 138814.000 138862.000
   565: 138883.000 138893.000 138930.000 138955.000 139420.000
   570: 139464.000 139698.000 139721.000 139731.000 139750.000
   575: 139780.000 139805.000 139831.000 139852.000 139922.000
   580: 139965.000 141292.000 141322.000 141342.000 141369.000
   585: 141409.000 141427.000 141455.000 141484.000 141577.000
   590: 142809.000 142856.000 142886.000 142912.000 142950.000
   595: 142978.000 143117.000 143186.000 143682.000 143718.000
   600: 143733.000 143756.000 143781.000 143803.000 143831.000
   605: 143855.000 143874.000 143930.000 144020.000 144064.000
   610: 144088.000 145033.000 145061.000 145228.000 145265.000
   615: 145287.000 145328.000 145362.000 145381.000 145426.000
   620: 145542.000 146168.000 146221.000 146246.000 146274.000
   625: 146320.000 146348.000 146399.000 146525.000 146544.000
   630: 146557.000 146594.000 149269.000 149420.000 149439.000
   635: 149458.000 149493.000 149526.000 149543.000 149571.000
   640: 149607.000 149630.000 160096.000 160154.000 160171.000
   645: 160190.000 160211.000 160237.000 160265.000 160314.000
   650: 161828.000 161887.000 161903.000 161995.000 162028.000
   655: 162049.000 162068.000 162175.000 165437.000 165468.000
   660: 165488.000 165492.000 165520.000 165543.000 165558.000
   665: 165585.000 165599.000 165628.000 165658.000 165680.000
   670: 165693.000 178998.000 179040.000 179054.000 179091.000
   675: 179145.000 179176.000 179201.000 179301.000 181631.000
   680: 181678.000 181720.000 181777.000 181810.000 181826.000
   685: 181836.000 181859.000 182954.000 183016.000 183040.000
   690: 183054.000 183069.000 183096.000 183117.000 183122.000
   695: 183145.000 183163.000 183179.000 183234.000 184361.000
   700: 184438.000 184473.000 184536.000 184579.000 184618.000
   705: 184718.000 184757.000 190788.000 190823.000 190850.000
   710: 190869.000 190897.000 190945.000 191090.000 193687.000
   715: 193718.000 204353.000 204414.000 204434.000 204461.000
   720: 204491.000 204518.000 204540.000 204909.000 204947.000
   725: 205057.000 205081.000 205372.000 205413.000 205430.000
   730: 205448.000 205472.000 205534.000 205566.000 205584.000
   735: 205613.000 214840.000 214880.000 214938.000 214960.000
   740: 214980.000 215050.000 215070.000 216849.000 216972.000
   745: 217221.000 217255.000 217276.000 217419.000 217442.000
   750: 217499.000 217536.000 217552.000 219037.000 219114.000
   755: 219144.000 219166.000 219197.000 219220.000 219246.000
   760: 219277.000 219328.000 220738.000 220755.000 220774.000
   765: 220853.000 220882.000 220908.000 220941.000 220965.000
   770: 221000.000 221068.000 221151.000 221167.000 221992.000
   775: 222035.000 222063.000 222083.000 222110.000 222127.000
   780: 222148.000 222182.000 222218.000 222251.000 222298.000
   785: 223719.000 223751.000 223776.000 223814.000 223834.000
   790: 223879.000 223996.000 224454.000 224478.000 224516.000
   795: 224529.000 224552.000 224575.000 224598.000 224622.000
   800: 224638.000 225390.000 225448.000 225470.000 225489.000
   805: 225516.000 225609.000 225657.000 226251.000 226316.000
   810: 226351.000 226375.000 226410.000 226462.000 226495.000
   815: 226532.000 229610.000 229651.000 229765.000 229797.000
   820: 229818.000 229838.000 229858.000 229930.000 229950.000
   825: 230612.000 230642.000 230672.000 230709.000 230731.000
   830: 230756.000 230776.000 230804.000 230855.000 234773.000
   835: 234922.000 234951.000 234961.000 234973.000 234983.000
   840: 235020.000 235048.000 235104.000 238105.000 238145.000
   845: 238240.000 238252.000 239199.000 239264.000 239287.000
   850: 239316.000 239344.000 239363.000 239405.000 243184.000
   855: 243233.000 243255.000 243275.000 243293.000 243327.000
   860: 243354.000 243412.000 243450.000 245851.000 245888.000
   865: 245905.000 245928.000 245954.000 246024.000 246347.000
   870: 246376.000 246398.000 246419.000 246443.000 246469.000
   875: 246503.000 246529.000 247469.000 247512.000 247547.000
   880: 247567.000 247587.000 247615.000 247650.000 247678.000
   885: 247733.000 263293.000 270910.000 276130.000 276215.000
   890: 278792.000 278818.000 278840.000 278867.000 278890.000
   895: 278922.000 278954.000 278978.000 279058.000 281256.000
   900: 281296.000 281321.000 281346.000 281365.000 281378.000
   905: 281403.000 281429.000 281445.000 281498.000 283302.000
   910: 283344.000 283370.000 283384.000 283406.000 283427.000
   915: 283448.000 283471.000 284984.000 285011.000 285052.000
   920: 285074.000 285120.000 285163.000 285196.000 285239.000
   925: 285262.000 286098.000 286188.000 286216.000 286313.000
   930: 286339.000 286346.000 289820.000 289834.000 289898.000
   935: 289919.000 290074.000 290093.000 290125.000 290139.000
   940: 300348.000 300730.000 300747.000 308120.000 308161.000
   945: 308198.000 308234.000 308304.000 308319.000 308344.000
   950: 309255.000 309309.000 309397.000 313866.000 313918.000
   955: 313938.000 313958.000 313978.000 314000.000 314030.000
   960: 314056.000 314119.000 314206.000 316143.000 316192.000
   965: 316211.000 316234.000 316259.000 316291.000 316328.000
   970: 316358.000 316380.000 316407.000 316443.000 316497.000
   975: 319461.000 319671.000 319699.000 319753.000 319829.000
   980: 320178.000 320211.000 320233.000 320252.000 320275.000
   985: 320303.000 320322.000 320342.000 324154.000 324194.000
   990: 325516.000 325563.000 325581.000 325626.000 325651.000
   995: 325670.000 325684.000 325714.000 327877.000 327890.000
  1000: 327930.000 327954.000 327979.000 327994.000 328013.000
  1005: 328027.000 328045.000 328061.000 328077.000 328101.000
  1010: 328126.000 328165.000 328786.000 328841.000 328880.000
  1015: 328897.000 328917.000 331970.000 332018.000 332039.000
  1020: 333105.000 333116.000 333145.000 333235.000 333266.000
  1025: 333292.000 333312.000 333336.000 333352.000 333462.000
  1030: 334643.000 334658.000 334686.000 334711.000 334733.000
  1035: 334756.000 334771.000 334795.000 334820.000 334842.000
  1040: 334899.000 335726.000 335774.000 335789.000 335804.000
  1045: 335822.000 335844.000 335868.000 335891.000 335959.000
  1050: 336010.000 345171.000 345221.000 345256.000 345275.000
  1055: 345313.000 345336.000 345372.000 345394.000 345419.000
  1060: 347759.000 347800.000 347846.000 347888.000 347917.000
  1065: 347938.000 347969.000 347996.000 348081.000 348865.000
  1070: 348910.000 348935.000 348971.000 348997.000 349018.000
  1075: 349033.000 349065.000 349079.000 349099.000 349132.000
  1080: 349201.000 353199.000 353234.000 353258.000 353275.000
  1085: 353291.000 353327.000 353345.000 353361.000 353418.000
  1090: 353450.000 353478.000 353510.000 354015.000 354091.000
  1095: 354115.000 354139.000 354164.000
D:
     0: 11001.000 13718.000 15565.000 21606.000 24769.000
     5: 26862.000 30489.000 32733.000 36951.000 38999.000
    10: 40419.000 41868.000 43284.000 44541.000 51044.000
    15: 53043.000 55544.000 57008.000 58769.000 59951.000
    20: 62887.000 64660.000 65820.000 68121.000 69721.000
    25: 70694.000 71822.000 73180.000 76941.000 78484.000
    30: 79739.000 83947.000 85159.000 88578.000 89704.000
    35: 96495.000 97433.000 98681.000 100645.000 101545.000
    40: 104769.000 105825.000 114382.000 115638.000 117519.000
    45: 135275.000 139805.000 141484.000 143186.000 143855.000
    50: 145381.000 146525.000 149571.000 160314.000 162175.000
    55: 165585.000 179301.000 181859.000 183122.000 184757.000
    60: 205584.000 217552.000 219277.000 220965.000 222182.000
    65: 224622.000 226532.000 229930.000 230804.000 235048.000
    70: 243412.000 246529.000 247678.000 278978.000 281429.000
    75: 283471.000 285239.000 290139.000 314056.000 316358.000
    80: 320342.000 325714.000 328027.000 333336.000 334795.000
    85: 335891.000 345394.000 347996.000 349065.000 353361.000
E:
     0: 4898.000 7928.000 11223.000 11549.000 12642.000
     5: 14153.000 16083.000 16091.000 16832.000 16850.000
    10: 17122.000 19475.000 20437.000 21782.000 21790.000
    15: 21794.000 21821.000 25101.000 26231.000 26350.000
    20: 27185.000 27909.000 27948.000 29405.000 29801.000
    25: 31009.000 31759.000 32981.000 36103.000 37088.000
    30: 37109.000 37902.000 38583.000 39285.000 39836.000
    35: 40717.000 41196.000 41250.000 41263.000 42201.000
    40: 42214.000 43684.000 44645.000 45879.000 50164.000
    45: 51245.000 51864.000 51923.000 52227.000 53225.000
    50: 53230.000 53241.000 54873.000 55807.000 56459.000
    55: 57280.000 57978.000 59046.000 60220.000 60878.000
    60: 62147.000 62409.000 63030.000 63956.000 64969.000
    65: 66051.000 67246.000 67250.000 67443.000 68401.000
    70: 69162.000 69883.000 70988.000 72192.000 73581.000
    75: 75674.000 75681.000 76225.000 77111.000 77910.000
    80: 78774.000 80051.000 82216.000 82603.000 84109.000
    85: 85368.000 86863.000 88089.000 88739.000 89239.000
    90: 89966.000 95083.000 95963.000 96574.000 97709.000
    95: 98892.000 99988.000 100763.000 101838.000 104144.000
   100: 105038.000 106049.000 108920.000 111430.000 111446.000
   105: 111558.000 112051.000 113834.000 114611.000 115849.000
   110: 116927.000 117682.000 119678.000 119765.000 120260.000
   115: 124077.000 127559.000 129747.000 133884.000 134706.000
   120: 135511.000 136816.000 138022.000 139118.000 140043.000
   125: 141141.000 141668.000 142616.000 143271.000 144227.000
   130: 145605.000 146666.000 148565.000 148702.000 149722.000
   135: 149728.000 155029.000 157259.000 159044.000 160512.000
   140: 160546.000 160563.000 160746.000 161328.000 162248.000
   145: 165012.000 165831.000 166947.000 171341.000 175531.000
   150: 177188.000 178760.000 179384.000 181189.000 182002.000
   155: 182322.000 183306.000 183434.000 183439.000 183468.000
   160: 184006.000 184838.000 188884.000 190523.000 191223.000
   165: 193452.000 199153.000 202928.000 204227.000 204694.000
   170: 205203.000 205673.000 205690.000 205698.000 209739.000
   175: 214415.000 215256.000 215288.000 217050.000 217079.000
   180: 217105.000 217675.000 218635.000 219407.000 220444.000
   185: 221243.000 222368.000 223362.000 224116.000 224873.000
   190: 225774.000 226660.000 229314.000 230034.000 230984.000
   195: 234168.000 235200.000 236995.000 238414.000 238669.000
   200: 239563.000 243050.000 243619.000 245325.000 246131.000
   205: 246672.000 246688.000 246694.000 247929.000 253046.000
   210: 254688.000 254718.000 254790.000 262713.000 263589.000
   215: 265525.000 275837.000 278485.000 279152.000 280874.000
   220: 280885.000 281566.000 282682.000 282946.000 283613.000
   225: 284524.000 285387.000 286445.000 287577.000 289535.000
   230: 290262.000 290299.000 290310.000 290318.000 297830.000
   235: 300132.000 300165.000 300838.000 308413.000 308449.000
   240: 308636.000 309450.000 309462.000 309482.000 314271.000
   245: 314295.000 314305.000 315784.000 315799.000 315806.000
   250: 316596.000 319063.000 319905.000 319926.000 320444.000
   255: 320457.000 320462.000 325102.000 325877.000 327559.000
   260: 328267.000 328979.000 330730.000 330777.000 330790.000
   265: 331599.000 331637.000 332130.000 332740.000 333598.000
   270: 334283.000 334971.000 336100.000 342829.000 344981.000
   275: 345508.000 347422.000 348139.000 349304.000 352614.000
   280: 353579.000 354319.000 355926.000 358184.000
Q:
     0: 10646.000 13512.000 17650.000 24591.000 30230.000
     5: 38834.000 41720.000 43115.000 50886.000 55385.000
    10: 59745.000 62722.000 65598.000 67962.000 70504.000
    15: 76724.000 78319.000 84939.000 88396.000 89471.000
    20: 96218.000 98449.000 101333.000 105620.000 115414.000
    25: 117288.000 120836.000 135154.000 139420.000 142809.000
    30: 145033.000 149269.000 161828.000 178998.000 184361.000
    35: 193687.000 204353.000 205372.000 217221.000 220738.000
    40: 221992.000 224454.000 229610.000 234773.000 238105.000
    45: 245851.000 246347.000 270910.000 278792.000 283302.000
    50: 286098.000 300348.000 308120.000 313866.000 319461.000
    55: 324154.000 328786.000 333105.000 334643.000 347759.000
    60: 353199.000
\300
